1 1 0.1336682456140351 0.8830245874999999 0.11725277192982456 0.872128353125 0.23191596240601503 0.8759946781249999 0.24958446365914785 0.8732157624999999 0.27049116290726816 0.89526684375 0.24685255889724309 0.8950039343749999 0.21627374185463658 0.905098384375 0.19341155639097743 0.9139609515625 0.1918490902255639 0.9093990765625 0.2148454962406015 0.92054344375 0.23928940852130326 0.95054035625 0.2570808045112782 0.955784765625 0.26858382205513787 1 0.2709027343358396 1 0.1336682456140351
1 0.767437609375 0.1567240501253133 0.76206585 0.15652350125313283 0.7293901875000001 0.18088021804511278 0.716521184375 0.2140860501253133 0.717056875 0.24654468922305764 0.7279822796875 0.26691481453634086 0.7222568453125 0.299139701754386 0.7291901375000001 0.3692663909774436 0.721468646875 0.4263695588972431 0.7409873140625 0.4570416240601504 0.7513663609375001 0.5135729122807018 0.776549709375 0.5224560100250627 0.7971697765625 0.525349679197995 0.8191042203125001 0.4911490200501253 0.8452628703125 0.467580686716792 0.8454058375000001 0.46495953634085213 0.807443521875 0.44080808270676697 0.780508328125 0.33624837092731824 0.7664523625 0.3157613684210526 0.7786909859375 0.3099800827067669 0.787231790625 0.2915843408521303 0.7982518859375001 0.2520712807017544 0.802443603125 0.1998268947368421 0.7883036156250001 0.17060327568922307 0.767437609375 0.1567240501253133
1 0.9183777640624999 0.09763329072681705 0.9106037296875 0.08699154636591479 0.9106675718749999 0.06938963157894737 0.9008830546875 0.05686291979949874 0.8889900671875001 0.055193944862155384 0.8528112171875 0.0524910977443609 0.8395873187499999 0.06533698997493734 0.8021333234375 0.052477914786967415 0.7771031921875 0.06066892731829574 0.7535265453125 0.04507374185463659 0.7168753578125 0.042335604010025056 0.7093046171874999 0.05585470175438596 0.6949754109375 0.3185651929824561 0.726788809375 0.3625117844611529 0.7235004359375 0.4075404461152883 0.7297397265625001 0.4105218120300752 0.732512828125 0.4433168596491228 0.7414811796875 0.4445754135338346 0.7436892109375 0.4417468370927318 0.7516547734375 0.3995828395989975 0.748785940625 0.32894177443609024 0.7631367234375 0.24952619047619048 0.79679034375 0.23317608020050126 0.8172436109375001 0.1944602506265664 0.8515825187500001 0.2045713634085213 0.8594386374999999 0.19258207268170427 0.8781656343750001 0.19901161152882205 0.9016610249999999 0.18316022055137846 0.9172546953125 0.19187091228070174 0.9183777640624999 0.09763329072681705
1 0.39877076875 0 0.42198084218750004 0.018111350877192983 0.45303290937499996 0.021250070175438597 0.4730882890625 0 0.39877076875 0
1 0.1253838171875 0.14887394235588972 0.10173022031250001 0.123947343358396 0.100593721875 0.14478380200501254 0.1240744953125 0.18522112781954886 0.1167331140625 0.26007611528822056 0.12330493125 0.346024328320802 0.133258225 0.36059188220551375 0.1419773046875 0.3524461979949875 0.1459714 0.4005001077694236 0.15514999375 0.4075790852130326 0.15800377031249999 0.40797956140350883 0.163118103125 0.4042945513784461 0.1633366953125 0.3892301929824562 0.15226073125 0.2903782456140351 0.16687063124999998 0.14568971679197995 0.156373096875 0.11474408771929824 0.1644386390625 0.0977525112781955 0.1631315625 0.08006072431077695 0.144844903125 0.06801240852130326 0.1434155296875 0.0679056215538847 0.1317437703125 0.08776959649122806 0.134357925 0.12315317042606516 0.1253838171875 0.14887394235588972
1 0.298262140625 0.28929124060150374 0.3040088109375 0.2923542882205514 0.30608953906249997 0.303002701754386 0.3230430125 0.29357414536340853 0.32307678125 0.2929550426065163 0.3221610109375 0.29264503508771933 0.298262140625 0.28929124060150374
1 0.33674440781250004 0.40884776441102755 0.3493692515625 0.40810360401002505 0.3574944125 0.3928908746867168 0.3272162578125 0.33360787719298246 0.32215745625 0.33289796240601505 0.2921167015625 0.37239496741854633 0.32031195156250003 0.3964783984962406 0.33016850781249996 0.3903140776942356 0.33674440781250004 0.40884776441102755
1 0.8918737828125 0.48743365664160404 0.8894651640625 0.5398111553884711 0.86001475625 0.594420954887218 0.8505972421875001 0.6385601453634085 0.8631376218750001 0.6912212706766917 0.9009473328125001 0.7135059674185463 0.9101137781249999 0.714792320802005 0.96400846875 0.6772709799498746 0.9643227328125 0.6715092857142857 0.9506828109375001 0.6463419473684211 0.95493411875 0.5766121629072681 0.9437922578125001 0.547901373433584 0.9542430140624999 0.5088803032581454 0.9527030140624999 0.49368626817042605 0.9398599453125 0.47357146115288223 0.91913765625 0.464550045112782 0.915628278125 0.46418931829573934 0.9042495390624999 0.4674051253132832 0.8918737828125 0.48743365664160404
1 0.795303984375 0.5211796691729323 0.7920252671875 0.5234370025062657 0.786266553125 0.6290167919799499 0.798076671875 0.6514639022556391 0.8051839921875 0.6968910977443609 0.831414403125 0.7068482180451128 0.8422835843750001 0.6849488696741854 0.8376278890625001 0.6362017644110276 0.8541357046875 0.6090603157894736 0.8565065437499999 0.5843078320802005 0.841310003125 0.5235057218045113 0.8354414968749999 0.520657097744361 0.8208327093750001 0.518607007518797 0.8074792437499999 0.5310214035087719 0.795303984375 0.5211796691729323
1 0.782970584375 0.6031763032581454 0.7744496046875 0.5825414385964912 0.772603196875 0.5822823258145363 0.76912210625 0.5976993483709273 0.7526180859375 0.6132782180451128 0.7410532609375 0.6184852255639098 0.72803793125 0.6056727769423559 0.7105050140625 0.6071163784461152 0.705609940625 0.6253447919799499 0.70499128125 0.6318550626566416 0.7098321546874999 0.6474804060150375 0.7320180875 0.6469973157894737 0.75278844375 0.6614106090225563 0.7810620265625 0.6381676441102757 0.782970584375 0.6031763032581454
1 0.9261807828125 0.7669210476190477 0.9375814468750001 0.7661333984962406 0.930000515625 0.7583281403508771 0.9290762109375 0.7199692080200502 0.928809859375 0.7199318320802004 0.9283623734375 0.7269239273182957 0.9261807828125 0.7669210476190477
1 0.9568773265624999 0.7776466766917294 0.954524625 0.7833073157894738 0.933065125 0.7562620451127819 0.932297775 0.7562620426065163 0.9259505578124999 0.7711419699248121 0.9246835640625 0.7943709248120301 0.9255079578125001 0.7996602706766918 0.9480682296875 0.8358471729323308 0.9483819656250001 0.8358912005012531 0.9568773281249999 0.819786984962406 0.9568773265624999 0.7776466766917294
1 0.9125958828125 0.8434484385964912 0.9186077125000001 0.8442920952380952 0.9289520203125001 0.8366074887218046 0.9603280281250001 0.8361511854636592 0.97692955 0.8497711704260652 0.9829309984375 0.8388819749373434 0.972330925 0.8143727944862156 0.9426358828125 0.8124319724310777 0.9261524281250001 0.7963127192982455 0.9210955296875 0.7872077543859649 0.926464628125 0.7399259147869673 0.9187621406250001 0.7303967844611529 0.9125958828125 0.8434484385964912
1 0.8702332 0.8073135012531328 0.8780674203125001 0.8084128972431077 0.8984722359375 0.8011949799498748 0.92161155625 0.8141617944862155 0.9304840046875 0.8055529398496241 0.9343453140625 0.7805551378446116 0.9260549125 0.7691189598997494 0.9102406671875001 0.7738377719298246 0.8930567843749999 0.7471936817042606 0.8915306078125 0.7471651954887218 0.8823279703125 0.7632888521303258 0.8714378328124999 0.7641077518796991 0.869224225 0.8046918496240602 0.8702332 0.8073135012531328
1 0.8939002828125 0.7702574962406015 0.8731785171875 0.7636335839598998 0.8684627140625001 0.7410918045112782 0.8641969156249999 0.7403884711779449 0.8500950546875 0.740125268170426 0.8427030999999999 0.7505904686716791 0.86239040625 0.7721642481203007 0.8629304093749999 0.7983703834586466 0.8862610999999999 0.8013006967418547 0.8942602859375001 0.787728253132832 0.8939002828125 0.7702574962406015
1 0.8104264656250001 0.7086649298245614 0.7793306109375 0.6637332581453634 0.7748432796875 0.6631035388471177 0.7709025828125 0.6806492105263158 0.7703412328125 0.6909409323308271 0.7872250703125 0.7013554862155389 0.7832314953124999 0.7358117819548873 0.7992304765625 0.7504546190476191 0.8104264656250001 0.7086649298245614
1 0.7590751078125 0.6818218521303259 0.7425353359375 0.6831208546365914 0.7432740140625 0.6983341854636591 0.73467811875 0.712149754385965 0.7324414531250001 0.7244004335839599 0.7478917765624999 0.7430752606516291 0.75990044375 0.7385806466165413 0.7628180140625 0.7138463233082707 0.772833490625 0.7027604461152882 0.767740040625 0.6621067218045114 0.7663593125 0.6619129598997494 0.7590751078125 0.6818218521303259
1 0.695345771875 0.6218764260651629 0.67858683125 0.6024924912280702 0.6696200796875 0.6018226040100251 0.6633974125 0.6444991578947369 0.66516058125 0.6596365964912281 0.6859216015625 0.6561857067669173 0.7021973765625 0.6674054461152883 0.718511815625 0.6523680726817044 0.7136373296875 0.6282448571428572 0.695345771875 0.6218764260651629
1 0.758147425 0.6129596190476191 0.7579281265625 0.6129288446115287 0.7316049109375 0.61899264160401 0.7126316265625 0.6065722631578947 0.70506943125 0.6055110401002506 0.699293025 0.613236671679198 0.6981175375 0.6347879573934837 0.7357021296874999 0.6502413533834587 0.7585780843750001 0.6318888471177945 0.758147425 0.6129596190476191
1 0.9685817234374999 0.8595453784461152 0.9786422281249999 0.8380243082706766 0.9742893968749999 0.8204447744360902 0.9584923812499999 0.8215003659147869 0.95368673125 0.8114772406015038 0.9457660812500001 0.8103657142857142 0.9376891296875 0.8149480877192983 0.9376654906249999 0.8151668972431078 0.9366087765625 0.8345406240601504 0.954658440625 0.8560081654135339 0.9685817234374999 0.8595453784461152
1 0.9220235593749999 0.8155847268170425 0.92183633125 0.8178156766917293 0.9198096937500001 0.8549718822055138 0.9388252203125 0.8589407418546365 0.94461054375 0.8316177318295739 0.9448138921875 0.8278895563909774 0.9233680203124999 0.8156977443609023 0.9220235593749999 0.8155847268170425
1 0.9261923843750001 0.8176822431077695 0.8999871125000001 0.8140047869674186 0.8964970578125 0.8222850952380952 0.8962214421875 0.8273381879699248 0.9241191499999999 0.8407795162907268 0.9261923843750001 0.8176822431077695
1 0.8624534953125 0.785045 0.8652566374999999 0.7983119799498747 0.8871048343749999 0.8005026365914787 0.8831951374999999 0.7839740927318295 0.86358335625 0.7812219172932331 0.8625616265625 0.7830625137844611 0.8624534953125 0.785045
1 0.481546665625 0.27719978696741854 0.503134615625 0.2522853784461153 0.518200046875 0.20474159649122806 0.48955900625000004 0.1955943007518797 0.46702563750000003 0.17711896240601505 0.4494665828125 0.1746548521303258 0.445555865625 0.17601164661654134 0.44294145937499996 0.19456646365914787 0.44161772812500005 0.21883564411027567 0.454146065625 0.24687853132832083 0.481546665625 0.27719978696741854
1 0.1581886828125 0 0.1618735921875 0.04964644862155388 0.1444959703125 0.0363792305764411 0.124148421875 0.03626846365914787 0.10840114218750001 0.08791170927318295 0.18884678125 0.10834894235588972 0.219013896875 0.11601290476190476 0.2299551171875 0.09982303007518797 0.21911375781250003 0.064188328320802 0.22214609531249999 0 0.1581886828125 0
1 0.5123845703125001 0.43003654385964907 0.5320148421875001 0.43279131328320797 0.5657211156249999 0.40903547619047614 0.571497378125 0.38204010025062657 0.5269880328125 0.3594566215538847 0.4996865890625 0.3764985889724311 0.4914674 0.35358773934837096 0.4790284265625 0.3521925438596491 0.4596541328125 0.35944329824561405 0.45323169218750003 0.37973645112781956 0.4527565953125 0.38844682205513786 0.46067301250000003 0.4123310751879699 0.4920515390625 0.41082454636591476 0.5123845703125001 0.43003654385964907
1 0.62628806875 0.5303616040100251 0.6105763921875 0.5397005012531328 0.606221065625 0.5994694486215539 0.6121552234375 0.6125988546365915 0.613667275 0.6128110426065163 0.63449745 0.5646779899749373 0.6357248015625 0.5421758370927319 0.6302896734375001 0.5303616040100251 0.62628806875 0.5303616040100251
1 0.654288925 0.6663125338345864 0.6697739640625 0.6540195162907267 0.6526028171875 0.6464835062656641 0.652766834375 0.6314114887218045 0.6702113390625 0.6138274661654135 0.66510868125 0.5931034411027568 0.6637708703125 0.5931034411027568 0.6531222015625 0.5987554486215539 0.64019175 0.6339234912280702 0.64003555625 0.6356798345864662 0.6389959828125 0.6547392857142857 0.6477511765624999 0.6653950751879699 0.654288925 0.6663125338345864
1 0.678471296875 0.6786626290726817 0.678560603125 0.6770252807017544 0.6678646203125 0.6643205488721804 0.6680581953125 0.6487152481203007 0.6664263546875 0.6485933383458647 0.6592543890625 0.6561798095238095 0.656967225 0.6785013984962406 0.6598999703125 0.6872266616541354 0.663570928125 0.6877418170426064 0.6724798546875 0.6884073834586467 0.678471296875 0.6786626290726817
1 0.76699973125 0.28462695238095237 0.7611665578125 0.2838083684210526 0.7359299390625 0.3045675288220551 0.6636477671875001 0.3093412380952381 0.6566077484374999 0.3257299398496241 0.6328347046875 0.3315788095238095 0.6203789875 0.3634259423558897 0.618691196875 0.39436976942355884 0.6288203703125 0.41655400000000004 0.6782925390625001 0.43040205764411027 0.703165184375 0.46759387969924815 0.731734940625 0.4928424436090226 0.7848857296875 0.4619801829573935 0.794511640625 0.4405912155388471 0.7950941140625 0.42826148370927314 0.793923671875 0.3867203558897243 0.7838764609375 0.36728963408521303 0.7849205875 0.31202913784461156 0.7786978046875 0.2945394185463659 0.76699973125 0.28462695238095237
1 0.8423285765624999 0.6339920125313283 0.8435085953125 0.6868730526315789 0.8520042515625 0.7012579122807018 0.8655727140625 0.7035100751879699 0.877075453125 0.7051242857142856 0.880999890625 0.6918378972431077 0.8734041906250001 0.6611677869674185 0.8783116703125 0.6313148646616541 0.8660272796875 0.6003383082706767 0.8634119890624999 0.5297621553884712 0.8409414203125 0.5018915563909774 0.830773475 0.5024842330827067 0.8291040265625 0.5050300476190477 0.828157040625 0.522392 0.836860971875 0.525512350877193 0.8581763312499999 0.6048541278195488 0.8423285765624999 0.6339920125313283
1 0.8512040546874999 0.7228783157894737 0.8512830375 0.7192504160401002 0.841843103125 0.7008782330827068 0.8332829734375 0.700558649122807 0.8262666234375 0.7008316265664161 0.8258431187499999 0.7085961403508771 0.82763610625 0.726077536340852 0.8371520859375 0.7372593182957393 0.8417098953125001 0.7378989298245614 0.8453911140624999 0.7380363634085214 0.8512040546874999 0.7228783157894737
1 0.8273298859375 0.7532283107769423 0.834778640625 0.7460662305764412 0.8358651171875 0.7261468471177945 0.8335362890625 0.719141030075188 0.8329978171875 0.7190654661654136 0.8110845921875001 0.7225716541353383 0.805103353125 0.727816939849624 0.8044646296875 0.7441095388471177 0.8273298859375 0.7532283107769423
1 0.8746921359375 0.7160894385964913 0.852406021875 0.6991465187969924 0.8499047093750001 0.6987955012531328 0.8471607593750001 0.7491028446115289 0.8681218906250001 0.760745335839599 0.8783472921875 0.7503831979949874 0.8800901328125 0.7253961804511279 0.8746921359375 0.7160894385964913
1 0.8255133609374999 0.7582685789473684 0.8171813234374999 0.757099320802005 0.81477605625 0.758180260651629 0.8074987765625 0.7861142631578947 0.8074734640625 0.7865783258145365 0.8164676078124999 0.7940501228070176 0.8297537578125 0.7938864586466166 0.834366990625 0.7761784661654135 0.8255133609374999 0.7582685789473684
1 0.9821179046875 0.6130975513784461 0.9671595609375 0.6042506065162907 0.9648601875 0.604143290726817 0.9597214515625 0.6983564511278195 0.9606270640625001 0.7086265989974937 0.967700853125 0.712810313283208 0.9712793421875 0.7133124912280703 0.9874051015624999 0.7048617293233083 0.9930789859375 0.6349214010025063 0.9821179046875 0.6130975513784461
1 0.9980168296875 0.49959272180451125 0.99922228125 0.49680421052631585 0.9996734328124999 0.46571319298245617 0.9975665765624999 0.4654175313283208 0.93787015625 0.4697694711779449 0.9216661343749999 0.47586196741854636 0.9203650265625001 0.4997163809523809 0.9304765796875 0.55110971679198 0.965257428125 0.5092207117794486 0.9980168296875 0.49959272180451125
1 0.6823901140624999 0.5504944360902255 0.6656387625 0.538883388471178 0.6645094312500001 0.5388201303258146 0.6619772015625001 0.5497214135338345 0.6617645000000001 0.5536210701754386 0.6806889453125 0.5718995914786967 0.693742525 0.5737314360902256 0.6959718859375 0.5738563082706767 0.7129093937500001 0.5509483007518797 0.6823901140624999 0.5504944360902255
1 0.7259703156249999 0.5233291804511279 0.7136276984375 0.5035626390977443 0.686894290625 0.4998110676691729 0.6713899390625 0.5135136315789474 0.6952217125 0.5212991052631579 0.72363735625 0.5551838671679198 0.72436195625 0.5553818395989975 0.7259703156249999 0.5233291804511279
1 0.3198450140625 0.12375879949874687 0.3086560625 0.14238628070175438 0.2743361203125 0.12026745363408521 0.2582219484375 0.13880036591478698 0.2549821625 0.17161070175438595 0.2597482109375 0.18763695989974938 0.2989494921875 0.20854105764411027 0.30886273750000004 0.23673353132832078 0.36624278125 0.19170129072681705 0.36657770312500004 0.18556084962406016 0.346396778125 0.15397192731829573 0.34247801875 0.1269349498746867 0.3198450140625 0.12375879949874687
1 0.3556702484375 0.36332095488721805 0.37611889062500004 0.3957594736842105 0.3728919296875 0.42924849874686716 0.39509242499999997 0.40526060401002506 0.4130166625 0.41836628822055133 0.42194930468749997 0.40689789223057643 0.42274118749999995 0.3923795739348371 0.38996091875 0.33486548621553885 0.3615937734375 0.330884649122807 0.356798615625 0.3370410325814537 0.3556702484375 0.36332095488721805
1 0.46159666093749996 0.38277540852130326 0.49012344218750004 0.3932632305764411 0.4860221328125 0.3684727293233083 0.46031668750000004 0.36486541604010025 0.4602007765625 0.3669905162907268 0.46159666093749996 0.38277540852130326
1 0.48014600625000003 0.42485735839599 0.47702441562500003 0.42482822807017545 0.47079637500000004 0.4315372305764411 0.468135953125 0.4803131879699248 0.476675659375 0.49447402756892234 0.4804806046875 0.5387721378446115 0.48746652656249995 0.5397524912280701 0.488397628125 0.5397611779448621 0.496352621875 0.4469700100250627 0.48014600625000003 0.42485735839599
1 0.45165609531250006 0.4245513533834587 0.44762903906249996 0.42443860401002503 0.43662096874999995 0.4309872932330827 0.43579177968750005 0.4608850776942356 0.426763759375 0.4755928095238095 0.439987803125 0.502899604010025 0.440371890625 0.5029535037593985 0.45531435781249996 0.45657771679197995 0.45656511875000005 0.43364635338345864 0.45165609531250006 0.4245513533834587
1 0.4291169109375 0.4553459097744361 0.4283422984375 0.42291257644110275 0.44132445468750003 0.3967495388471178 0.44171992812500005 0.3894989573934837 0.43481690625 0.370041022556391 0.4336348796875 0.370018962406015 0.4173254625 0.38031303759398494 0.4151478 0.4101975087719298 0.40640607187500005 0.4225031478696742 0.41657795468750003 0.47445604511278194 0.42342277812500007 0.4754165964912281 0.4291169109375 0.4553459097744361
1 0.36273080625 0.34865508771929826 0.3574331375 0.35321300250626564 0.3563461625 0.3784242205513785 0.34289568593749997 0.4002575087719298 0.35980434687499996 0.44760349874686717 0.360267409375 0.44773001503759396 0.3711683140625 0.41771487719298245 0.37185555312499996 0.40511508020050124 0.3689388984375 0.3946188872180451 0.37265876875 0.3903890050125313 0.37484238593749997 0.3503547368421053 0.36273080625 0.34865508771929826
1 0.47032770937499996 0.4796639373433584 0.46978456093750004 0.47940683208020046 0.44081602656249996 0.47534159899749373 0.436952378125 0.4806209197994988 0.4366258375 0.4840571629072682 0.46951465 0.5048988696741854 0.47467784999999996 0.49226291478696743 0.47032770937499996 0.4796639373433584
1 0.589294915625 0.3581953233082707 0.5739137421875 0.35313256390977443 0.5681236640625 0.35232002756892233 0.5590317421875 0.3964312581453634 0.5763686406249999 0.4010804110275689 0.58226456875 0.40201880200501255 0.5887549609375 0.3680948195488722 0.589294915625 0.3581953233082707
1 0.6059707640625 0.45323310275689227 0.57717491875 0.44919210526315795 0.58103103125 0.4969983182957393 0.5526260609375 0.4756482380952381 0.545504059375 0.48511218796992484 0.5498877375 0.5039101553884712 0.5460767984375 0.4991249974937343 0.5419015359375 0.5194471077694236 0.534991125 0.5198675513784461 0.5344998984375 0.5288736516290727 0.5347066671875 0.5339325137844612 0.5717070125 0.5512477218045113 0.5770743640625 0.502256067669173 0.5876065500000001 0.5251952656641604 0.626080265625 0.5479395538847118 0.629354896875 0.5362011729323308 0.6463634828125 0.540685060150376 0.6568329828125 0.5144612781954887 0.6470556968750001 0.4929812556390978 0.6315204828125001 0.4939264486215539 0.6103468109375 0.4555802355889724 0.6059707640625 0.45323310275689227
1 0.5369062015625 0.4927036466165413 0.5457971625 0.46553142105263157 0.5459744453125001 0.4622811177944862 0.5333315765625 0.4443850927318296 0.5323739203125 0.44434039598997493 0.521856959375 0.4569818370927319 0.517978078125 0.4943216215538847 0.5297193124999999 0.5507136165413534 0.5305102015625 0.5508246040100251 0.540211021875 0.515370380952381 0.5369062015625 0.4927036466165413
1 0.4907971015625 0.4949347744360902 0.48394393437499994 0.4966301578947368 0.4822291015625 0.5190320651629072 0.48853817499999996 0.5292501679197995 0.5044213640625 0.5276191904761905 0.5199493953125 0.5512139423558897 0.5288112359375 0.5469006290726817 0.5289268890625001 0.5447802305764411 0.5288436734374999 0.5379529498746867 0.5212572375 0.5135427117794485 0.51176543125 0.5140234761904762 0.49958585937500005 0.49616812280701755 0.4907971015625 0.4949347744360902
1 0.5700076125 0.566430739348371 0.5531759593750001 0.58905471679198 0.5530937312499999 0.5905622932330827 0.57178045 0.6008114636591478 0.5815315859375 0.5867960902255639 0.581654959375 0.5845341829573935 0.577301165625 0.5674542631578947 0.5700076125 0.566430739348371
1 0.5149624609375001 0.5310318721804511 0.5130796281250001 0.547760909774436 0.5127743515625001 0.5533578120300752 0.5254198437500001 0.5655671027568923 0.5250024578125 0.5490455238095238 0.534648334375 0.5343024511278196 0.5346593609375 0.533795992481203 0.5149624609375001 0.5310318721804511
1 0.4087252875 0.5055650626566416 0.41942433437500004 0.5107864786967419 0.43233636718749996 0.5027692957393484 0.4330890546875 0.4868364486215539 0.4123075 0.4839201177944862 0.40989871093749997 0.48405161904761906 0.4087252875 0.5055650626566416
1 0.1863300265625 0.1035492656641604 0.184819625 0.12659970426065162 0.2125211125 0.15873228571428571 0.24780907968750002 0.14691109022556392 0.2619775734375 0.12221588972431077 0.27865649531250003 0.15497472932330827 0.30476177031249996 0.1719589097744361 0.3150441828125 0.17340186967418547 0.3264128171875 0.1683458947368421 0.3403696 0.1349108671679198 0.3375808296875 0.0936753984962406 0.328669640625 0.08602118546365915 0.293871725 0.09036363408521303 0.2863157 0.07399883458646617 0.28638233281250003 0.049040433583959896 0.2722047421875 0.028808100250626564 0.2634026 0.02864381203007519 0.25548655781249996 0.029744050125313285 0.20504999375000002 0.08121793984962405 0.1863300265625 0.1035492656641604
1 0.17677135156249998 0.216893649122807 0.20583521718750003 0.22097226065162906 0.2126325609375 0.21332293233082705 0.23468758906249998 0.21205624060150374 0.2473137 0.19900211027568923 0.2510009484375 0.16668179448621553 0.22875020781250002 0.14116528822055138 0.2272680828125 0.14095729824561404 0.2256199453125 0.14086497994987468 0.204463684375 0.17033025313283207 0.1863527921875 0.15930754135338346 0.15983917187500002 0.20882950626566418 0.15960319218750002 0.21315592481203008 0.17677135156249998 0.216893649122807
1 0.3601816125 0.4466071177944862 0.3696722109375 0.4598991654135338 0.38318367656249996 0.446812701754386 0.37402501250000003 0.4408102431077694 0.362836725 0.4392401604010025 0.3602570140625 0.4452247142857143 0.3601816125 0.4466071177944862
1 0.3786959015625 0.46008464912280705 0.3879636921875 0.47026894736842106 0.388731878125 0.4704348145363409 0.3904454984375 0.451291052631579 0.378534828125 0.43137976190476185 0.37282920937499997 0.4305790776942356 0.362678371875 0.4327060350877193 0.359972146875 0.4504474611528822 0.3597051625 0.455342313283208 0.36466198906249997 0.4646081553884712 0.3786959015625 0.46008464912280705
1 0.5301270734375 0.5797029899749373 0.530047984375 0.5658547744360902 0.5106047359375 0.5643791929824561 0.5105918843749999 0.5646148170426065 0.5164514234375 0.5865892857142857 0.5301270734375 0.5797029899749373
1 0.6096874640625 0.6318358646616541 0.618214025 0.6044114160401003 0.61836686875 0.6016091929824562 0.614171321875 0.5927550651629073 0.6117641953125 0.5924172656641604 0.604868859375 0.5990825037593985 0.6040799515625 0.6104836666666666 0.6041894375 0.6316549949874687 0.6096874640625 0.6318358646616541
1 0.586478090625 0.5939004761904761 0.5856334875 0.5937819523809524 0.579794415625 0.6186452456140351 0.5796789999999999 0.6207612631578947 0.5925833046875 0.6151325062656642 0.586478090625 0.5939004761904761
1 0.8295678625 0.7840878646616541 0.8548185421875001 0.78872471679198 0.856674846875 0.7787606390977444 0.8538903734375 0.7723141578947368 0.83838073125 0.770137649122807 0.8296144171875 0.7832343233082707 0.8295678625 0.7840878646616541
1 0.6683577171875 0.5190100802005013 0.6740392171875 0.47235828320802004 0.66530175 0.4600132255639098 0.6618372421875 0.4085065614035087 0.6577417953125 0.4001181303258145 0.6491230359375 0.3989086365914787 0.6251660703125 0.4194408446115288 0.6381360875000001 0.4404551578947369 0.64051115 0.5119356516290727 0.6551643796875 0.5308462606516291 0.650436146875 0.560020954887218 0.6659309828125 0.5778797117794486 0.6687281640625 0.5697306967418546 0.661810090625 0.5527852080200502 0.6696814296875 0.5522535964912281 0.663629484375 0.5481847744360903 0.6723179078125 0.5326727944862155 0.6683577171875 0.5190100802005013
1 0.4574640578125 0.15835972932330827 0.4660799765625 0.17876529072681702 0.48281805625 0.19276071177944862 0.5028190171875 0.19669985463659148 0.521835384375 0.19981573684210527 0.556955875 0.18785223308270677 0.5578579609375 0.10495613283208019 0.5438129421875 0.03799663659147869 0.5253040375 0.024283616541353387 0.49041742031249996 0.01938788471177945 0.47150395468750006 0.03760117794486215 0.45863932187499995 0.13681253634085214 0.4574640578125 0.15835972932330827
1 0.4690380515625 0.3605133909774436 0.4969783875 0.33790402756892235 0.499243225 0.3055452230576441 0.48702359375000004 0.28559057393483706 0.4622585328125 0.2821152255639098 0.4514547890625 0.29728935839598997 0.44966132031250006 0.330170664160401 0.4498378515625 0.3530529874686717 0.46606947343750005 0.3600409147869674 0.4690380515625 0.3605133909774436
0 0.688932428125 0.21368544360902256 0.7398029578124999 0.166339671679198 0.73337803125 0.1415375739348371 0.7002217843749999 0.13688466666666665 0.6974757078125 0.1405097067669173 0.6594400453125 0.131161656641604 0.6285437125 0.12682589223057644 0.620976571875 0.15117667669172932 0.6200687203124999 0.16782114536340853 0.6218362671875 0.18588955137844612 0.688932428125 0.21368544360902256
0 0.6930472296875 0.025180919799498745 0.6862746140625 0.024230498746867165 0.684459928125 0.05125642857142857 0.679337125 0.14517747869674186 0.71711715 0.1642368796992481 0.7268740796875 0.11475689473684211 0.724706771875 0.08260170426065164 0.719790928125 0.08645986215538846 0.6910381937500001 0.052864766917293235 0.6930472296875 0.025180919799498745
0 0.71239803125 0.0278964686716792 0.712355309375 0.028679716791979948 0.720185296875 0.03464991478696742 0.7210860953125 0.029115689223057645 0.71239803125 0.0278964686716792
0 0.6112519515625 0.2426437343358396 0.6044708296875 0.2812545739348371 0.60441489375 0.2822800977443609 0.643580425 0.29767220050125315 0.6516237140625 0.27258224060150377 0.6726276312499999 0.25597394736842105 0.6538488546875 0.24862147117794486 0.6112519515625 0.2426437343358396
0 0.6594536859375 0.3236252681704261 0.6385610125000001 0.3169195839598997 0.61021874375 0.3129422380952381 0.5975825890625 0.32127447117794483 0.5975153515625 0.32250721052631576 0.608018815625 0.34560884962406013 0.6336120015625 0.35036025062656645 0.6546411421875 0.3515157368421053 0.6594536859375 0.3236252681704261
0 0.6178684359375 0.3240790977443609 0.6177466765624999 0.3254180175438597 0.614333275 0.38799903258145363 0.625848890625 0.432083701754386 0.63150295 0.4298221729323308 0.6363658265625001 0.34360545864661657 0.6345363015625 0.3264181428571428 0.6178684359375 0.3240790977443609
0 0.6099465937499999 0.3692822581453634 0.6076672078125 0.4003150551378446 0.60367264375 0.44871803007518796 0.6074660875 0.4584746240601504 0.6174953890625 0.4598820626566416 0.6212601609374999 0.43353910526315786 0.623175425 0.3984248045112782 0.6157981890625 0.36566243107769425 0.6099465937499999 0.3692822581453634
0 0.9832186328124999 0.348367298245614 0.9761201953124999 0.3307798771929824 0.9647475375000001 0.3249963709273183 0.9628453531250001 0.3247651704260651 0.96061698125 0.36561996992481205 0.9741172312499999 0.4411957218045113 0.9811516156250001 0.4407932205513785 0.9823719265624999 0.3950430877192983 0.9832186328124999 0.348367298245614
0 0.36837346718749997 0.12975081453634085 0.3633738640625 0.14747819298245612 0.399543884375 0.15255403007518797 0.41845869375 0.145774 0.40295412812500003 0.10021948621553885 0.36557475 0.08892421052631579 0.36484762187499997 0.102255328320802 0.36837346718749997 0.12975081453634085
0 0.23714927187499998 0.027947882205513783 0.208534175 0.04516888220551378 0.2046648109375 0.08933041102756892 0.20912360625 0.11055154887218045 0.233208928125 0.07903372681704261 0.23517147500000002 0.06420866165413534 0.23714927187499998 0.027947882205513783
0 0.37250749375000003 0.304741969924812 0.3674722828125 0.3129405664160401 0.36494140625 0.35934145614035085 0.3722574234375 0.36882372681704256 0.3780075265625 0.34230795238095235 0.3785817671875 0.3083661203007519 0.3750866546875 0.3051039097744361 0.37250749375000003 0.304741969924812
0 0.2966006359375 0.3470239298245614 0.3067097140625 0.3335018696741855 0.307437275 0.3084455789473684 0.30181736875 0.2998535137844612 0.300576859375 0.29967942857142854 0.29716061875 0.3367572481203007 0.2966006359375 0.3470239298245614
0 0.4312993109375 0.29286567167919797 0.42909056406249996 0.31973383709273184 0.44845286562500003 0.3235701804511278 0.448504428125 0.32262484461152885 0.4472765328125 0.2990339172932331 0.43651750156249997 0.2935979523809524 0.4312993109375 0.29286567167919797
0 0.46095771875 0.41062514035087716 0.48639171406250004 0.42100920551378446 0.4899207875 0.421838373433584 0.48717395 0.40637195488721806 0.48407233906249997 0.4059366967418546 0.4609607203125 0.4105701253132832 0.46095771875 0.41062514035087716
0 0.5935392265625 0.48177419298245616 0.57116611875 0.4903293107769423 0.5840584421874999 0.4929273533834586 0.59436151875 0.4943732130325814 0.5948317750000001 0.4818949448621554 0.5935392265625 0.48177419298245616
0 0.924233171875 0.44317622055137845 0.9601700984375 0.4457035087719298 0.9728656125 0.4286163082706767 0.9601261750000001 0.42494166917293236 0.9429484875 0.42253108020050123 0.9059630625 0.4330648095238095 0.8858640390625 0.42772842105263154 0.8513767671875 0.4417575238095238 0.9086969109374999 0.4548330902255639 0.924233171875 0.44317622055137845