1 0.058662759375 0 0.051895931250000006 0.03998415288220552 0.0571363640625 0.052115957393483715 0.0588969375 0.10396380701754385 0.070032859375 0.1297438872180451 0.0848712890625 0.13125213533834587 0.0813836890625 0.1440784812030075 0.065020240625 0.15098276691729323 0.04712403125 0.13940988721804512 0.026947851562500003 0.16397129573934838 0.026932203124999998 0.16412977443609023 0.039931340625 0.1675448320802005 0.048095678125 0.1783868170426065 0.132314365625 0.19978259398496243 0.147133140625 0 0.058662759375 0
1 0.29790581718750003 0.2725306766917293 0.3150719515625 0.20595965413533834 0.314231421875 0.17272900501253133 0.3279465515625 0.15603138847117795 0.3332733859375 0.12442661403508773 0.3255808484375 0.08812002506265663 0.2971784625 0.054606067669172934 0.2918871453125 0.05321114536340852 0.2693954828125 0.0606123634085213 0.251221825 0.08502165914786967 0.2475982703125 0.13738873182957392 0.252546671875 0.17931979197994988 0.2581908296875 0.19985142355889723 0.2693232609375 0.20913410776942354 0.25252445 0.2250187919799499 0.21067219375000001 0.3193605764411028 0.170168178125 0.3316729147869674 0.1698746078125 0.33464598496240605 0.19180277968749998 0.3651693007518797 0.2099431046875 0.40930850375939853 0.2548345984375 0.4071776516290727 0.2733644671875 0.3549315162907268 0.29702084375000004 0.3306980250626566 0.29790581718750003 0.2725306766917293
1 0.12772763125 0 0.1335578671875 0.04471851127819549 0.12372713125000001 0.08317556390977443 0.12449901249999999 0.1439173709273183 0.11025610156250001 0.1701448696741855 0.1013815015625 0.17218389974937343 0.10314302187499999 0.17884226315789473 0.0884460125 0.18200714285714287 0.088299459375 0.18349133834586465 0.1134186671875 0.2566032606516291 0.12428125781249999 0.2587426240601504 0.1293560953125 0.27236497493734335 0.18766178125 0.28258585463659147 0.1852710984375 0.25686927067669174 0.1995307609375 0.2218090626566416 0.19914481875 0.1914381553884712 0.20803616875 0.18056641604010026 0.20836314374999998 0.12509017293233082 0.23613605 0.09774051629072682 0.2526436734375 0.046713300751879704 0.3043394734375 0.0341734962406015 0.34733689375 0.04769088972431078 0.374849828125 0.04048662155388471 0.3848567859375 0.026047736842105262 0.3582664875 0.01449940350877193 0.35762057187499996 0.004273892230576441 0.329235253125 0.0037326190476190475 0.3278295703125 0 0.12772763125 0
1 0.646589571875 0.08885984711779447 0.65191775 0.03489968421052632 0.6336280984375 0.03025319298245614 0.6216796640625 0.12041936090225563 0.646589571875 0.08885984711779447
1 0.8681586203125 0.36423059899749377 0.8436684609375 0.30945208020050124 0.8365609640624999 0.30764642105263157 0.8336175359375 0.30949815789473684 0.8454238999999999 0.3616518746867168 0.8271968421875 0.37237391729323305 0.8060984718749999 0.3638006491228071 0.7902969093750001 0.379947932330827 0.793007665625 0.411757 0.803556853125 0.416043634085213 0.816165990625 0.40562855889724314 0.8324355875 0.4259285789473684 0.9254344265625001 0.4215417694235589 0.9833746703124999 0.4513751353383459 0.9927111078124999 0.45294914786967416 0.9956611671875001 0.4468480551378446 0.9965109249999999 0.43824228070175436 0.9949316171874999 0.4257336817042606 0.96639620625 0.41339845112781953 0.973730753125 0.40084006015037593 0.9674039671875001 0.38347036591478695 0.9162141140625 0.36229952882205513 0.8681586203125 0.36423059899749377
1 0.718981428125 0.3971013909774436 0.720569228125 0.3810212431077694 0.7216979671875 0.3571281528822055 0.7201113125 0.3567250626566416 0.713340971875 0.37411818295739346 0.7129451437500001 0.37812686215538843 0.718113309375 0.3830878822055138 0.718981428125 0.3971013909774436
1 0.70402410625 0.3932758721804511 0.7035359625 0.3931141954887218 0.7034765640625 0.39309910776942353 0.668657640625 0.42961128070175436 0.6964707421874999 0.4978945513784461 0.6982896828125 0.4983566541353383 0.7084331484375 0.49147447117794485 0.7106973437499999 0.48099697493734334 0.7117007609375 0.47083504511278196 0.703470878125 0.4565171027568923 0.7100183624999999 0.44331001002506265 0.70402410625 0.3932758721804511
1 0.0455370984375 0.5134146115288221 0.0541084359375 0.5362965639097744 0.0661939265625 0.5433780200501253 0.0900796609375 0.5398388997493735 0.106223946875 0.5236456992481203 0.1104253671875 0.5092220626566416 0.10710580624999999 0.46831056390977444 0.123107465625 0.44326635087719296 0.1313028921875 0.3740322456140351 0.1519727703125 0.3497750401002506 0.10994548281250001 0.30321255639097744 0.0866785890625 0.29730159649122806 0.053512290625 0.3066948521303258 0.03790425 0.341393686716792 0.033007671875 0.3909829072681705 0.033296159375 0.40038331578947367 0.0524617046875 0.4616202005012532 0.0455370984375 0.5134146115288221
1 0.146923246875 0.5529838370927318 0.16160414843749998 0.5730080275689223 0.1643006953125 0.5733357769423559 0.1796328578125 0.5707966065162907 0.200589875 0.5154796065162908 0.20066215937499998 0.4903300401002506 0.1869926015625 0.45847855388471176 0.1963529125 0.41181537844611527 0.1904531171875 0.394715724310777 0.1653415640625 0.38833612781954885 0.16084396875 0.388630694235589 0.1493841609375 0.431264932330827 0.13830794062500001 0.4460563333333333 0.127807390625 0.5523987719298246 0.1339268734375 0.5589517017543859 0.146923246875 0.5529838370927318
1 0.2806804828125 0.5371205037593985 0.264484765625 0.5256524812030076 0.2496535765625 0.5301704285714286 0.2398314484375 0.5186126516290727 0.2274626140625 0.49447126315789475 0.22729242031250002 0.4763754912280702 0.2264630640625 0.47605202005012537 0.212570640625 0.49252643358395987 0.208024278125 0.5255242030075188 0.2288472859375 0.5617951804511278 0.2349450171875 0.5633443107769424 0.252382634375 0.5621423634085213 0.2670475953125 0.571499977443609 0.2744546921875 0.5733817518796992 0.28003550312500003 0.5647908922305764 0.2813433828125 0.5515455789473684 0.2806804828125 0.5371205037593985
1 0.057169318749999996 0.5788621854636592 0.0586148609375 0.5642227117794486 0.030784240624999997 0.557152335839599 0.054124059375 0.5673017192982456 0.057169318749999996 0.5788621854636592
1 0.041570378125 0.631470388471178 0.0440080390625 0.5895864436090226 0.0384064375 0.5768513032581454 0.033784746875 0.5756771604010025 0.0116080875 0.6055008947368421 0.009121515625 0.6168644912280702 0.0080909953125 0.6273009022556391 0.016089307812500002 0.6501804511278196 0.039555146875 0.6255374511278196 0.041570378125 0.631470388471178
1 0 0.5580249423558897 0.0261363109375 0.5597502456140351 0.030503562499999998 0.5696376766917294 0.036498678125 0.5988961503759398 0.0308305828125 0.6456687944862155 0.0432811953125 0.6675826716791979 0.0512828015625 0.6606013408521303 0.0468337921875 0.6317061278195489 0.05434631718750001 0.582835030075188 0.061360621875 0.5684578822055137 0.0621902453125 0.5600560250626566 0 0.5442565789473685 0 0.5580249423558897
1 0.0440390125 0.5933437644110275 0.034623193749999996 0.6031018721804511 0.035829971875 0.6285175513784461 0.04372149375 0.6386722481203008 0.0680152734375 0.6301617794486215 0.0937063671875 0.6445778872180451 0.09720963906249999 0.6379754085213033 0.0978967765625 0.6310165463659148 0.10034905000000001 0.5989809874686717 0.0879901296875 0.5957109624060151 0.08264172187499999 0.5830142731829574 0.076027221875 0.5813338571428571 0.0592186671875 0.6009453233082707 0.0440390125 0.5933437644110275
1 0.07990524843749999 0.6409015388471179 0.1035694984375 0.6419367794486215 0.1088515515625 0.6163909498746867 0.13106619375 0.5995017518796992 0.1313510125 0.5966173007518797 0.1306896671875 0.5952208646616541 0.106745365625 0.5891378095238096 0.099699746875 0.6062416315789474 0.0779533640625 0.6092559674185464 0.07443199687499999 0.6262865213032581 0.07990524843749999 0.6409015388471179
1 0.20554937031249998 0.5794172857142857 0.183431371875 0.5813573709273183 0.181042471875 0.5572628746867168 0.169635684375 0.554364977443609 0.1621629359375 0.5569352280701754 0.161557096875 0.5630707644110275 0.1829440265625 0.6191187192982456 0.21033204843750003 0.607037634085213 0.21051666562500002 0.6036528596491229 0.20554937031249998 0.5794172857142857
1 0.21866551250000002 0.5541334837092732 0.20624036874999999 0.5912597894736842 0.2138795921875 0.6053563984962406 0.21208825468749998 0.6301877644110275 0.222890959375 0.638611373433584 0.240739940625 0.6263047493734335 0.24141939687499997 0.6194236817042607 0.24147765468750002 0.6133101904761905 0.23572454375000002 0.5970666290726817 0.2392822234375 0.5826568095238095 0.2234898078125 0.5757689047619048 0.22021226718750003 0.5545264385964912 0.21866551250000002 0.5541334837092732
1 0.2679915515625 0.5786208496240601 0.2749038078125 0.5807135588972431 0.297181040625 0.5633802882205514 0.3164284859375 0.5607094761904762 0.325265221875 0.539307052631579 0.32543603593750003 0.5375771629072682 0.321299178125 0.5319949649122807 0.298467746875 0.526194634085213 0.2943501828125 0.5279645538847118 0.2745172375 0.5205437318295739 0.2699242328125 0.5350161854636591 0.2679915515625 0.5786208496240601
1 0.2482921328125 0.5223287819548872 0.244166953125 0.5834496892230576 0.25780850625 0.5869153308270677 0.26653001718749997 0.5780137819548872 0.265630259375 0.5364753333333334 0.2742835515625 0.5108944561403509 0.2757451078125 0.49609279949874685 0.26750771875 0.4921023383458647 0.2482921328125 0.5223287819548872
1 0 0.6675588571428571 0.0067585453125 0.6602434937343359 0.0215054296875 0.669803298245614 0.027122018749999997 0.6588642130325815 0.02790911875 0.6508930125313284 0.02349563125 0.6302061979949874 0.008734721875 0.6257467142857143 0 0.6301623458646617 0 0.6675588571428571
1 0.0229820890625 0.6774567994987469 0.042896184375 0.6748797694235589 0.043794095312499996 0.64673271679198 0.019439018750000002 0.6405453032581453 0.01940590625 0.640880649122807 0.0229820890625 0.6774567994987469
1 0.0659686625 0.6659814511278196 0.06201683125 0.6494378721804512 0.056742890625 0.6474848546365914 0.03764645625 0.6426334010025063 0.0370614703125 0.6665400676691728 0.0655981578125 0.6697336641604009 0.0659686625 0.6659814511278196
1 0.0997721296875 0.6280454235588973 0.0923529828125 0.618469007518797 0.08927648906249999 0.6176874235588973 0.083658621875 0.6489306015037595 0.0912549984375 0.6580170902255639 0.0972196578125 0.6538951378446115 0.0997721296875 0.6280454235588973
1 0.5337913328125 0.25829298245614035 0.5514973890625 0.2909757769423559 0.582207628125 0.2720736441102757 0.5992297609375 0.24806413032581454 0.600128309375 0.23896424060150376 0.5999946578124999 0.20633109273182956 0.59636743125 0.2034875864661654 0.5789435296875001 0.1990610401002506 0.5545473953125 0.2083082506265664 0.52544493125 0.20608694987468673 0.5337913328125 0.25829298245614035
1 0.9342313109375 0.20401702506265665 0.914655628125 0.19473659899749374 0.895861459375 0.19952241102756893 0.9135656328125 0.12754059649122806 0.8929738859375 0.09360254385964911 0.8829340296874999 0.09105191478696742 0.8661683484375 0.0907749724310777 0.8469606890625 0.11315922305764411 0.838550228125 0.1871477418546366 0.8225140765625 0.21653382706766916 0.8304796515625 0.2372048872180451 0.86068421875 0.243726671679198 0.94122973125 0.26111810025062654 0.9342313109375 0.20401702506265665
1 0.53896725 0.36555450626566416 0.5267100453125 0.3618514260651629 0.5163181046875 0.3809838370927318 0.4915119375 0.3531265964912281 0.44767955 0.35697615789473686 0.44673468749999995 0.3665450877192982 0.44862811562499993 0.385987388471178 0.47824002343750005 0.4221529348370927 0.49983259531249996 0.4276385338345865 0.520173009375 0.41778360401002507 0.5505689265625 0.4320573859649123 0.5613710078125 0.4106503634085213 0.5616939140625 0.4057224486215539 0.5570757765625001 0.3805704812030075 0.53896725 0.36555450626566416
1 0.3747773015625 0.47960592481203007 0.368011215625 0.4778869974937343 0.36208284375 0.48686690476190475 0.35967163750000003 0.5112859573934837 0.3735311578125 0.5630171804511278 0.382400796875 0.5493805488721805 0.38675789531250004 0.48958731328320804 0.3747773015625 0.47960592481203007
1 0.343075465625 0.5799707493734336 0.32737112343749997 0.5601703483709273 0.32862217656250003 0.5452631403508772 0.346411609375 0.5402181929824561 0.33379490624999997 0.5275569874686716 0.32593506875 0.5255601954887218 0.316211025 0.5348746892230576 0.3151521953125 0.5455977994987469 0.3150967890625 0.5559340626566416 0.3246605046875 0.5924693007518798 0.3358418953125 0.6003229047619048 0.343075465625 0.5799707493734336
1 0.3030346828125 0.6122648746867169 0.3170265109375 0.6147558245614035 0.32352644375 0.6049797769423559 0.323705865625 0.6031627092731829 0.3138830125 0.5990867368421052 0.30856950312500003 0.5795111203007519 0.306894784375 0.5790856591478697 0.3002541953125 0.5853283233082707 0.2982269359375 0.605113350877193 0.3030346828125 0.6122648746867169
1 0.3902836328125 0.2776181203007519 0.342619003125 0.21929706516290726 0.34092749375000003 0.21865402255639096 0.31194470937499996 0.2274174486215539 0.2844842140625 0.25015991729323306 0.2354555859375 0.2366262105263158 0.23118337968749997 0.2424515238095238 0.2257068625 0.2979139724310777 0.23142816875 0.3218782681704261 0.2538254765625 0.3406025463659148 0.25909526875 0.360473007518797 0.3284041953125 0.40468841604010025 0.3401864953125 0.4226054962406015 0.37266418749999997 0.43085646115288223 0.37637431875 0.4242008370927318 0.3805050359375 0.369617380952381 0.3920073984375 0.35612297994987474 0.3969995171875 0.316160679197995 0.3975838859375 0.3037907744360902 0.3902836328125 0.2776181203007519
1 0.1005763 0.5397954060150376 0.10326867656250001 0.5525818120300752 0.12819744375 0.5554324862155389 0.13751710625 0.5435190275689223 0.1421222328125 0.49134226065162906 0.1283790953125 0.45799134586466167 0.1545759203125 0.38515709523809527 0.1719054578125 0.38383498245614034 0.1624667171875 0.36476821303258145 0.150720871875 0.3617841779448622 0.1280982015625 0.381971969924812 0.12092539843750001 0.45131802255639103 0.10678739687500001 0.4786488270676692 0.10968786875 0.5096585914786967 0.10098736562499999 0.5356324235588972 0.1005763 0.5397954060150376
1 0.1502729515625 0.5804062380952381 0.1447817796875 0.5633158897243108 0.13296438125 0.5577361578947369 0.1295611546875 0.5568715664160401 0.1266877203125 0.5797592205513784 0.1264496390625 0.5821703458646617 0.13684445781250001 0.6004906842105263 0.1379729296875 0.6006490451127819 0.14909569843749998 0.5927946892230577 0.1502729515625 0.5804062380952381
1 0.1385520640625 0.6037958847117795 0.143242240625 0.6112524060150376 0.16219296562500002 0.6235243383458647 0.1645671921875 0.6241275112781955 0.1687399390625 0.6171921704260652 0.17019950156250002 0.5998004285714286 0.1640037984375 0.5891458220551379 0.1405018328125 0.5875857694235589 0.13915705625000002 0.5976689298245613 0.1385520640625 0.6037958847117795
1 0.1305059859375 0.5571116015037594 0.1269624203125 0.55621135839599 0.10402395 0.5641410375939849 0.09733606875 0.5712199122807017 0.09517244375 0.5960748345864662 0.1035183484375 0.6098058145363409 0.12567119843750002 0.6060750426065162 0.1305059859375 0.5571116015037594
1 0.154843940625 0.6597233383458646 0.158254125 0.6445845814536342 0.159143484375 0.6355777418546366 0.1586240703125 0.6302301804511278 0.1476069671875 0.6274312807017544 0.13822454687500002 0.6307047719298245 0.1328382828125 0.6436621578947368 0.142484278125 0.6640355789473684 0.154843940625 0.6597233383458646
1 0 0.48960227568922304 0.0443465625 0.49947480200501254 0.04452503125 0.49569696491228066 0.0403623953125 0.46804729573934833 0.0289830484375 0.4475819598997494 0.0175713453125 0.44468281453634084 0 0.4424363834586466 0 0.48960227568922304
1 0.0090605546875 0.3451216967418546 0.013803309375 0.3494031228070175 0.086772875 0.3912057744360902 0.0868215296875 0.3907130401002506 0.0868473515625 0.39031894736842104 0.0750273265625 0.3491563082706767 0.0437337890625 0.32375365162907266 0.0163053421875 0.2717514010025063 0.0090605546875 0.3451216967418546
1 0.318108315625 0.4996390275689223 0.3214900203125 0.4653914260651629 0.316557609375 0.4394401328320802 0.3150059453125 0.43904593233082706 0.30650001875 0.4410084461152882 0.3094772578125 0.47114545864661656 0.302012909375 0.5187083684210526 0.318108315625 0.4996390275689223
1 0.3006607671875 0.4024139498746867 0.296966365625 0.4014753859649123 0.2967545390625 0.40294709523809524 0.305179965625 0.4559592255639098 0.3005368734375 0.4937327117794486 0.3007692078125 0.4937917368421053 0.315309525 0.47482156140350873 0.31891800625 0.4593966691729323 0.32166577812499997 0.43156909774436086 0.3158768140625 0.40952784461152886 0.3012191546875 0.402604328320802 0.3006607671875 0.4024139498746867
1 0.7250711390625 0.2866162380952381 0.7364165859375 0.3207556090225564 0.7520344328124999 0.32280052130325815 0.7634391203125 0.290384 0.7898993140624999 0.2667131077694236 0.790193571875 0.26320679197994984 0.752291515625 0.21011254887218045 0.7358606437499999 0.20593828320802005 0.7275773125 0.21912481453634086 0.686136875 0.2237461879699248 0.6777535343750001 0.23897545363408523 0.6752514265625 0.26878987218045114 0.6881075453125 0.2943356165413534 0.7250711390625 0.2866162380952381
1 0.5927681421875 0.4359498947368421 0.588100146875 0.46148170426065166 0.5922549796875 0.47090123809523804 0.6187324703125 0.4751153709273183 0.661771821875 0.4317611002506266 0.6639107765625 0.41009922807017546 0.6601778953124999 0.40163631578947373 0.6400062859375 0.4084352531328321 0.6251667203125 0.380816992481203 0.6235685703125 0.38041098245614036 0.6196115328125 0.41144514035087715 0.5927681421875 0.4359498947368421
1 0.5370825421875 0.38127674686716795 0.52985665625 0.38039257393483705 0.525775884375 0.3983871503759398 0.5508865484375 0.4085727819548872 0.55670255625 0.3903694260651629 0.5570982843750001 0.38636174937343354 0.5370825421875 0.38127674686716795
1 0.5532365203125 0.505577015037594 0.5545394546875 0.49238176942355893 0.5297785890625 0.4810422005012531 0.52471274375 0.46948443358395986 0.493472890625 0.46154793984962406 0.48529045000000004 0.47437704010025067 0.49590384218750005 0.5051319298245615 0.5532365203125 0.505577015037594
1 0.564436709375 0.5280022406015038 0.5742326984375 0.5172385814536341 0.5765416343750001 0.4938552481203008 0.5729033984375 0.45127720050125314 0.570237684375 0.45059997493734333 0.5530384984375 0.47128839598997496 0.5585608343749999 0.48762108020050127 0.5525670296875 0.5166074937343358 0.564436709375 0.5280022406015038
1 0.6061229265625 0.4345485363408521 0.5875800828125 0.44743170175438596 0.5681169359375 0.4364522280701755 0.5535313562499999 0.4396947744360903 0.5540538781250001 0.45005138095238095 0.5839851734375 0.48200510025062654 0.584060278125 0.4820241804511278 0.5929801718750001 0.4720103233082707 0.6114139828125 0.4775794436090226 0.6197517453125 0.4567822481203007 0.620181940625 0.4524255213032582 0.6095349531250001 0.43557935839599 0.6061229265625 0.4345485363408521
1 0.6224610828125 0.4641845313283208 0.62990456875 0.4743067969924812 0.6438963953125 0.47679774937343355 0.6513802156249999 0.4680762431077694 0.6594428703124999 0.47956547117794485 0.6849140828125 0.46975217042606515 0.6851504328125 0.46735858395989976 0.66666214375 0.4344965263157895 0.660718440625 0.4329865263157895 0.6464537453125 0.4445780426065163 0.631223578125 0.43935317293233084 0.624358928125 0.44944163909774437 0.6224610828125 0.4641845313283208
1 0.5287332328125001 0.5174870802005013 0.56320385625 0.5167828997493734 0.5635919656249999 0.5128524010025063 0.558206721875 0.498513022556391 0.5553631546875 0.4975712305764411 0.543598653125 0.4945824561403509 0.5324400218750001 0.49317191228070173 0.5260997374999999 0.502566290726817 0.5287332328125001 0.5174870802005013
1 0.45852305156249995 0.37533003258145364 0.4586174859375 0.3743736591478697 0.45947180468750004 0.3311096416040101 0.45024948125 0.32876670927318297 0.4364770078125 0.3284396917293233 0.434977928125 0.3727937117794486 0.44086723125000005 0.37389785213032584 0.45852305156249995 0.37533003258145364
1 0.40142462031250004 0.49698036591478695 0.42976994062499996 0.5143207368421053 0.43598202812500003 0.5074830952380953 0.4357903875 0.461360335839599 0.41931650156250005 0.4199212431077694 0.42482169687500004 0.3962107418546366 0.4149320859375 0.3762071027568923 0.3957430890625 0.38629659649122805 0.39305437187500003 0.4135261002506266 0.3849132484375 0.4158679348370927 0.3864547921875 0.4803621528822055 0.3969874140625 0.5018643984962406 0.3656450671875 0.49885468421052626 0.364370134375 0.5598298997493735 0.3679774359375 0.5616161353383459 0.372913246875 0.5628700776942356 0.37541800937500003 0.552082238095238 0.38903793124999997 0.5503289899749373 0.38735332499999997 0.5433577694235588 0.397333209375 0.5544365789473684 0.40532017812500004 0.5456453233082706 0.40142462031250004 0.49698036591478695
1 0.4676448765625 0.49008115037593986 0.48051266875 0.5000321754385965 0.503880890625 0.4927393408521303 0.504087103125 0.490650962406015 0.4779191296875 0.46520902506265666 0.455863353125 0.45960574937343357 0.44997420625 0.45912687468671676 0.439023853125 0.4734074035087719 0.44715418125 0.49880376190476194 0.4676448765625 0.49008115037593986
1 0.49114042343750003 0.516171298245614 0.4765405796875 0.5060573408521303 0.4684203359375 0.5122772305764411 0.46524923749999997 0.5343091729323308 0.475543015625 0.5432680751879699 0.47859965625 0.5440446165413534 0.49514816875 0.5329464486215539 0.5039785421875 0.5385252230576442 0.515309478125 0.5211890576441103 0.51649991875 0.5091330776942357 0.5107941609375 0.5023271177944862 0.49114042343750003 0.516171298245614
1 0.4103678796875 0.5425891804511278 0.4231608578125 0.5730325413533834 0.4242943875 0.573385962406015 0.4294259125 0.5746896265664161 0.43652900937499994 0.5602209047619048 0.43676194375 0.5566660576441103 0.4303385046875 0.5402498872180451 0.4283512296875 0.5396302781954887 0.410551090625 0.5407337418546365 0.4103678796875 0.5425891804511278
1 0.4684388640625 0.5211632105263158 0.4601507546875 0.5190576165413534 0.4601014 0.5195574586466165 0.46763464375 0.5393930025062657 0.46527706875 0.555258320802005 0.47920194687500006 0.550416686716792 0.4794558953125 0.5243852756892231 0.4684388640625 0.5211632105263158
1 0.587766715625 0.5184908947368422 0.56794328125 0.513454746867168 0.56599514375 0.5340422731829574 0.586134375 0.5408971578947369 0.5882941265625 0.519024656641604 0.587766715625 0.5184908947368422
1 0.7125773765625001 0.1735759373433584 0.72684454375 0.19722961654135338 0.7708255890625 0.2599188170426065 0.7861966578125 0.2657707368421053 0.803467509375 0.24796945112781957 0.8062009953124999 0.2232297669172932 0.8154901796875 0.20877105764411027 0.8493302203124999 0.22114379448621554 0.85897929375 0.2156282581453634 0.8653014203125 0.18116961904761902 0.8656872390625001 0.17300261654135338 0.85664878125 0.14019928571428572 0.8286552671875 0.13308752882205513 0.8077273015624999 0.14123715288220554 0.7875999828125 0.16982012280701755 0.7763928984375 0.14207038345864662 0.74290821875 0.1221754060150376 0.715423634375 0.14475097243107768 0.7125773765625001 0.1735759373433584
1 0.828546725 0.23055824060150376 0.818648496875 0.24618053383458646 0.8143275531249999 0.2804452781954887 0.808815834375 0.28837885463659146 0.8069059624999999 0.3077207393483709 0.8058371484375 0.3658161979949875 0.80693204375 0.36609435588972433 0.8426161750000001 0.3392594611528822 0.8389000703124999 0.3072148596491228 0.8613526796875 0.28204530576441106 0.8487981874999999 0.23593980701754386 0.8435904624999999 0.23406243107769426 0.828546725 0.23055824060150376
1 0.634719090625 0.4822065313283208 0.632779875 0.48171387218045114 0.6263318203125 0.4862708270676692 0.626034146875 0.48928546867167916 0.6280002140625001 0.5173447994987469 0.6389470015625001 0.4996844937343358 0.6392339234375 0.49626560401002506 0.634719090625 0.4822065313283208
1 0.642178846875 0.4919384260651629 0.629732284375 0.4820564912280702 0.6278429671875 0.4814307468671679 0.6131583671875 0.495125947368421 0.61240443125 0.5146000852130326 0.6133931375 0.5148512656641604 0.62334545625 0.5100191553884712 0.6343052828125 0.5201640025062656 0.6372547921875 0.5209133258145363 0.6424455046875 0.5153366190476191 0.64260974375 0.513673320802005 0.642178846875 0.4919384260651629
1 0.46911284531249997 0.5822345939849624 0.47605978593750004 0.5662171804511279 0.47641346875 0.562635328320802 0.46568740000000003 0.5484284711779448 0.4606291765625 0.5788105639097745 0.4663337875 0.581528573934837 0.46911284531249997 0.5822345939849624
1 0.3746328625 0.5883508195488723 0.3812110828125 0.5815304461152883 0.381798846875 0.5755779724310777 0.3796798921875 0.5477124636591478 0.377084696875 0.5462378345864661 0.37603855468749997 0.5459015162907268 0.374331309375 0.5454677919799499 0.36778524375 0.5746237243107769 0.3746328625 0.5883508195488723
1 0.3900758546875 0.5694505614035087 0.40230365625 0.5834737969924813 0.407849284375 0.5680958070175439 0.407986571875 0.5667054511278196 0.4031239359375 0.5654700977443609 0.3900758546875 0.5694505614035087
1 0.12828660625 0.6149104210526316 0.118929409375 0.626287754385965 0.11691404375 0.6466980050125314 0.122379778125 0.6553595914786967 0.12879307812500002 0.6542151403508771 0.12997939375 0.6153404736842105 0.12828660625 0.6149104210526316
1 0.32659560781249997 0.4777702431077694 0.3513439546875 0.5153072456140351 0.3598922390625 0.5046437744360902 0.369347665625 0.4561776917293233 0.3792785078125 0.44837343609022556 0.3792937421875 0.4002237343358396 0.3847498125 0.3888337368421053 0.37816412499999996 0.36954572932330826 0.3845121046875 0.36850282205513785 0.37694511875000003 0.3641905538847118 0.385656953125 0.35103112531328323 0.3845329328125 0.34505898997493734 0.3801266234375 0.3439395664160401 0.36677656718749996 0.3516638897243108 0.3679061828125 0.3823418972431078 0.3514638125 0.3936850125313283 0.3406999859375 0.46211875187969925 0.3268515015625 0.4751787293233083 0.32659560781249997 0.4777702431077694
1 0.49260190000000004 0.12415547869674184 0.49594316562499996 0.16203125313283206 0.532971115625 0.19026258646616542 0.5845572296875 0.19653259899749373 0.6012258593750001 0.14774306766917292 0.6091935046875 0.06705216290726818 0.6074802499999999 0.053187092731829574 0.6061984015624999 0.05119724310776943 0.5651463999999999 0.040767974937343354 0.5184127671875001 0.0486063634085213 0.497673353125 0.08230627067669172 0.49260190000000004 0.12415547869674184
1 0.52565139375 0.3387241203007519 0.525549378125 0.3695625513784461 0.54263603125 0.3776125989974937 0.5597118453125 0.3819507117794486 0.57140290625 0.3696637493734336 0.5754334734375 0.3288448997493734 0.5680074703125 0.30828350626566414 0.5521471203125 0.30209754135338346 0.5471307640624999 0.3007843233082707 0.52565139375 0.3387241203007519
0 0.39300324531249997 0.1576582932330827 0.42317336406250006 0.16457555639097746 0.43239964531249997 0.14234790726817043 0.3912651921875 0.07779362406015038 0.36364049375 0.07077556390977444 0.319299175 0.06818512280701754 0.313936578125 0.09329434837092733 0.31371790312500003 0.0955089373433584 0.3202846921875 0.13267663157894738 0.3883910421875 0.14796717293233083 0.39300324531249997 0.1576582932330827
0 0.371995946875 0 0.3763601328125 0.016720293233082707 0.3727786484375 0.023748157894736843 0.39187887187500003 0.032911704260651625 0.42453231875 0.026455020050125313 0.423593103125 0 0.371995946875 0
0 0.41450780312499996 0.2223601604010025 0.4131313875 0.17216146616541353 0.402611490625 0.16948888471177945 0.38836273125 0.17265849624060148 0.3822574328125 0.23448881453634085 0.3832671796875 0.27206966666666665 0.397676278125 0.2409666917293233 0.41394646562500004 0.2320050776942356 0.41450780312499996 0.2223601604010025
0 0.4086338203125 0.3198327694235589 0.416041571875 0.24481209774436088 0.41458063593750005 0.24432823308270676 0.3998367375 0.24457024310776942 0.3931472640625 0.2769498421052632 0.3870137453125 0.3172013834586466 0.3975949046875 0.33992541353383454 0.4086338203125 0.3198327694235589
0 0.43019824062499995 0.35778193734335845 0.406282928125 0.3228271478696742 0.367919815625 0.3104401278195489 0.3657378109375 0.33663317543859644 0.37531922500000003 0.34525575187969926 0.430061859375 0.3591631303258145 0.43019824062499995 0.35778193734335845
0 0.433989475 0.3674504586466165 0.4305077375 0.36181391228070175 0.3786979015625 0.34865161152882207 0.3754058046875 0.35669652631578946 0.39859236875000004 0.3814728070175439 0.43247422812499997 0.3827958546365915 0.433989475 0.3674504586466165
0 0.0255198734375 0.1797564461152882 0.026584717187500002 0.2041392932330827 0.0352248953125 0.21825460401002506 0.09267544062500001 0.23284992731829574 0.0932306359375 0.22967884962406016 0.09383311093749999 0.2235773784461153 0.0436915328125 0.18048593483709272 0.038276598437499997 0.1789022731829574 0.0257917109375 0.17710345614035086 0.0255198734375 0.1797564461152882
0 0.6375108078125 0.1327398596491228 0.6367035171875 0.14091553634085213 0.6398424625 0.15601421804511278 0.6319999171874999 0.19630432832080202 0.6722983218749999 0.19210961904761903 0.690464375 0.1498677268170426 0.6787963984375 0.14322847368421054 0.6375108078125 0.1327398596491228
0 0.8238805593749999 0.1678559223057644 0.8228840625 0.1952432882205514 0.8409402390625 0.2354280501253133 0.8487436296875 0.21675600501253134 0.8522890265624999 0.17256717293233084 0.826333703125 0.14301215037593984 0.8238805593749999 0.1678559223057644
0 0.654712896875 0.38657413533834584 0.6522907234375 0.35979528070175437 0.650696590625 0.35939029072681705 0.6430276890625 0.36524997493734335 0.642709115625 0.36847626817042606 0.639712509375 0.40762279699248116 0.64564765 0.4226881528822055 0.6513647515625001 0.4200241804511278 0.654712896875 0.38657413533834584
0 0.71409471875 0.4306065488721805 0.720787040625 0.424885015037594 0.7227638734374999 0.39775660401002505 0.7157162265625 0.3821055814536341 0.714498146875 0.3944414736842105 0.71409471875 0.4306065488721805
0 0.5957891828124999 0.3549566992481203 0.599165234375 0.32663306015037596 0.582621265625 0.32623632080200504 0.5766335796875001 0.3487334160401003 0.5766250125 0.34882017042606517 0.5957891828124999 0.3549566992481203
0 0.5274044484375 0.4295681553884712 0.5509035640625 0.4330764937343358 0.550911809375 0.43299298997493735 0.528339521875 0.41493393984962407 0.5267865609375 0.414434686716792 0.521569540625 0.42808579699248117 0.5274044484375 0.4295681553884712
0 0.411788175 0.4459768897243108 0.40929055937500003 0.45792394736842107 0.43036155000000004 0.4632770350877193 0.4130487203125 0.4464810125313283 0.411788175 0.4459768897243108
0 0.1690501015625 0.29346364661654134 0.1368640578125 0.27007043107769424 0.1163978953125 0.2697152180451128 0.0924853953125 0.2556392055137845 0.057208895312499994 0.2466772030075188 0.0520002984375 0.24670204511278196 0.051850553125 0.24821856140350876 0.0614223734375 0.26703408020050123 0.0971289953125 0.27456174686716794 0.1109538671875 0.2903445714285714 0.1690501015625 0.29346364661654134