1 1 0.171250022556391 0.9769470734375 0.16267931328320803 0.97116140625 0.1523901604010025 0.9206255828125001 0.16005067919799498 0.9055710687499999 0.14682415288220552 0.8779269875000001 0.18435805263157895 0.8682868984375001 0.27550942606516293 0.8678410671875 0.28368325313283205 1 0.30222947117794485 1 0.171250022556391
1 0.833325484375 0.5031216591478697 0.8449792953124999 0.47277971679197994 0.8453275734375 0.4663944135338346 0.8443973437500001 0.43840101002506265 0.8332172968749999 0.41600253132832077 0.838326703125 0.38418935087719297 0.8302325187499999 0.3119071328320802 0.8368848546875001 0.25515208020050123 0.8170111890625 0.22094311528822053 0.80574069375 0.16192049122807017 0.7852683359375 0.15133531829573935 0.7570362765625 0.14737343859649124 0.73902221875 0.17402619047619047 0.711797465625 0.19517236842105262 0.751454346875 0.22696615789473681 0.7799666578125 0.3373514310776942 0.7942503000000001 0.3603611578947368 0.7822260765625 0.3643044511278195 0.7740857859375 0.38163554887218043 0.7638581046875 0.4200144210526316 0.7606179515625 0.47239234586466167 0.7751374671875 0.5042845388471178 0.7990404890625 0.5241396290726816 0.833325484375 0.5031216591478697
1 0.8795465828125 0.0619383984962406 0.8732981703125 0.058955751879699245 0.87285185625 0.053890731829573935 0.8546448218749999 0.052530521303258144 0.8514287250000001 0.06990112531328321 0.8545529328124999 0.14057803007518796 0.840494003125 0.22003456892230575 0.8069087859374999 0.2363942781954887 0.7866014453125 0.2751305864661654 0.752235175 0.265015634085213 0.744424659375 0.27701132330827066 0.725679421875 0.2705792255639098 0.7022478750000001 0.28643957644110274 0.696890671875 0.2834509423558897 0.6916302187500001 0.37989567418546366 0.6936563062500001 0.3826575263157895 0.6936563078125 0.4002684010025062 0.72678124375 0.4425125313283208 0.738418303125 0.44414559147869676 0.7405194015625 0.431443679197995 0.744424659375 0.43550919298245616 0.7467678140625 0.42184712781954886 0.764732 0.4043204010025062 0.8022224765624999 0.417184596491228 0.8272161265625 0.40898846365914787 0.87876553125 0.4430296842105263 0.9170370578125 0.3741874586466165 0.917037059375 0.23204254385964912 0.917037059375 0.1628569649122807 0.8764223765624999 0.10699010025062657 0.8795465828125 0.0619383984962406
1 0.3984268625 0 0.38362155625 0.01686112030075188 0.47687218593749997 0.032582080200501254 0.464389240625 0.005298654135338346 0.45662428281249995 0 0.3984268625 0
1 0.16509895624999998 0.20146815288220554 0.0776810796875 0.17546273934837092 0.074180296875 0.17520120300751882 0.0557972578125 0.19078959147869673 0.0450901453125 0.1774254260651629 0.0341099 0.17911796741854635 0.030471279687500002 0.1938874711779449 0.029356873437499997 0.21431891228070174 0.0394478765625 0.22977379197994988 0.0614083640625 0.2263887142857143 0.0775600765625 0.24141606015037592 0.059602553125 0.28598956892230576 0.0711328484375 0.2876076466165413 0.1001878109375 0.2443629573934837 0.14686882031249998 0.2579018070175439 0.20020793593750003 0.2493224060150376 0.20909539531250002 0.23365283458646616 0.20387840468750001 0.21944239849624061 0.2336949296875 0.21413137343358396 0.2378657328125 0.199784664160401 0.2379643625 0.19434751879699247 0.23599344218749999 0.18746685714285716 0.23329745625 0.18708852130325815 0.2244699625 0.18642903759398496 0.16509895624999998 0.20146815288220554
1 0.30315035625000003 0.31321040100250624 0.30480901875 0.30298755639097746 0.3113212109375 0.29828362656641605 0.305189621875 0.27582268922305764 0.30315035625000003 0.31321040100250624
1 0.3584321046875 0.36365775939849626 0.33101780937499997 0.33957489974937344 0.32111638125 0.3455572781954887 0.3164714703125 0.33210003258145365 0.3006892859375 0.32988527568922305 0.29380914375 0.34247079699248123 0.3258733125 0.4067806165413534 0.3583552578125 0.3650666766917294 0.3584321046875 0.36365775939849626
1 0.87887846875 0.5468404411027569 0.85264783125 0.6041042180451128 0.846638165625 0.6436593408521304 0.8462643890624999 0.6505121378446116 0.8614273859375 0.7004504711779449 0.8835952875 0.7110709097744361 0.91478865 0.71544835839599 0.9637818578124999 0.6751517218045113 0.9462685671875001 0.6474841954887218 0.94643915 0.5774753709273184 0.9336288703125 0.5498517343358396 0.9417886515625 0.50992192481203 0.9393617234375 0.49489704511278193 0.9253543687500001 0.4760135413533835 0.9041235875 0.4689393959899749 0.900596328125 0.46890647869674185 0.8894160140625 0.47317779699248125 0.8782225703125001 0.4943265037593985 0.87887846875 0.5468404411027569
1 0.851552371875 0.5700291052631579 0.8471637125000001 0.5245801278195489 0.8393344031250001 0.5212033984962406 0.8184961812499999 0.5182791152882206 0.8090016109375 0.5346500526315789 0.8107134437499999 0.5832773483709274 0.792396065625 0.6094315814536341 0.7884881484374999 0.6338950325814536 0.800096621875 0.6950002255639098 0.8145892375000001 0.7028470902255639 0.8172606124999999 0.7034747393483709 0.83468961875 0.6891680526315789 0.8463708109375 0.6995270701754387 0.8532278468750001 0.6953817243107769 0.8591646734375 0.5865364285714285 0.851552371875 0.5700291052631579
1 0.7293818015625 0.67936635839599 0.7521240390624999 0.6825578370927318 0.7671193453125 0.6637422481203008 0.767148178125 0.6632136140350877 0.7559714546875 0.6591485313283209 0.7458697421875 0.635039626566416 0.74238076875 0.6174227994987469 0.750193584375 0.5952317543859649 0.7489595328124999 0.5677067894736841 0.7345203875 0.5609225187969925 0.723570215625 0.5717550726817042 0.7242870359375 0.606754969924812 0.7156121718749999 0.6414042406015037 0.7293818015625 0.67936635839599
1 0.9304685234375001 0.720164596491228 0.9353930234375 0.725689977443609 0.9354856265624999 0.7671264837092732 0.939418859375 0.7214206215538848 0.9304685234375001 0.720164596491228
1 0.95605059375 0.769039701754386 0.9306678187499999 0.7654776691729324 0.932686640625 0.7679765313283208 0.9166153234375001 0.7985125288220551 0.916448396875 0.8015729498746867 0.9303541875000001 0.8191800050125313 0.9427939453124999 0.8161282255639097 0.965341003125 0.7832371253132833 0.95605059375 0.769039701754386
1 0.9856424671875 0.7379706616541353 0.91574709375 0.7281620551378446 0.9155999984375001 0.7308588847117794 0.9196947171875 0.7458363934837093 0.9199664921874999 0.7963966817042606 0.9115387875 0.8218614010025064 0.9182703671875 0.8325356441102756 0.9334296500000001 0.8177451754385965 0.9346396312499999 0.7701140300751881 0.944612771875 0.745071551378446 0.9502446953125 0.7377752406015038 0.97948065 0.7508116340852131 0.9856209921874999 0.738815984962406 0.9856424671875 0.7379706616541353
1 0.86980355 0.7940705588972431 0.8721382984374999 0.8008358571428571 0.8989818796875 0.7955349974937342 0.9217375921875 0.8121859172932331 0.9306627484375 0.8049550325814536 0.934859628125 0.7805027117794486 0.9268065625 0.7677292656641604 0.91105469375 0.7699648746867168 0.8957807000000001 0.742970992481203 0.8915529640625 0.742377701754386 0.8835298171874999 0.7549848546365916 0.8719876796875001 0.7540269047619048 0.86980355 0.7940705588972431
1 0.863168771875 0.7729001478696742 0.8677712484375 0.7960129223057644 0.8847380203125 0.8004266967418546 0.8934400374999999 0.7888491077694235 0.8739369765625 0.7653203984962407 0.87351940625 0.7398470050125313 0.8487069734375 0.736365007518797 0.8426147687500001 0.7461801578947369 0.842357075 0.7509046917293233 0.8425768796875 0.7643136741854637 0.863168771875 0.7729001478696742
1 0.8176283921874999 0.6938562807017544 0.8014508890625001 0.6794166516290727 0.7874046015625 0.6774454987468671 0.7641993984375001 0.7172763233082707 0.7639167140625001 0.7224590100250626 0.7815926296875 0.736275253132832 0.78786550625 0.7075373884711779 0.8092404343749999 0.7182376140350878 0.8176283921874999 0.6938562807017544
1 0.739291371875 0.7411371353383458 0.7395372671875 0.7411716441102757 0.7480114062500001 0.7186515839598998 0.7646554453125 0.7164448897243108 0.7641293890624999 0.7013492355889724 0.7729664328125 0.6871283107769424 0.77396215 0.6820676842105263 0.7744191218750001 0.673689588972431 0.7618855578125 0.6591347744360903 0.7564837703125 0.6586301228070175 0.7479893390625 0.6622251152882206 0.744704721875 0.6869957719298245 0.734479571875 0.6985792631578948 0.739291371875 0.7411371353383458
1 0.688834334375 0.5958519273182957 0.6836618156250001 0.6251404135338346 0.6690060953125 0.6550868070175438 0.66900615 0.6664520175438596 0.6959040109375 0.6755378897243108 0.7055596234375 0.6723883383458646 0.7046973578125 0.63938571679198 0.71163773125 0.6169592055137845 0.711978940625 0.6107035112781956 0.70530944375 0.590449686716792 0.7002497015625 0.5897396390977444 0.688834334375 0.5958519273182957
1 0.7575317671875 0.6128732230576441 0.7572305906250001 0.6128309573934837 0.731209909375 0.618164694235589 0.7145908421875 0.6068472055137845 0.7035831984375001 0.6053024736842105 0.6994201703125 0.610905596491228 0.6982089390625 0.6331121979949874 0.7357367765625 0.6496061278195489 0.7582322703125 0.6318403182957394 0.7575317671875 0.6128732230576441
1 0.96924836875 0.8259257644110275 0.9629888984375 0.8052351228070176 0.9493251890625001 0.803317656641604 0.9418925421875001 0.8239370150375941 0.9402932359375 0.8532585689223058 0.9543450890624999 0.8694035037593985 0.9644585453125 0.8626836441102758 0.9614477390625 0.8368977142857142 0.96924836875 0.8259257644110275
1 0.9186273546875 0.8191364611528822 0.9170186812500001 0.848629746867168 0.9360986953125 0.8576875839598997 0.9431142796875 0.822572776942356 0.9186273546875 0.8191364611528822
1 0.9014525000000001 0.8464571002506266 0.917598196875 0.8526340676691729 0.9196443625 0.813933022556391 0.910401746875 0.8028871027568921 0.9072233921875 0.8024410776942356 0.9015016734374999 0.8455555488721804 0.9014525000000001 0.8464571002506266
1 0.864225571875 0.7813120426065163 0.8640900984375 0.7837958145363408 0.8682967359375 0.8002547142857143 0.88385435625 0.8025843233082708 0.8881252984374999 0.7944148320802005 0.8858135656250001 0.784341543859649 0.864225571875 0.7813120426065163
1 0.49474966406250004 0.29422231077694233 0.49840986249999997 0.2483780476190476 0.5106909921875 0.20318466416040099 0.510894709375 0.1961689022556391 0.5075271781249999 0.1772305889724311 0.48476980000000003 0.1694830200501253 0.48220905468749997 0.1693874185463659 0.4640090328125 0.19191013784461156 0.44874346875000004 0.23197377694235588 0.4483558171875 0.23908095488721803 0.4640651359375 0.27092511278195486 0.49404202656249996 0.294123007518797 0.49474966406250004 0.29422231077694233
1 0.153879196875 0 0.1599222078125 0.0579478671679198 0.14217205 0.04681982456140351 0.1218355015625 0.04918789724310777 0.1078896203125 0.10156204511278197 0.218999346875 0.1171543709273183 0.229411015625 0.09974667669172932 0.217544028125 0.06549253383458646 0.2187320734375 0 0.153879196875 0
1 0.5043131359374999 0.42890385714285717 0.53550981875 0.43328177192982453 0.5650849546875001 0.40938637593984967 0.570286315625 0.38187014786967416 0.5251656421875001 0.36345589724310773 0.4981646171875 0.3830343458646617 0.48942284062499997 0.36090605513784463 0.47692049687500004 0.3606727067669173 0.4576535203125 0.36972672932330825 0.45286888750000004 0.3863880676691729 0.4520591546875 0.4012336516290727 0.45983130625 0.4224836892230576 0.49125981875 0.41804967919799496 0.5043131359374999 0.42890385714285717
1 0.6317028328125 0.532319328320802 0.6084742234375 0.581802679197995 0.6066953171875 0.5991639147869674 0.6135258234375 0.6153070325814537 0.614061778125 0.6153822456140351 0.6322761578125 0.605402977443609 0.63592815625 0.5384475463659149 0.6334870203125 0.5325697092731829 0.6317028328125 0.532319328320802
1 0.64326605 0.6013058822055137 0.6597903890625 0.61165535839599 0.6586471656249999 0.626589962406015 0.640217459375 0.6411314912280701 0.644037515625 0.663205902255639 0.6561701859375 0.6589482706766918 0.6712711203125 0.6261969899749373 0.6722698984375 0.6198214962406015 0.6730970390625 0.6046567844611529 0.6649252203125 0.592329977443609 0.65959113125 0.5915814310776942 0.64326605 0.6013058822055137
1 0.6661782984375 0.6642012205513784 0.6652942609375 0.6484577869674186 0.6636615921875 0.6483510802005011 0.6577922375 0.6552043784461153 0.65649079375 0.679064954887218 0.6597589375 0.6872068696741854 0.6653206265625 0.6879873558897244 0.672434 0.6884522756892231 0.6782723500000001 0.6775401904761904 0.6661782984375 0.6642012205513784
1 0.7300581328125 0.33075387218045116 0.7036101796875001 0.29408762656641607 0.6770182859375 0.2719996140350877 0.6714062515625 0.2712120626566416 0.6237602296875 0.30143454636591477 0.619379353125 0.3817531553884712 0.6281557249999999 0.39725970175438596 0.6297114875000001 0.4528411253132832 0.636712415625 0.47024240350877194 0.6522700359375 0.48263536842105265 0.6787179890624999 0.45892147368421055 0.7502830375 0.4520268070175439 0.756506084375 0.43534777694235594 0.7798425156250001 0.4287788320802005 0.7915107296875 0.39404637343358395 0.7915107296875 0.36637214285714287 0.7798425140624999 0.34324030075187967 0.7300581328125 0.33075387218045116
1 0.8717878078125001 0.5550068571428571 0.852603221875 0.5710352205513785 0.8090517859374999 0.5666742506265664 0.7926817546875 0.5976695313283208 0.7919369374999999 0.611324954887218 0.79202179375 0.615945238095238 0.8023639812500001 0.6358276992481203 0.8062647203125 0.6089352255639098 0.8553398624999999 0.5842328120300752 0.873214840625 0.6133057744360902 0.9058420375 0.6178293157894736 0.9147683593749999 0.605889328320802 0.91748266875 0.5661339849624061 0.9099139390625 0.5587822456140351 0.908044396875 0.5585198897243108 0.8901720765625001 0.5665404135338346 0.8717878078125001 0.5550068571428571
1 0.8485443437500001 0.6986045989974938 0.8461210671874999 0.6982645338345865 0.8329830609375 0.70005492481203 0.8272049656249999 0.7123843308270678 0.8263440734374999 0.7281678596491228 0.8360461953125 0.739002313283208 0.8371690515625 0.7392128270676692 0.8492077515625001 0.7244850476190475 0.8485443437500001 0.6986045989974938
1 0.8072331374999999 0.7478501954887218 0.8293655984375 0.7456656992481203 0.8350634906250001 0.7408438070175438 0.8352032609375 0.7382812656641604 0.83539771875 0.7243533182957393 0.8201731609375 0.7172657468671679 0.8101676875000001 0.7158616516290727 0.8049836453125 0.7207151528822054 0.80390359375 0.7381744611528822 0.8072331374999999 0.7478501954887218
1 0.8491420015625 0.7204335137844611 0.8482435734375 0.7341445513784461 0.8524374515625001 0.7420170426065162 0.8778362625 0.7616986641604011 0.8814928703125 0.7522965388471178 0.8817254296874999 0.748032814536341 0.8828279359375 0.7094786817042606 0.8682734984374999 0.7013732431077694 0.859087584375 0.7000841604010025 0.8507394093749999 0.7080345588972431 0.8491420015625 0.7204335137844611
1 0.8108952859375 0.7942049448621553 0.8219719109374999 0.8005087117794487 0.835772153125 0.7820362957393484 0.833350965625 0.7683728220551379 0.8189513546875 0.7601779298245613 0.815032178125 0.7601413558897243 0.8108588546875 0.7731232481203008 0.8108952859375 0.7942049448621553
1 0.9958880484374999 0.6104044736842106 0.9925890796875001 0.6081218596491228 0.9828697359375 0.606757917293233 0.9697506203125 0.6124133759398496 0.96130089375 0.6817003759398496 0.9713614296875 0.7043870551378446 0.9892874390624999 0.7167903759398497 0.991515134375 0.6905771253132832 0.9958880484374999 0.6104044736842106
1 1 0.46625653132832084 0.9414247 0.47143585714285713 0.9217600499999999 0.47891457644110275 0.9209798687499999 0.49231966416040096 0.9304342218749999 0.5523888295739349 0.967426134375 0.510163909774436 1 0.5003267794486216 1 0.46625653132832084
1 0.6861697984374999 0.5122885939849624 0.6849431140625 0.5121164486215539 0.6839933296875 0.5587281979949874 0.6775511015625 0.5805087042606516 0.677208484375 0.5867902155388471 0.6850880593750001 0.5930874887218045 0.697923775 0.5621340952380952 0.6987417828125 0.539606335839599 0.6861697984374999 0.5122885939849624
1 0.702338803125 0.527101022556391 0.6745945015625 0.4997928270676692 0.6725542734375 0.4995831127819549 0.67218374375 0.5063763834586466 0.6714251734375 0.5301942832080201 0.6859048203125 0.5499889974937343 0.6882829218750001 0.5503227218045113 0.7101003015625 0.5479655839598998 0.7264147203125 0.530829947368421 0.702338803125 0.527101022556391
1 0.2701580421875 0.1704282857142857 0.26957158125 0.1811804335839599 0.3036864125 0.2694912180451128 0.304233346875 0.26960931328320803 0.322530396875 0.23262171929824563 0.3437086234375 0.22333849122807017 0.3441638421875 0.19824398245614036 0.324420790625 0.1713075313283208 0.33321885 0.11526377192982457 0.3204555875 0.09113857142857142 0.2963437953125 0.08775489974937342 0.29004053750000003 0.09334428822055138 0.2826561234375 0.15725112280701753 0.2701580421875 0.1704282857142857
1 0.3729402859375 0.4283619598997494 0.3933245328125 0.4044999498746867 0.41188270468750005 0.41804606516290727 0.4205222375 0.40582397744360904 0.420613396875 0.3932575739348371 0.38417508125 0.3340535463659148 0.355560446875 0.3300379774436091 0.35368296875 0.3644595087719298 0.373962715625 0.3945782130325815 0.3729402859375 0.4283619598997494
1 0.4611687296875 0.37800032330827066 0.46420566250000006 0.39308539598997494 0.46694760625000004 0.3934701804511278 0.490145196875 0.39137940350877193 0.48786806250000003 0.3723888270676692 0.463772559375 0.3678953233082707 0.4617261453125 0.36778069423558896 0.4611687296875 0.37800032330827066
1 0.48224980781250004 0.4248407443609023 0.4791313921875 0.4247534335839599 0.47068892812499996 0.43350714786967415 0.4682496109375 0.47822940350877197 0.4775227453125 0.4942396040100251 0.48054118125 0.5387806390977444 0.4862811671875 0.5395861453634085 0.4884153453125 0.5396458997493734 0.4980425734375 0.4472071654135338 0.48224980781250004 0.4248407443609023
1 0.45267353750000006 0.4515327243107769 0.4390173375 0.42477240100250624 0.4363290328125 0.42439514285714286 0.42669733593750003 0.4636287343358396 0.4253687078125 0.4879876967418546 0.43325622968750005 0.5021664210526317 0.4464599984375 0.49571163909774435 0.4449066140625 0.465245022556391 0.45267353750000006 0.4515327243107769
1 0.413076721875 0.4739647067669173 0.430006703125 0.46444183709273185 0.43218436562500007 0.4345573634085213 0.43982304375 0.4242762807017544 0.44012227968750006 0.4187901303258145 0.43066057031250005 0.3692245213032581 0.42914542187500004 0.3684561403508772 0.4240737421875 0.36798233082706766 0.418285178125 0.388126984962406 0.41904707500000005 0.42079340852130326 0.4043852796875 0.44951157894736843 0.4127359265625 0.4739168822055138 0.413076721875 0.4739647067669173
1 0.3533424234375 0.4479711578947368 0.360200734375 0.4399758245614035 0.3590922640625 0.41479372431077693 0.3704933203125 0.39031232832080204 0.3503071828125 0.3483616215538847 0.3489015859375 0.34828289223057646 0.3421407515625 0.3747803784461153 0.3412474859375 0.3911574235588972 0.3452466515625 0.4014581829573935 0.34027775625 0.40893636591478694 0.3388579234375 0.4349674812030075 0.3431415828125 0.44653964661654133 0.3533424234375 0.4479711578947368
1 0.440413434375 0.47528510275689223 0.436724534375 0.48108411528822054 0.43644887812500005 0.48613796992481206 0.469541246875 0.5051229874686717 0.4738668125 0.4921858320802005 0.4688092828125 0.4797446992481203 0.467115628125 0.47903229323308266 0.440413434375 0.47528510275689223
1 0.58928700625 0.3583403233082707 0.5738704796875 0.35312649373433586 0.56724274375 0.3521964060150376 0.5590120093750001 0.3961649749373434 0.5763739906249999 0.4009823408521303 0.5822669125 0.4019758195488722 0.5890534078125 0.36262311528822055 0.58928700625 0.3583403233082707
1 0.61397635 0.6102141654135338 0.622623778125 0.6102502656641604 0.629907221875 0.562566343358396 0.63055195 0.5507459348370927 0.601075565625 0.5390498621553884 0.6147919640625 0.5234809423558897 0.6271075734375 0.4623864285714286 0.6196917078124999 0.45624087719298245 0.6216879 0.4288467794486216 0.60532413125 0.4103730927318296 0.6047041421875 0.41028608771929825 0.5921284234375 0.42442051879699244 0.5934252265625 0.4497901679197995 0.570659715625 0.4816268947368421 0.5627259328124999 0.5257547218045113 0.5675359484375 0.5352863884711779 0.5976398421875 0.5322415288220551 0.5857259203125 0.5770321403508772 0.591910225 0.5892871428571429 0.6033449734375 0.5834467518796993 0.6005576515625 0.5893232406015038 0.6133279468749999 0.5975293408521304 0.61397635 0.6102141654135338
1 0.538106228125 0.5144006691729324 0.53354960625 0.4905467568922306 0.541390228125 0.46241017543859647 0.52849451875 0.4423606516290727 0.5248130515625 0.44184402255639094 0.5201432593749999 0.4470130401002506 0.5173704375 0.49784972681704265 0.5300724578125 0.5494079799498747 0.5303693796875 0.5494862556390977 0.538106228125 0.5144006691729324
1 0.5124594359375 0.5330670927318296 0.52272026875 0.5147910551378446 0.5242098203125 0.48748173182957394 0.5104543640625 0.4869681904761905 0.5037502515625001 0.49791293984962404 0.5041571968749999 0.5228059949874687 0.48863897031250003 0.5495922882205514 0.490517959375 0.5603074210526315 0.49777145 0.561325320802005 0.5123905468750001 0.5479912380952381 0.5124594359375 0.5330670927318296
1 0.558555365625 0.5648236140350877 0.5523820109375001 0.5748547418546366 0.5520546625 0.5808563082706767 0.557402196875 0.5975049197994987 0.5636062171875 0.5987855964912281 0.5798167859375 0.5744113634085213 0.5649638484375 0.5657229348370928 0.558555365625 0.5648236140350877
1 0.5316147375 0.5675592055137845 0.5351612390625 0.5455048796992481 0.5353806234375 0.5414827067669173 0.5251067296875 0.5324554461152883 0.523124528125 0.5321772781954887 0.5228108125 0.547074313283208 0.5122968984375 0.5626648746867168 0.51219743125 0.5641023609022556 0.5316147375 0.5675592055137845
1 0.40894158750000004 0.5029469348370927 0.4194802046875 0.5093855839598997 0.43239575468749997 0.5029352506265664 0.433272440625 0.48686218295739353 0.41048864218750003 0.4836648721804511 0.40894158750000004 0.5029469348370927
1 0.1921652609375 0.06918910025062656 0.1932646015625 0.10448493483709273 0.201889128125 0.11236356892230577 0.23681607656249998 0.10900960150375939 0.24376890625 0.1255323483709273 0.2427920984375 0.15040713032581454 0.2520336390625 0.16455942857142855 0.2757068984375 0.16788156140350877 0.3252293828125 0.1206121328320802 0.34296498125 0.10086346115288221 0.3444994890625 0.07272991729323308 0.3205915078125 0.043142521303258144 0.2849021734375 0.05393701754385965 0.269844990625 0.07815464160401002 0.25437484375 0.045036137844611523 0.22547999999999999 0.024997280701754384 0.22081913437499998 0.024779749373433583 0.20714643124999998 0.030371709273182956 0.1929929984375 0.061110812030075186 0.1921652609375 0.06918910025062656
1 0.2044560796875 0.21756673182957395 0.2127677265625 0.20896255388471177 0.234651290625 0.2103374912280702 0.2470506703125 0.19867958897243107 0.25037440625 0.16649866416040102 0.230666490625 0.14143420551378447 0.22267803281249998 0.14031316541353384 0.20420910937499998 0.164582335839599 0.1861132171875 0.15127685213032582 0.1604388765625 0.19783455388471177 0.16018779375 0.2024378972431078 0.2044560796875 0.21756673182957395
1 0.3642793953125 0.45774723057644107 0.3712503453125 0.46649241102756894 0.3790490359375 0.45182719047619047 0.370812828125 0.4302961127819549 0.3696716515625 0.4301359674185463 0.364451209375 0.45459721303258144 0.3642793953125 0.45774723057644107
1 0.38731902812499996 0.4629999072681704 0.3909989453125 0.4409908822055138 0.38644951875 0.4324904511278196 0.3834668671875 0.4320718872180451 0.3716134796875 0.4362805864661654 0.3653015296875 0.42952269674185467 0.36139872500000003 0.42897500501253133 0.3608633515625 0.4341081754385965 0.36019561875 0.4463503458646616 0.372402665625 0.4666399649122807 0.38731902812499996 0.4629999072681704
1 0.5225704515625 0.587447984962406 0.5297003515625 0.5871906240601504 0.5229626796875 0.5656521353383458 0.5100958765625 0.5737085989974937 0.50976441875 0.5797855037593985 0.5100129812499999 0.5856857619047618 0.5225704515625 0.587447984962406
1 0.605921859375 0.6045023784461153 0.6044412828125 0.6044885588972431 0.5977459328125 0.6137535037593985 0.6031516390625 0.6264303909774436 0.6067280046875 0.6269322731829574 0.6234215484375001 0.6239617869674186 0.62352081875 0.6221417919799499 0.62350361875 0.6152375288220551 0.605921859375 0.6045023784461153
1 0.5821529937500001 0.6200175864661653 0.5960302000000001 0.6100215062656642 0.58171245 0.6007792205513784 0.5792195078125 0.6004293784461153 0.5790152171875 0.6041748145363409 0.5821529937500001 0.6200175864661653
1 0.85130603125 0.7593722932330828 0.845281609375 0.7585268696741855 0.8405071359375 0.7631596817042607 0.8383282421875 0.7829806240601503 0.84670125 0.8000327669172933 0.850234928125 0.7790098145363408 0.85130603125 0.7593722932330828
1 0.686954471875 0.45831717794486215 0.6822398984375 0.4513569598997494 0.6348421984375 0.44470551378446116 0.63267259375 0.44905897493734337 0.60142059375 0.45092387468671674 0.5947476953125 0.45951770426065164 0.594469240625 0.46462287468671676 0.6119085046875 0.5117850852130326 0.6234685734375 0.49209925814536337 0.6670904546875 0.493495365914787 0.6771861109375 0.4708975588972431 0.6955772828125 0.48079778696741854 0.7049407359375001 0.4567439874686717 0.7023189859375 0.4541747117794486 0.6977545265625 0.45353416791979956 0.6899651171875 0.46163678696741856 0.6891462671874999 0.45232614786967423 0.6881497515625 0.45218630576441105 0.686954471875 0.45831717794486215
1 0.54436790625 0.17901442857142855 0.564291109375 0.06895255137844611 0.5648819890625 0.05811941854636591 0.556988734375 0.03842099248120301 0.54260478125 0.02781 0.5001892 0.0242444335839599 0.4651120875 0.03947265162907268 0.4600204203125 0.12178081704260653 0.47091839062499996 0.1866294360902256 0.48830806875 0.19771645614035085 0.5210910671875 0.20231698245614033 0.54436790625 0.17901442857142855
1 0.49495503750000003 0.3629465187969925 0.49945410625 0.3374713233082707 0.49973584843749996 0.3323058771929825 0.486927784375 0.2880929674185464 0.4622422359375 0.2846287794486216 0.45392980156249996 0.2966095162907268 0.45115974531249997 0.3366419373433584 0.4621948546875 0.35902007769423555 0.49495503750000003 0.3629465187969925
0 0.65550600625 0.20935451629072682 0.6618239781249999 0.20179449122807017 0.7303223390625 0.2134017644110276 0.7414117890624999 0.18610875939849625 0.7433030078125 0.15143532080200503 0.7006143828125 0.1369397619047619 0.6726723640625 0.13301858395989977 0.6205690453125 0.17934886466165414 0.6251343390625 0.2043513007518797 0.65550600625 0.20935451629072682
0 0.6931592281250001 0.05615377443609023 0.6960516078125 0.025602531328320802 0.6892654984375 0.024650218045112783 0.6837837203125 0.08608846115288221 0.6795269453125 0.141697328320802 0.6791518703125 0.14857391729323308 0.717112578125 0.16482277944862156 0.7280123828125 0.11497528822055138 0.7265086515625 0.08320649122807018 0.7214650453125 0.08739864411027569 0.6931592281250001 0.05615377443609023
0 0.7215676703125 0.029183268170426064 0.712692571875 0.027937802005012533 0.7202714718750001 0.03466200751879699 0.7215676703125 0.029183268170426064
0 0.6490718906249999 0.24543526817042607 0.631073303125 0.24290947869674187 0.6249217078125 0.26318578446115287 0.6046006921875 0.27887368421052633 0.604582840625 0.279200977443609 0.6382800984375 0.29365724812030075 0.6655045984375 0.29549794486215536 0.6718341046875 0.2552336290726817 0.6490718906249999 0.24543526817042607
0 0.62356604375 0.31712716040100253 0.6022482625000001 0.31850217794486213 0.5962640078125 0.346704328320802 0.6315798765625 0.3536774912280702 0.6409937359375 0.35499856390977447 0.6592194609375001 0.34147603508771934 0.659263946875 0.34066045112781956 0.6493791437499999 0.31876707769423557 0.62356604375 0.31712716040100253
0 0.635219796875 0.3788975087719298 0.6356970453125 0.3701476766917293 0.6233080734375 0.3248424561403509 0.6221695421875 0.3246826817042607 0.6185905203125001 0.3267819473684211 0.615396225 0.36851098245614033 0.61246388125 0.42227233834586464 0.6133570640625 0.43105845112781954 0.6296722140625 0.4333755614035088 0.635219796875 0.3788975087719298
0 0.612951584375 0.3636425288220551 0.6054343921875 0.41456706766917295 0.614391025 0.45883068170426067 0.6200045296875001 0.4565597493734336 0.624691896875 0.3706219523809524 0.6227841671875 0.36502236090225565 0.612951584375 0.3636425288220551
0 1 0.36803649624060153 0.9476573453125001 0.36559356140350874 0.9381165812500001 0.3758188571428572 0.9357952875000001 0.38935627318295735 0.9352795203125 0.3988123182957393 0.9578542015625 0.4019802857142857 1 0.38228182706766917 1 0.36803649624060153
0 0.3667619796875 0.083060664160401 0.36991716874999997 0.12433537593984961 0.3624621546875 0.1459902932330827 0.3803620578125 0.14986219298245615 0.39421549843750003 0.15180628320802006 0.41893517031250005 0.14584086466165413 0.4058129609375 0.09886064912280702 0.3688856359375 0.08333872431077693 0.3667619796875 0.083060664160401
0 0.19159176875 0.05802259147869674 0.21241626406249997 0.09202121303258146 0.24590278125 0.0973438120300752 0.231981584375 0.04969762656641604 0.203189028125 0.04835382205513785 0.19166036250000001 0.05676497744360902 0.19159176875 0.05802259147869674
0 0.3922749109375 0.33739157644110274 0.376990859375 0.33052952380952383 0.3755709328125 0.3303302631578947 0.364548946875 0.3302274085213033 0.3539580625 0.3307563408521303 0.35200829218749996 0.33765056641604013 0.3518770171875 0.340057328320802 0.3577483125 0.3479558796992481 0.38007155 0.3510885588972431 0.38658768593750004 0.35114936842105265 0.3922749109375 0.33739157644110274
0 0.30853289375 0.30079591979949877 0.308334271875 0.30076804761904763 0.2985994953125 0.3147857343358396 0.296919415625 0.34194465664160395 0.30271007499999997 0.3497628671679198 0.3083095515625 0.304890664160401 0.30853289375 0.30079591979949877
0 0.448150053125 0.29774622055137845 0.43139210468750006 0.29539453132832083 0.4300552609375 0.31579629323308267 0.42960542031250004 0.3240436240601504 0.444723778125 0.3196373859649123 0.448150053125 0.29774622055137845
0 0.46475564687500004 0.4176190350877193 0.49163645 0.40982850877192983 0.47433205 0.4045698170426065 0.4629436375 0.402971649122807 0.462911065625 0.40356881203007516 0.46475564687500004 0.4176190350877193
0 0.581499359375 0.46831020551378444 0.58524321875 0.504787962406015 0.5865297140625 0.49516080952380953 0.587993646875 0.46832120050125314 0.5856213203125 0.46798828571428575 0.581499359375 0.46831020551378444
0 0.9181431343750001 0.4398057493734336 0.9382421593749999 0.44514214035087724 0.97272943125 0.431113037593985 0.9225743046874999 0.4196719147869674 0.91470309375 0.4185673258145364 0.8998730265624999 0.4296943383458646 0.8639360999999999 0.42716705263157895 0.8512405859375001 0.44425425062656637 0.8767194593750001 0.4516035288220551 0.9181431343750001 0.4398057493734336