0 0.0570430390625 0.047905393750000004 0.0442162 0.213882503125 0.099151 0.054623546875 0.1008279671875 0.027307959375000003 0.06981108124999999 0.019691168749999998 0.0570430390625 0.047905393750000004
0 0.135321578125 0.209076371875 0.1399417140625 0.13382040312500001 0.14255638125 0.06589138125 0.1402995625 0.06533717812499999 0.0987878578125 0.20362778124999997 0.0977956671875 0.21836919687499998 0.090660440625 0.35848755 0.135321578125 0.209076371875
0 0.30228641875 0 0.23574425781250002 0.16054609687500002 0.22918124999999998 0.322242084375 0.22923659375 0.322246596875 0.2902140109375 0.19901825312500002 0.3024321953125 0 0.30228641875 0
0 0.3300736796875 0.1591668625 0.32602536875 0.158172721875 0.29966187187500004 0.224620446875 0.29196769218749996 0.349948596875 0.29108245 0.37526768125 0.3287772578125 0.303473528125 0.3304273125 0.2562797625 0.3300736796875 0.1591668625
0 0.376071921875 0.47777934375 0.4128374953125 0.3812303125 0.418292615625 0.292373540625 0.3823979703125 0.3580844125 0.376071921875 0.47777934375
0 0.44924437656249994 0.403622996875 0.559206421875 0.40744012500000004 0.55936851875 0.40479977187499994 0.55214105 0.3364900125 0.47319396874999997 0.317103046875 0.4646694328125 0.317302825 0.4494991453125 0.4006678 0.449288453125 0.40290503749999995 0.44924437656249994 0.403622996875
0 0.09435347031249999 0.209695690625 0.0940012875 0.189351884375 0.093264646875 0.1891709875 0.06709440625 0.27968332500000004 0.0626275390625 0.38808656875 0.08941559375 0.29012724375 0.09435347031249999 0.209695690625
0 0.1517425390625 0.36095476249999997 0.1628282390625 0.36367706875 0.189348240625 0.354741303125 0.1896302 0.35014855 0.15599121875 0.312447871875 0.14212133124999998 0.30805432499999996 0.0950624140625 0.30430039999999997 0.1517425390625 0.36095476249999997
0 0.292291215625 0.3446788125 0.2923367953125 0.34393639062500003 0.25385085625000003 0.30731770625 0.19944579843750002 0.293957503125 0.1981459203125 0.293950365625 0.19810144375 0.294381153125 0.2329694625 0.346329425 0.292291215625 0.3446788125
0 0.291517140625 0.357287490625 0.29166265 0.310306178125 0.2913780765625 0.310236296875 0.27674794375 0.34729325625 0.27523649687499996 0.438444415625 0.28870972968749997 0.40301654062500003 0.291517140625 0.357287490625
0 0.44299103906250004 0.479839465625 0.433176309375 0.44154546562499997 0.4102321625 0.42758029999999997 0.393902525 0.42357024374999996 0.40374412499999995 0.471984125 0.44293421874999994 0.48076500937500005 0.44299103906250004 0.479839465625
0 0.30999235937499997 0.44074611875 0.3234190640625 0.44404330312500007 0.35373593125 0.44643999687499997 0.353792184375 0.44552369062499997 0.3176247359375 0.40096364375000004 0.315559971875 0.40009529375 0.2867612328125 0.39097275 0.30999235937499997 0.44074611875
0 0.16625762500000002 0.371866225 0.1992128296875 0.4009482125 0.21757743125 0.405457990625 0.24092609375000001 0.409179046875 0.24092705468750003 0.40913777500000004 0.20788499218749998 0.37309063125 0.2073356015625 0.372936209375 0.16629961875 0.371182203125 0.16625762500000002 0.371866225
0 0.0757800578125 0.37378540312499997 0.0948503953125 0.378468490625 0.10934677968749999 0.375749715625 0.10945846562499999 0.373930496875 0.067736803125 0.343629665625 0.054372884375 0.339236846875 0.02294645 0.337845121875 0.0757800578125 0.37378540312499997
0 0.12594929375 0.361738628125 0.12609085625 0.359432771875 0.1194793734375 0.318398775 0.11863336718749999 0.31819102187500004 0.11061119999999999 0.35889029375 0.1103493515625 0.36450010312500003 0.11104627656249999 0.44992953125 0.12594929375 0.361738628125
0 0.008044089062499999 0.310684203125 0.02404664375 0.32642744375 0.058497889062499996 0.33023236875 0.0585202109375 0.329136703125 0.015930498437500003 0.28037649375 0.009820390625 0.27887604062500004 0.008131740625 0.30638195625 0.008044089062499999 0.310684203125
0 0.2667254375 0.42776312812499995 0.2667834359375 0.4268183875 0.240816828125 0.39227406249999996 0.2336681 0.390518553125 0.20114848125 0.39846390625 0.20112471875 0.39876396875000003 0.23764186406249999 0.422597075 0.2667254375 0.42776312812499995