0 1 0.37407607187499997 0.9582691453125 0.359528390625 0.9337081812499999 0.353496975 0.9205489984374999 0.365600378125 0.9141168859375 0.43178108125000003 0.92570816875 0.436287315625 1 0.39175540625 1 0.37407607187499997
0 0.8306781093750001 0.47140993125 0.8505828515625 0.48030181250000004 0.9041312515625 0.501119321875 0.9862117359375 0.45980871875 0.9426297781249999 0.44286576875000006 0.907320625 0.43125938750000004 0.830807665625 0.47007691874999996 0.8306781093750001 0.47140993125
0 0.792173875 0.39074141875 0.867320278125 0.307303940625 0.8674548468750001 0.30591935000000003 0.7900362546874999 0.275815634375 0.788102646875 0.2753864125 0.6990817671875 0.35455087500000004 0.792173875 0.39074141875
0 0.7180327078125 0.510487484375 0.7283081359375 0.37018792500000003 0.7072369921874999 0.2781340625 0.7062431375 0.277747690625 0.69178884375 0.426469484375 0.7180327078125 0.510487484375
0 0.6156659328125 0.417783959375 0.609274171875 0.41613879374999996 0.5651604109374999 0.4680289875 0.6077349328125 0.48458028437499995 0.669006990625 0.44038775 0.6156659328125 0.417783959375
0 0.571912315625 0.34968125625 0.468236315625 0.309376109375 0.46684252343750005 0.31909756875 0.46276157656250005 0.39315760625 0.544171109375 0.433001590625 0.570727359375 0.361873396875 0.571912315625 0.34968125625
0 0.8859765984375001 0.54116554375 0.921420225 0.575126884375 0.9886813796875 0.5628675875 0.9558720031249999 0.540335025 0.9282021687500001 0.529578084375 0.886157428125 0.53930498125 0.8859765984375001 0.54116554375
0 0.8188124296874999 0.5443642875 0.8479851437500001 0.577908328125 0.914030046875 0.5636303125000001 0.875762728125 0.5378431031249999 0.8515861828125001 0.5284442125 0.819358321875 0.53874755 0.8188124296874999 0.5443642875
0 0.8201386953125 0.49796292500000006 0.7872218765625 0.4779539875 0.75972613125 0.467264725 0.7203797046875 0.49362604687499995 0.720325046875 0.49409954687499996 0.7600704484375 0.516774175 0.8200514890624999 0.498860209375 0.8201386953125 0.49796292500000006
0 0.7331148140625 0.5327498187499999 0.75940975625 0.51683706875 0.7594521140625 0.516401234375 0.7231005203125 0.494411496875 0.7152785578125 0.49137062499999995 0.693881771875 0.505080803125 0.69365738125 0.50688076875 0.7315131921875 0.532088403125 0.7331148140625 0.5327498187499999
0 0.5795417234375 0.45133544687500005 0.574531521875 0.502885946875 0.5735724140625 0.5264163625 0.588395528125 0.557627221875 0.5989023109375 0.48077108125 0.582813740625 0.452607478125 0.5795417234375 0.45133544687500005
0 0.691455896875 0.51994925 0.647507965625 0.5398925218749999 0.6474632921875 0.540259965625 0.673737925 0.55480850625 0.6901947796875 0.5612062812499999 0.7215154375 0.53005020625 0.7216240171875 0.528933028125 0.69356940625 0.520380515625 0.691455896875 0.51994925
0 0.83707276875 0.58381473125 0.8103656515625 0.563355128125 0.78886025625 0.554994678125 0.7613652515625 0.562227290625 0.7613577796875 0.5623041843750001 0.79872155 0.58620074375 0.7997008921875 0.586701215625 0.8370695203125 0.58385158125 0.83707276875 0.58381473125
0 0.9240120453125 0.673899034375 0.925928128125 0.7196110499999999 0.935295709375 0.669439175 0.9326497125 0.5850251531249999 0.9240120453125 0.673899034375
0 0.8930714249999999 0.563672978125 0.879817378125 0.596134846875 0.8777714015625 0.691926071875 0.88990721875 0.63174405625 0.8944230734374999 0.585279940625 0.8943604953125 0.56417411875 0.8930714249999999 0.563672978125
0 1 0.593965440625 0.9912261765625001 0.589097721875 0.9669751515625 0.579669878125 0.960738740625 0.5777686937500001 0.950347859375 0.580567184375 0.9456097765625 0.61593271875 0.9476588125 0.616729303125 1 0.595768621875 1 0.593965440625
0 0.7658707484375 0.5158697531249999 0.7593390859375 0.5830747406250001 0.760580640625 0.64268885625 0.7609341171875 0.642826275 0.7752575 0.574360128125 0.7658707484375 0.5158697531249999