0 0.9348799624999999 0.386439634375 0.9423122796875001 0.41505379062500003 0.980259996875 0.426622240625 0.943440765625 0.22353843437499998 0.9348799624999999 0.386439634375
0 0.831200959375 0.386172515625 0.9059696078125 0.4183910625 0.9837839453124999 0.3776996 0.9755152656250001 0.37371797500000004 0.8879517015625 0.355311371875 0.831278921875 0.384688990625 0.831200959375 0.386172515625
0 0.6829328125 0.307599059375 0.75383839375 0.33340404375 0.761598334375 0.33503525 0.8531447828125 0.2386131875 0.7583972875 0.20978245 0.752784965625 0.20866867500000003 0.6832405765625 0.3017427125 0.6829328125 0.307599059375
0 0.6853016296875001 0.31872278125000003 0.649432965625 0.377031475 0.6492482171875 0.38054699687500004 0.7132003203124999 0.393990271875 0.7163783453125 0.3945091125 0.7621984265624999 0.3400496875 0.7058632312500001 0.3220796375 0.6853016296875001 0.31872278125000003
0 0.596654040625 0.454566253125 0.623923990625 0.534550203125 0.629853134375 0.45369365625 0.6031297140625 0.3313424125 0.596654040625 0.454566253125
0 0.5612253109374999 0.34106176875 0.5101863203125 0.329603753125 0.47687424843750004 0.32611213125 0.45208284218749994 0.408229859375 0.5158961125 0.42164395 0.560264996875 0.4289268625 0.5603326203125001 0.42820880624999996 0.5605603921875 0.42387458125000005 0.5612253109374999 0.34106176875
0 0.9355731687500001 0.45644599374999995 0.8849559015624999 0.4702165375 0.937452028125 0.5019224062500001 0.938111340625 0.502170771875 0.9883617921875001 0.485823609375 0.9599615640625 0.46157264062500003 0.9355731687500001 0.45644599374999995
0 0.8575210578125001 0.454729928125 0.857128765625 0.460826415625 0.8568998328124999 0.4651827125 0.8685939046875 0.5949696062500001 0.8826295312499999 0.482913746875 0.8730409187499999 0.3993102 0.871108715625 0.398904034375 0.8575210578125001 0.454729928125
0 0.7683919921875 0.474720721875 0.8174144546875001 0.442289221875 0.8174192140625 0.44201665312499994 0.768131190625 0.42952320625 0.757050390625 0.42887836874999996 0.7235275796875 0.46528984375000004 0.7683919921875 0.474720721875
0 0.692856446875 0.477518878125 0.7361775875000001 0.49300532500000005 0.7586342375 0.471820475 0.7319927984375 0.460784878125 0.7138304734375 0.45696700312500005 0.6929465390625 0.47580453437500003 0.692856446875 0.477518878125
0 0.5988458828125001 0.50752265625 0.6124742609375 0.47554391249999994 0.5842542328125 0.464293325 0.5725542734375 0.461833896875 0.5569316718749999 0.5066061937499999 0.5988458828125001 0.50752265625
0 0.688669296875 0.43282463125000004 0.6764720093750001 0.510677253125 0.69383335 0.5797007125 0.6939014953125 0.57897710625 0.6983893812499999 0.513495303125 0.6900671625 0.433118471875 0.688669296875 0.43282463125000004
0 0.794016415625 0.5556161875 0.7994937234374999 0.5986781125 0.8051664625000001 0.5152965375 0.7982655515625 0.474760515625 0.794016415625 0.5556161875
0 0.8932515890625 0.5507552687499999 0.927752465625 0.5679216968749999 0.93221101875 0.568858925 0.9814840281249999 0.560475234375 0.9576345546875 0.54278103125 0.95409983125 0.542038003125 0.8933028515625001 0.549779778125 0.8932515890625 0.5507552687499999
0 0.8539368812499999 0.5514601 0.8706344640625 0.5708583625 0.9179804624999999 0.5598972343749999 0.9041646859375 0.55353670625 0.86079360625 0.5444197375 0.85419190625 0.546607278125 0.8539368812499999 0.5514601
0 1 0.5045534093749999 0.9963404312499999 0.503784134375 0.9490706015624999 0.5357106593750001 0.9489849984375001 0.536791621875 0.9650491656250001 0.541197434375 0.9847825296874999 0.545345553125 1 0.5371392968750001 1 0.5045534093749999
0 0.7660995078124999 0.59608926875 0.777031996875 0.525963459375 0.7655548234375 0.46938467812500007 0.7619801546875 0.537406090625 0.7659628421875 0.59604923125 0.7660995078124999 0.59608926875