0 0.17400555625 0.6922030325 0.19316102968749999 0.3888481725 0.19886469843750001 0.2583421525 0.1512745609375 0.2153853225 0.150559846875 0.2153053575 0.1281428859375 0.6305512725 0.1720691640625 0.69216698 0.17400555625 0.6922030325
0 0.5940010015625 0.714528755 0.6409949046875 0.6865451975000001 0.67197075625 0.343046365 0.674714259375 0.3012820625 0.6747413578125 0.30066203 0.621955878125 0.299230475 0.602834371875 0.5124117975 0.5940010015625 0.714528755
0 0.60846758125 0.5985517725 0.6322666156250001 0.5907458824999999 0.66095918125 0.30603583749999996 0.6629828734375 0.282996925 0.66323781875 0.27716353 0.630974428125 0.2701820675 0.6174380109375 0.3932988 0.60846758125 0.5985517725
0 0.24097451250000002 0.5587331425 0.258119940625 0.264399815 0.2599938140625 0.2215235925 0.2176550640625 0.22845583000000003 0.2093691078125 0.5450716825 0.23079901249999998 0.55759468 0.24097451250000002 0.5587331425
0 0.0967159765625 0.2938708275 0.046281365625 0.2733553875 0.0439718828125 0.27281412499999996 0.008680687500000001 0.2999139275 0.0086795421875 0.30001891 0.0347335640625 0.3076027775 0.09616721406249999 0.3144761525 0.0967916828125 0.3001876575 0.0967159765625 0.2938708275
0 0.08107671875 0.2559238825 0.0415144671875 0.245708825 0.0380944953125 0.24532618750000001 0.01023536875 0.26467287500000003 0.1319493171875 0.284200795 0.1319673234375 0.2837887825 0.08107671875 0.2559238825
0 0.20145166093750003 0.3412041175 0.356035490625 0.36510005749999996 0.3640030546875 0.36539677249999997 0.3694667390625 0.3329110175 0.37002857968749997 0.3200555075 0.23366379375 0.30479862 0.21770924218749999 0.303340065 0.20145166093750003 0.3412041175
0 0.5152869015625 0.392139745 0.5514833171875 0.4030098075 0.671132109375 0.4163964625 0.67815201875 0.3914114475 0.5310090468750001 0.347736855 0.5148741328125 0.343801845 0.5152869015625 0.392139745
0 0.8721563078125 0.263468475 0.8481207562499999 0.2888797625 0.8451219609375 0.553649875 0.845512940625 0.5536936175 0.861203125 0.5140889725000001 0.8721563078125 0.263468475
0 0.9996361109375 0.464584855 0.8771531171875001 0.450714815 0.9347548953124999 0.5135561725 0.9781783390625 0.5184145125 0.9972289828124999 0.519662525 0.9996361109375 0.464584855
0 0.1264691359375 0.33791525499999997 0.1340137015625 0.1652875525 0.1214781609375 0.184056615 0.1142562765625 0.31671909249999997 0.12583695781249998 0.337844525 0.1264691359375 0.33791525499999997
0 0.22308317500000002 0.2569110375 0.2271094515625 0.25717353 0.2271310921875 0.25667837 0.1996115953125 0.23453374749999997 0.1841954453125 0.228524375 0.1688398859375 0.224868895 0.1535111140625 0.2231538675 0.1357731203125 0.23871235 0.22308317500000002 0.2569110375
0 0.384440065625 0.33419843 0.3872611875 0.3199837125 0.3875341875 0.31373717500000003 0.25802748750000004 0.28663610500000003 0.25295508906249997 0.3140416475 0.2889232640625 0.32351173250000004 0.384440065625 0.33419843
0 0.5540527640625 0.445901065 0.559142190625 0.446470485 0.5718465734375 0.44487436 0.58785928125 0.245795405 0.5883330203125 0.23495575500000002 0.5650269484375 0.251358275 0.5602772828125 0.30347745 0.5540527640625 0.445901065
0 0.7460695765625001 0.37465858750000003 0.7490811734375 0.374995535 0.751603021875 0.375065965 0.8584098515624999 0.362968225 0.8584905375 0.3611220325 0.843083190625 0.3454150775 0.7705927546875 0.3373046375 0.7241992671874999 0.337399125 0.7460695765625001 0.37465858750000003
0 1 0.4220541775 0.9721894109375 0.395826465 0.9464175734375001 0.392078905 0.9463860953125 0.39279914750000006 0.9460664859374999 0.42209587 0.9706786749999999 0.4248495525 1 0.42512248999999996 1 0.4220541775
0 0.2510847765625 0.251613425 0.26872162187500004 0.23685587000000002 0.2687732296875 0.23567502 0.1993494640625 0.2223221275 0.21676186875 0.23780525 0.24394136406250003 0.2508142 0.2510847765625 0.251613425
0 0.3755766171875 0.3006274 0.3762457890625 0.2853160175 0.2661661421875 0.267460615 0.25724580937499997 0.283933165 0.32129732031249997 0.294554475 0.3755766171875 0.3006274
0 0.3921918078125 0.2774260125 0.3988981625 0.263139005 0.340605134375 0.2566170125 0.299496959375 0.252823005 0.2866384015625 0.2699620175 0.3552964796875 0.27673910500000004 0.3921918078125 0.2774260125
0 0.519036428125 0.3292086225 0.6044983187499999 0.330983065 0.604616290625 0.32828373499999997 0.58482775 0.30948173749999996 0.4801960421875 0.2880008 0.4945174859375 0.3264653725 0.519036428125 0.3292086225
0 0.7614224328125 0.32428879 0.679418059375 0.317527245 0.69557969375 0.3414424825 0.69745238125 0.3416520025 0.7614039953125 0.3247106875 0.7614224328125 0.32428879
0 0.9457177578125 0.4646606325 0.9590129078125 0.4264349325 0.96279641875 0.33986414000000004 0.961925421875 0.2949893075 0.9473543265625001 0.30277882500000003 0.9450586109374999 0.4645868875 0.9457177578125 0.4646606325
0 0.7102234875 0.24141137499999998 0.6924930140625001 0.2556797025 0.6958100046875 0.3840552375 0.6975707828125 0.38408801750000005 0.7041570546875 0.38021784750000004 0.7102234875 0.24141137499999998
0 0.9209014671875 0.366652135 0.92095438125 0.3654414075 0.8929606546875 0.34251783 0.865589059375 0.3401754625 0.851478284375 0.3588848675 0.9209014671875 0.366652135
0 0.8827398734375 0.34385591249999997 0.8613282859375 0.315868865 0.8344882984374999 0.32140397 0.8126212359375 0.336932645 0.882714871875 0.344427975 0.8827398734375 0.34385591249999997
0 0.5583934828125 0.37120357499999995 0.5694626296874999 0.23666277000000002 0.570422703125 0.2146952775 0.5514648656250001 0.2180750775 0.5462564359375001 0.3613075275 0.5572657953125 0.37107740749999996 0.5583934828125 0.37120357499999995
0 0.33319059218749997 0.231600215 0.337196925 0.2562356925 0.41317048749999996 0.264735835 0.41347239374999994 0.2578278875 0.4110642015625 0.237137995 0.33321320781249997 0.23082329999999998 0.33319059218749997 0.231600215