0 0.3001238921875 0.59446818 0.31015512031250003 0.5337628925 0.30913564843749997 0.5245121475 0.0521796796875 0.5730913249999999 0.0251803328125 0.6567094925000001 0.1568456265625 0.6348902975 0.3001238921875 0.59446818
0 0.504064771875 0.5278994425 0.5770074593750001 0.5214300425 0.7567630453125 0.4707168275 0.736515178125 0.42199884750000005 0.4992621375 0.4427551125 0.492239403125 0.4438040725 0.504064771875 0.5278994425
0 0.659027634375 0.546523015 0.62289729375 0.21867446000000001 0.5908482859374999 0.24571852249999998 0.6331786890625 0.5428684324999999 0.6348127484375 0.553354595 0.659027634375 0.546523015
0 0.113423059375 0.4906342325 0.113862078125 0.49461790499999997 0.12843084062500001 0.5563642925 0.133095271875 0.55527956 0.3249701171875 0.50114722 0.327274025 0.4617431775 0.32699074375000003 0.45864886749999995 0.113423059375 0.4906342325
0 0.0240449703125 0.4867163825 0.0514766984375 0.53210065 0.052304550000000005 0.5317622 0.04702756875 0.47843214500000003 0.037758309375 0.3943224025 0.029238231250000003 0.39672611500000005 0.019413490624999998 0.4013652175 0.0240449703125 0.4867163825
0 0.057130162500000005 0.45366594 0.0550592484375 0.407342745 0.0522434515625 0.38179206 0.035321306250000004 0.343967435 0.05146103125 0.5376934074999999 0.0515649421875 0.53766409 0.057130162500000005 0.45366594
0 0.1872044453125 0.47313531 0.2949997390625 0.4425248575 0.339815659375 0.42728339249999997 0.34837035312500003 0.39103437 0.34798457968749996 0.3875338375 0.1933235984375 0.421513695 0.1875604890625 0.4231396 0.1869783 0.47178493000000005 0.1872044453125 0.47313531
0 0.58628573125 0.4781953625 0.605615409375 0.4649716875 0.57880581875 0.22170009749999997 0.5487008828125 0.2201452025 0.58154645625 0.457331225 0.5849390875 0.47857528250000003 0.58628573125 0.4781953625
0 0.827399778125 0.13075538 0.8129521687500001 0.196110525 0.8435941124999999 0.4157569725 0.846789871875 0.41485537499999997 0.8569479265625001 0.39887677250000003 0.827399778125 0.13075538
0 0.9808020828125 0.2846000475 0.8582189437500001 0.3062001425 0.9142356828124999 0.347594585 0.9846926328125001 0.32771704749999997 0.9835843921875 0.3098468675 0.9808020828125 0.2846000475
0 0.11305719218750002 0.4873143375 0.09399908125 0.31438006749999997 0.0845673109375 0.339463635 0.0957808796875 0.47219616999999997 0.11115065625000001 0.487852215 0.11305719218750002 0.4873143375
0 0.1434083359375 0.3740051425 0.15020983593749998 0.43572229999999995 0.155734184375 0.4466888875 0.15627287343750002 0.4464951775 0.15529801875 0.3160287225 0.1543354640625 0.30050769 0.1540996828125 0.30057421 0.14490279374999998 0.3481641 0.1434083359375 0.3740051425
0 0.360825375 0.3754415225 0.36200214062499997 0.34853990500000004 0.2345842625 0.38448743999999996 0.232562328125 0.4211082125 0.360825375 0.3754415225
0 0.5278561515625 0.3398271425 0.6125397828125 0.3118499225 0.6118949015624999 0.30599824000000003 0.5976167265625 0.28206757 0.56094865 0.292412485 0.4753187890625 0.3183076675 0.48499999374999997 0.3519178575 0.5278561515625 0.3398271425
0 0.7440594671875 0.19042196749999998 0.77379345 0.35929236000000003 0.7751625796875 0.3589060975 0.78228339375 0.3404348375 0.7686234609375 0.21648390750000002 0.7527672703125 0.14555128 0.752665825 0.14557121 0.7440594671875 0.19042196749999998
0 0.9548965453125 0.2225033325 0.9548726656250001 0.2220783125 0.9504419875 0.18187410750000002 0.93201731875 0.1867191675 0.9409171781250001 0.276602955 0.94256166875 0.276139005 0.9548965453125 0.2225033325
0 0.22406080312499999 0.354454985 0.2362249984375 0.3380157625 0.2360937609375 0.33682491 0.16629443125 0.34690596749999997 0.18568591875 0.3561502275 0.20804799375 0.35897257000000005 0.22406080312499999 0.354454985
0 0.23082434687500003 0.38399243 0.2671133953125 0.38038735 0.34934338593750003 0.357188365 0.35041213125000004 0.3542690475 0.2283124625 0.3659621225 0.228255053125 0.365971235 0.23082434687500003 0.38399243
0 0.2998916828125 0.25211406000000003 0.30169155625 0.3129948125 0.31409237968750003 0.42552052 0.3164376765625 0.4248588575 0.31257293124999996 0.282118555 0.3114355265625 0.26262450000000004 0.2998916828125 0.25211406000000003
0 0.49426239687500007 0.2280540825 0.4947564578125 0.2318824725 0.524583903125 0.39913735 0.5253562515625 0.3989194525 0.5314731671875 0.36084111999999996 0.5204189859375 0.253375135 0.51414648125 0.1964581 0.5129543453125 0.1967944275 0.49426239687500007 0.2280540825
0 0.67727645 0.21684662249999997 0.700327690625 0.302213995 0.687630190625 0.18699624 0.67727645 0.21684662249999997
0 0.9034119281249999 0.135544655 0.9046043203125 0.154657795 0.9182381828124999 0.27837215 0.9278596890624999 0.23532539249999998 0.9272148124999999 0.2260290625 0.91697578125 0.12024419 0.9034119281249999 0.135544655
0 0.65454545 0.2558523925 0.7099864578124999 0.2314919525 0.7097522859375001 0.2293670675 0.70286708125 0.2117569425 0.698810978125 0.2129012625 0.6191505640625 0.2392939525 0.6307905953125 0.2625541875 0.65454545 0.2558523925
0 0.8307272171875001 0.20385069 0.8204858109375 0.2268067375 0.8869180546875001 0.2080646625 0.8576620078125 0.1965621575 0.8307272171875001 0.20385069
0 0.8091863859374999 0.252841665 0.819615059375 0.218482625 0.818181040625 0.2054702725 0.81083683125 0.17480445249999998 0.7962084703125 0.144156345 0.8080293453125 0.2531680925 0.8091863859374999 0.252841665
0 0.5696653656249999 0.253934575 0.47232182343750007 0.27250066749999996 0.47743846406249996 0.3028963175 0.5650862640625001 0.2756149775 0.5696995828125 0.2542450625 0.5696653656249999 0.253934575
0 0.2974587171875 0.303379675 0.2975519765625 0.3042259175 0.304615940625 0.3266513825 0.318033421875 0.322866 0.32734729375 0.31933 0.379192415625 0.29915955499999997 0.3785823765625 0.29299692499999996 0.374929278125 0.27889012999999996 0.3177986359375 0.2950080075 0.2974587171875 0.303379675