0 0.28574723281250003 0.5103094875 0.0589947625 0.5612982575000001 0.014528821875 0.577640225 0.0151104125 0.5842613999999999 0.049391446875 0.65187168 0.31282072968749997 0.548579935 0.312463540625 0.5455456675 0.28574723281250003 0.5103094875
0 0.6793017515625001 0.6371736175 0.6409281421874999 0.2962816875 0.5879823453124999 0.2706766 0.584110928125 0.2715471475 0.630632503125 0.6866193174999999 0.6830064921875 0.679350585 0.6793017515625001 0.6371736175
0 0.6648931359375 0.50836349 0.544220909375 0.53950787 0.5370211625 0.5974614825 0.5371869375 0.599985085 0.743512321875 0.5418756475 0.739102909375 0.491676285 0.6648931359375 0.50836349
0 0.134152421875 0.7000423875 0.34491287656249997 0.6446676925 0.3445282828125 0.64159745 0.3314039609375 0.5958933275 0.1345550109375 0.6312099825 0.1337245 0.6951706725 0.134152421875 0.7000423875
0 0.07495046718750001 0.780508465 0.06706719531250001 0.6907606300000001 0.0481176234375 0.6950217325 0.05971015625 0.83272324 0.07495046718750001 0.780508465
0 0.14159793125 0.7668432325000001 0.1176464609375 0.755124175 0.10582258281250001 0.757782955 0.07330363437500001 0.7725073600000001 0.023406793749999998 0.8104490950000001 0.14177624375 0.76887326 0.14159793125 0.7668432325000001
0 0.31504714843750004 0.76553518 0.286493396875 0.548010235 0.284432196875 0.5484737275 0.2647350421875 0.57801717 0.290449996875 0.8211861924999999 0.3181585265625 0.8009569625 0.31504714843750004 0.76553518
0 0.6295209265625 0.7350792025 0.6252406484375 0.6863499799999999 0.603299528125 0.4767715175 0.5971331359375001 0.478158125 0.5745659359374999 0.4941070325 0.5755022984375 0.5052365625 0.5997761203125 0.7341335325 0.6295209265625 0.7350792025
0 0.8402290921875 0.4083468575 0.839835578125 0.40843534499999995 0.8562809437500001 0.671837025 0.8811249421875 0.6894430525 0.8598514875 0.44725346 0.8402290921875 0.4083468575
0 0.9337879687499999 0.5690776725 0.9629292968750001 0.5625247975 0.96258815 0.5570371525 0.9535327562499999 0.4539451975 0.913101096875 0.37178213499999996 0.9127980156250001 0.3718416775 0.9288462734375 0.570048495 0.9337879687499999 0.5690776725
0 0.10097162343749999 0.7841194575 0.07697360625 0.790695265 0.0770502546875 0.7915325125 0.0941314984375 0.8120886774999999 0.17594931875 0.785122525 0.185986875 0.765002475 0.10097162343749999 0.7841194575
0 0.211178671875 0.794927685 0.2361319390625 0.7688740025 0.227284959375 0.77086338 0.1477782828125 0.801277535 0.147830946875 0.801877085 0.1672128609375 0.8144980975 0.172894709375 0.8131664700000001 0.196372446875 0.8034545300000001 0.211178671875 0.794927685
0 0.3367843203125 0.67170243 0.3300126375 0.59881392 0.32608278125 0.5996976075 0.30899789375000003 0.6130529299999999 0.3323289875 0.81696613 0.34848545937500003 0.804915115 0.3367843203125 0.67170243
0 0.5770545265625 0.5432627624999999 0.5643953359375 0.546109375 0.5770727828125 0.74041847 0.599636425 0.7541211699999999 0.5811151703124999 0.5432642624999999 0.5770545265625 0.5432627624999999
0 0.78846028125 0.6763617325 0.8088149828125 0.7128705375 0.8089157265625 0.712844045 0.79509485 0.5456802775 0.793470153125 0.5341139475 0.7739673484375 0.5113656050000001 0.78846028125 0.6763617325
0 1 0.5163203475 0.947427225 0.5281421425 0.9500362593749999 0.5578449375000001 0.9752672812500001 0.54984483 1 0.5197378575 1 0.5163203475
0 0.24612277656249998 0.8479640125 0.2545413875 0.8134436150000001 0.24114984375 0.7634571075 0.23272577656250001 0.744465305 0.23574734687499999 0.77886464 0.24612277656249998 0.8479640125
0 0.32825864375 0.7229122099999999 0.2669394625 0.7433797475 0.26744128125 0.7618310524999999 0.26749801406249996 0.7618155899999999 0.386891253125 0.721518785 0.38030099375000004 0.71120969 0.32825864375 0.7229122099999999
0 0.409713353125 0.74751354 0.40961400625 0.74638251 0.3989568125 0.7338228275 0.368189978125 0.7381296275 0.29798975156249996 0.75318692 0.3069699921875 0.7703919475 0.3650499734375 0.7575567875 0.409713353125 0.74751354
0 0.541632646875 0.704522065 0.5486952359374999 0.7478241925 0.5650092390625 0.7818233725 0.5512329421875 0.62686621 0.5480000296875 0.6032083925 0.5316668671875 0.59106572 0.541632646875 0.704522065
0 0.6904783828125 0.6389369775 0.750594871875 0.64323572 0.76201775625 0.6228502524999999 0.6904783828125 0.6389369775
0 0.9123531734375 0.56379934 0.9075176296875 0.5656754225 0.9026362359375 0.5912928225 0.972587540625 0.5704731175 0.9738429156249999 0.570009395 0.9928257171875 0.5457038525 0.9123531734375 0.56379934
0 0.7379905921875001 0.6736953699999999 0.743684103125 0.6724150950000001 0.749415603125 0.6450085675 0.749179765625 0.6423236475 0.6732521625000001 0.6579579699999999 0.6649149109375 0.65983273 0.66231429375 0.6800256125 0.7379905921875001 0.6736953699999999
0 0.8786688328125001 0.5537017975 0.8805609703125 0.5752430199999999 0.8899705499999999 0.665753685 0.9011255406249999 0.6387263 0.89826984375 0.610094905 0.895875715625 0.5930509425 0.8797320843750001 0.5534627075 0.8786688328125001 0.5537017975
0 0.8611944515625 0.6421749699999999 0.8540924671875001 0.5798535650000001 0.847077796875 0.61340255 0.8463478828125 0.6527852675 0.8467409874999999 0.6572606000000001 0.8651627078124999 0.6873519374999999 0.8611944515625 0.6421749699999999
0 0.607638228125 0.68068257 0.5186025140625 0.69816383 0.5176654484375 0.7300381575 0.613789084375 0.69968453 0.6133769890625 0.6949929975000001 0.607638228125 0.68068257
0 0.350568490625 0.7582886025000001 0.3467594921875 0.7593526525000001 0.34520810156250004 0.78538478 0.345530709375 0.7892192775 0.42084516875 0.76582713 0.42332109687499997 0.7419290624999999 0.350568490625 0.7582886025000001