0 0.12742723281249999 0.5063578916666667 0.11738002031250001 0.4003749638888889 0.1171614140625 0.4003545972222222 0.0998619859375 0.43805596111111106 0.1151272921875 0.6254256222222222 0.1254369703125 0.5738715916666667 0.12742723281249999 0.5063578916666667
0 0.2557081125 0.75818005 0.2633140546875 0.7267088388888889 0.2675847171875 0.5818392972222222 0.2566225484375 0.4419438861111111 0.237742115625 0.524854225 0.2539916296875 0.758020125 0.2557081125 0.75818005
0 0.51765078125 0.73807965 0.5462368375 0.7361335277777777 0.5463121828124999 0.7335776444444444 0.4512596015625 0.6678963305555555 0.3107223875 0.6849433722222222 0.38004779843750003 0.725259263888889 0.51765078125 0.73807965
0 0.651631675 0.6326399083333334 0.60452209375 0.6150413083333334 0.5759858312499999 0.6265610805555556 0.671533684375 0.66340595 0.690205109375 0.6651455555555555 0.7776028203124999 0.6368126638888889 0.7776344578125001 0.6357394833333334 0.707167634375 0.6097685833333334 0.651631675 0.6326399083333334
0 0.823161275 1 0.8886490734375 0.7225767138888889 0.7764299109375 0.712121325 0.7616786875 0.7122738944444446 0.7892229296875 1 0.823161275 1
0 0.8879306734375 0.6216314222222222 0.9306625109375 0.5930805694444444 0.93070080625 0.5917815138888889 0.83399745625 0.5649666972222223 0.7871128406250001 0.5839112611111111 0.8867849078125 0.6215365472222222 0.8879306734375 0.6216314222222222
0 0.6395460234375 0.6492993194444445 0.6440749484375 0.49566906666666666 0.631189009375 0.41123790555555556 0.6257386828125 0.5314457444444445 0.639394178125 0.6492851722222223 0.6395460234375 0.6492993194444445
0 0.722761821875 0.4873755027777778 0.686898703125 0.4968237194444444 0.7518473359375 0.516717188888889 0.7525222953124999 0.5167102083333333 0.8183182125 0.4962784333333333 0.722761821875 0.4873755027777778
0 0.8885013921875 0.6054751638888889 0.9341105109375001 0.5822692277777778 0.9341595296874999 0.580606425 0.8758024796875 0.5683923638888889 0.8329371234374999 0.564398625 0.7830396765625001 0.584821488888889 0.8853886531249999 0.6054429722222222 0.8885013921875 0.6054751638888889
0 0.8409368718750001 0.5052776999999999 0.896077878125 0.5113172111111111 0.9181421578125001 0.5108607833333334 0.9438562765625 0.49997372500000004 0.943867434375 0.49981959722222224 0.9428945578124999 0.4995403666666667 0.8682306000000001 0.4925839722222222 0.840950978125 0.5047991694444445 0.8409368718750001 0.5052776999999999
1 0.031254478125 0.37187468055555556 0.0307277578125 0.3897421055555555 0.058536573437499996 0.38847908333333336 0.0612260125 0.40905108055555556 0.08043759843750001 0.4108410111111111 0.10258685468749999 0.40403439444444444 0.12026281718750001 0.36609375833333335 0.1578924296875 0.36911140833333334 0.15462945781249998 0.3204176972222222 0.12443573125 0.31501800277777775 0.09813134999999999 0.25906151666666666 0.078378315625 0.2581581027777778 0.09171398593749999 0.28973849166666665 0.052503853125 0.28319154444444444 0.031254478125 0.37187468055555556
1 0.1992628796875 0.5641146972222222 0.196558865625 0.6558403222222222 0.2315147640625 0.6440520888888889 0.2665401203125 0.686867925 0.3703715890625 0.6965418388888889 0.37103058125 0.6870003888888889 0.3665009859375 0.5764242888888889 0.34733355781249997 0.56767115 0.32918229375 0.49215440833333335 0.3129247984375 0.4933186666666666 0.3257295953125 0.5681706444444444 0.2542811484375 0.6006964833333334 0.2551164515625 0.5625775944444444 0.23684005312499998 0.5539352222222222 0.1992628796875 0.5641146972222222
1 0.26532778437500004 0.34183783055555556 0.24829313593750002 0.34682155 0.2389235671875 0.3693657194444444 0.23637939062500002 0.36656553333333336 0.236369484375 0.3669015722222222 0.254829534375 0.41850177222222223 0.25766222031249997 0.41835524166666666 0.2837408515625 0.39188993333333333 0.2843365265625 0.3818144222222222 0.2814609828125 0.34334095277777776 0.26532778437500004 0.34183783055555556
1 0.31210915781250004 0.5045294916666667 0.31669605 0.5386264194444444 0.36007798750000003 0.5603481444444445 0.394232071875 0.6125356194444445 0.41804105781249995 0.6147538888888888 0.42342622187499995 0.5907402472222223 0.431148209375 0.5412465833333333 0.4314997734375 0.5353000638888888 0.4182319078125 0.5415792055555555 0.415558553125 0.4193266305555555 0.3689763359375 0.41556214444444445 0.36289890156250004 0.4574601055555556 0.3404964234375 0.45577177500000005 0.31269910312500004 0.4845173888888889 0.31210915781250004 0.5045294916666667
1 0.575046775 0.462486625 0.51341721875 0.4567446361111111 0.5002132140625 0.4717259194444444 0.452197096875 0.46581205000000003 0.4425644828125 0.5906724555555556 0.441707575 0.619740475 0.44530647968750003 0.6200757805555556 0.48621690624999997 0.6113571388888889 0.524346609375 0.5765965222222222 0.5758728046875 0.5269600666666666 0.5776573859374999 0.4664234666666667 0.575046775 0.462486625
1 0.391882059375 0.3324418083333333 0.4111643359375 0.34401756666666666 0.42352081249999995 0.37604770833333334 0.4281274234375 0.3764769027777778 0.44473477656249993 0.35666855277777776 0.471736546875 0.37765953611111114 0.4841147109375 0.34198632222222225 0.4841923140625 0.3398334416666667 0.461168478125 0.3230641833333333 0.457259153125 0.2824696 0.4321154640625 0.26199564444444445 0.4231748640625 0.28407370833333334 0.393162209375 0.2720875 0.391882059375 0.3324418083333333
1 0.5289496312499999 0.40945927777777774 0.5620572687500001 0.4334605027777778 0.571259484375 0.43431786666666666 0.584222353125 0.4147404694444444 0.598204721875 0.40632705277777775 0.59869971875 0.38953575555555553 0.598185840625 0.3799057111111111 0.57730151875 0.4011598638888889 0.578288425 0.34086167500000003 0.5484904921875 0.3011589888888889 0.5214672828125 0.3210777444444444 0.5208439734375 0.35916088333333335 0.5057735796875 0.3525172916666667 0.49395585156250005 0.36535842777777777 0.4994921703125 0.4089774194444445 0.5289496312499999 0.40945927777777774
1 0.6347701375 0.43977578055555555 0.634999984375 0.431978875 0.601973071875 0.3988631111111111 0.5640075437500001 0.35678692500000003 0.5732541375 0.414961925 0.5465367015625 0.40901679444444444 0.558736103125 0.5185954833333334 0.5674511343749999 0.5257555083333334 0.5701323390625 0.5260053166666667 0.59499901875 0.4728418194444444 0.618181171875 0.47524218888888886 0.6347701375 0.43977578055555555
1 0.42309905312499996 0.36230347777777777 0.418958659375 0.34780675555555557 0.41495621250000003 0.34743385000000004 0.372106 0.4009720972222222 0.36859390468750003 0.4571594861111111 0.37747531562500003 0.4579869611111111 0.41773137812499994 0.3798403472222222 0.420415215625 0.40682921111111114 0.44456982187499994 0.4161147777777778 0.45150175625 0.3936538583333333 0.4519901234375 0.37708747499999995 0.4436751859375 0.3525553888888889 0.42309905312499996 0.36230347777777777
1 0.49545375625 0.4009002805555556 0.4735049 0.39229728611111114 0.46526388281250003 0.36602893333333336 0.4639057078125 0.36590239444444445 0.44619487343750003 0.38352793055555556 0.4247095859375 0.40187382777777775 0.43014503125000003 0.43689877777777775 0.45555297499999997 0.42976532500000003 0.458318671875 0.4516111388888889 0.4594121359375 0.45171301666666663 0.4793077078125 0.45233040277777775 0.4948737890625 0.4501433027777778 0.49563719375000004 0.434630825 0.49545375625 0.4009002805555556