0 0.1163486640625 0.6373917166666666 0.12616350625 0.5883177333333334 0.12736474375 0.5271640416666666 0.1163443984375 0.41565108055555555 0.09919602968749999 0.4503856861111111 0.11528164375000001 0.637325475 0.1163486640625 0.6373917166666666
0 0.2181912796875 0.6325963611111111 0.33992795937500003 0.610133575 0.340001515625 0.6063889666666666 0.29686920156249996 0.5735529611111111 0.281146434375 0.5725768722222223 0.1626179453125 0.5978557138888889 0.210018278125 0.6320889694444445 0.2181912796875 0.6325963611111111
0 0.4959000890625 0.7360005027777777 0.5486457171875 0.7296838722222222 0.5486916734375 0.7273442805555554 0.45297202812500004 0.6664306638888889 0.3122421171875 0.6907640916666666 0.3849277640625 0.7291111888888889 0.4959000890625 0.7360005027777777
0 0.6900477453125 0.5045224916666666 0.6814438843749999 0.45246733055555555 0.6664846375 0.6399535055555555 0.6904164765624999 0.8092247083333334 0.690920309375 0.8092559861111112 0.6940681921875 0.6490007472222222 0.683750090625 0.5874813833333333 0.6900477453125 0.5045224916666666
0 0.746786609375 1 0.9358073843750001 0.91811985 0.935828525 0.9170436055555555 0.716874534375 0.7833378944444445 0.7154564203125 1 0.746786609375 1
0 0.859534340625 0.4569414583333334 0.8458303015625 0.563948375 0.8432209343749999 0.6967884222222221 0.844184628125 0.7075920055555556 0.8457806671875 0.7076910916666667 0.87261025625 0.5402882027777778 0.8729718828124999 0.5347879222222223 0.859534340625 0.4569414583333334
0 0.639428890625 0.6448500138888889 0.6423626453125 0.49549580833333334 0.6332009609375 0.4084386611111111 0.6238605921875 0.5401402083333333 0.6386449546875 0.6448013444444444 0.639428890625 0.6448500138888889
0 0.7501496140625 0.5080347111111111 0.8138701921875 0.4861318388888889 0.7212924875 0.48038448888888885 0.686230434375 0.49085691111111107 0.686226490625 0.4910576666666666 0.7494746906249999 0.508069625 0.7501496140625 0.5080347111111111
0 0.8620723781249999 0.44357831111111107 0.8487811953125 0.5729089111111111 0.847420178125 0.6421967777777778 0.85423939375 0.7137751611111112 0.8545572140625 0.7137948916666667 0.8703948499999999 0.5558628888888889 0.8718052374999999 0.5200060527777778 0.8620723781249999 0.44357831111111107
0 0.9365231875 0.5076436611111111 0.8730551625 0.4863268138888889 0.8412296484375 0.49458322222222223 0.8412296484375 0.49470663333333337 0.8687212875 0.503434425 0.9365231875 0.5076436611111111
1 0.0658103203125 0.4230144333333334 0.07163684687500001 0.4233761527777778 0.10606043750000001 0.40728485 0.12218220625000001 0.3668404638888889 0.1587098734375 0.36410356666666666 0.158877334375 0.35557835555555556 0.1546279859375 0.3161271305555556 0.1243375234375 0.3154275527777778 0.0959402328125 0.26387472777777776 0.0762269515625 0.2660303305555556 0.0907495515625 0.29535880833333333 0.051432028124999994 0.2949127138888889 0.030821734375 0.4014224305555556 0.03074376875 0.40482409999999996 0.06156813437500001 0.3986329305555556 0.0658103203125 0.4230144333333334
1 0.2471002171875 0.7539083194444445 0.3073672265625 0.7428517611111111 0.31104293125 0.7084978916666667 0.3479858 0.6774796194444445 0.348599571875 0.6462331722222222 0.3093870125 0.6700805611111111 0.2866381671875 0.5439312777777777 0.3080169890625 0.5443008722222222 0.3116874984375 0.5115353222222222 0.303012709375 0.440167775 0.25048208125000004 0.4314496527777778 0.260932346875 0.5047011722222222 0.2357477984375 0.5783956833333334 0.23876487968750001 0.7533908500000001 0.2471002171875 0.7539083194444445
1 0.26386905625 0.35351870555555553 0.23671478281249997 0.3760578722222222 0.2441012375 0.4285240361111111 0.2765304125 0.43053728333333335 0.2841887296875 0.41019198611111113 0.2844378703125 0.4105145861111111 0.2845045765625 0.40711865 0.26395023281249996 0.353536425 0.26386905625 0.35351870555555553
1 0.31352356875 0.6012601777777777 0.3289148546875 0.6122544583333334 0.3402416703125 0.6179376472222222 0.35896840937499996 0.6191002305555555 0.35635738125 0.6032696055555555 0.42489728125 0.5991937555555555 0.42566214999999996 0.5161459222222222 0.4019700171875 0.5050711722222222 0.40226932812499994 0.4651308361111111 0.383574996875 0.41024291388888884 0.35507635937500004 0.4222194638888889 0.3441399390625 0.49945873333333335 0.31426661562499997 0.5634324277777778 0.31352356875 0.6012601777777777
1 0.55623059375 0.6619207166666666 0.5578108046875 0.5814739138888889 0.5410240484375 0.5250802111111111 0.511052465625 0.42950721111111106 0.4790481 0.4254456 0.46729446562500004 0.45029964722222227 0.46899228125 0.5280063222222222 0.482716884375 0.5654816194444444 0.48051734062499996 0.6506277111111112 0.5100869984374999 0.6590560583333333 0.55623059375 0.6619207166666666
1 0.4445254390625 0.35962116666666666 0.4719255109375 0.38035838055555554 0.48268244375 0.34690039166666664 0.48278159374999996 0.34185280555555553 0.46014301875 0.32579733055555554 0.45531889531249997 0.2851868416666667 0.429783146875 0.26494789722222223 0.421373184375 0.287150675 0.3911767546875 0.2754624388888889 0.3912779078125 0.33591478333333336 0.410766696875 0.34730453333333333 0.4235165765625 0.37851402500000003 0.4290431015625 0.37885711944444445 0.4445254390625 0.35962116666666666
1 0.56358179375 0.4417883722222222 0.5648806078125 0.38970017500000004 0.5811158046875 0.32308812777777773 0.5815675515625001 0.3154471194444444 0.569788125 0.29163317777777775 0.5660692546874999 0.27062610833333334 0.55063745 0.2696680805555556 0.5618817609375 0.30488919444444446 0.5278828859375 0.30770434444444444 0.5075181093750001 0.35604227777777775 0.50713619375 0.3754851722222223 0.5147358140625 0.40960394722222226 0.5362088265625 0.4078259555555555 0.53193374375 0.4349578666666667 0.53784051875 0.45216302777777784 0.5450320468750001 0.4515675611111111 0.56358179375 0.4417883722222222
1 0.6237543203125 0.36112046666666664 0.6183006515625 0.3572528333333333 0.6112644578124999 0.35681601944444447 0.589200478125 0.4102959583333333 0.565969996875 0.41005569166666667 0.5483320843749999 0.45280769722222225 0.5849046890625 0.4849891916666667 0.624125546875 0.5233662138888888 0.6242863140625 0.5233678777777778 0.6129959734375 0.46619784999999997 0.6335056109375 0.46883585277777784 0.6342360015625 0.43165246944444446 0.6237543203125 0.36112046666666664
1 0.4485230609375 0.41527673333333337 0.4507743859375 0.37943168888888884 0.4511913015625 0.35820695555555554 0.444063828125 0.35605885277777777 0.40303885 0.4312112444444445 0.4003633171875 0.4039381666666667 0.37628344375 0.3919167166666666 0.36647314375 0.42266103055555554 0.3771753125 0.4555292805555556 0.397687784375 0.4481252111111111 0.4026658375 0.4661626527777778 0.40376517968750003 0.46623089999999995 0.4485230609375 0.41527673333333337
1 0.4954046765625 0.41556826111111117 0.4732845671875 0.4030784416666667 0.46339599218750005 0.37383343888888887 0.44569367812499994 0.3894052388888889 0.4252230390625 0.40420773055555553 0.4323432578125 0.4406233305555556 0.45726403437499996 0.4378616527777777 0.4598281984375 0.4530345444444444 0.4946262953125 0.45519485833333334 0.4954046765625 0.41556826111111117