0 0.078805371875 0.5228226138888888 0.1757199828125 0.501340225 0.175757746875 0.500380125 0.1377162625 0.4744548638888889 0.1267785578125 0.4730951527777778 0.050046882812500006 0.4932285444444444 0.0677709890625 0.5214508805555556 0.078805371875 0.5228226138888888
0 0.218166246875 0.6172743305555556 0.3393717984375 0.6016085666666666 0.3394000296875 0.6008908333333333 0.293988521875 0.5634957666666667 0.284820325 0.5623560277777778 0.15940698749999999 0.5750015749999999 0.2069598234375 0.6161139777777778 0.218166246875 0.6172743305555556
0 0.431237271875 0.4743095944444444 0.40493619062499997 0.6072235333333333 0.39732565468750003 0.800709275 0.3983446828125 0.8939086666666667 0.399441134375 0.8940449722222223 0.43805158437499997 0.729588761111111 0.4381693140625 0.7281599055555555 0.431237271875 0.4743095944444444
0 0.6916707328125 0.6445324555555556 0.6837952406250001 0.5963676027777778 0.69065534375 0.5126796972222223 0.6824014375 0.461414775 0.6823528078125001 0.4614087305555556 0.66613696875 0.6504100444444444 0.685778921875 0.7943223916666666 0.6916707328125 0.6445324555555556
0 0.8656466875 1 0.8657936749999999 0.9962630916666667 0.823896734375 0.7268305805555556 0.8232452890624999 0.7267495972222223 0.775694659375 1 0.8656466875 1
0 0.7861132375000001 0.5929257055555556 0.8796889562500001 0.6335221638888889 0.8871006749999999 0.6344435472222222 0.9295829796874999 0.6089750166666666 0.92961411875 0.6081833444444444 0.8332558015625 0.5762495222222223 0.7861282046875 0.5925451722222222 0.7861132375000001 0.5929257055555556
0 0.5648063921875 0.5315350333333333 0.6205887890625 0.5539747666666667 0.6514005484375 0.5578051083333334 0.6987369906249999 0.5445262750000001 0.6987752734375 0.5435530111111111 0.635609634375 0.5212410611111111 0.6320227953125 0.5205708527777778 0.5648063921875 0.5315350333333333
0 0.738218846875 0.6159320027777778 0.7383495156250001 0.6326590111111111 0.7384775578125 0.6326749277777778 0.7582506765625 0.5201898333333334 0.7554760734375 0.396863025 0.7427599109374999 0.5004826972222222 0.738218846875 0.6159320027777778
0 0.85118574375 0.7339758861111111 0.8688946609375 0.5848819083333333 0.8706475125 0.55347695 0.8633734828125 0.46442026666666664 0.8631540234375 0.46439298611111113 0.8443209890625001 0.6262872166666666 0.8429096640625 0.6621678888888889 0.85118574375 0.7339758861111111
0 0.8449441421874999 0.5160142111111111 0.8764987078124999 0.5273122583333334 0.9357595921874999 0.5346792361111111 0.9435423328124999 0.5328282111111111 0.9435683515625 0.532166725 0.8720734953125 0.5078971972222223 0.8416860156249999 0.514333375 0.8449441421874999 0.5160142111111111
1 0.051986778125 0.3419105611111111 0.0519688 0.35567871388888894 0.06941001718749999 0.33078901944444444 0.0666469515625 0.40047770000000005 0.11911631250000002 0.43594333333333335 0.12711616718750002 0.4369378305555556 0.125694209375 0.3855351416666667 0.141085715625 0.3780488083333333 0.141168640625 0.3764696444444445 0.13340817031250002 0.3069121138888889 0.11166592500000001 0.2771514166666667 0.11248194062500001 0.21040397777777775 0.085184646875 0.218152025 0.082855571875 0.27183023055555555 0.052875975 0.3193041555555555 0.051986778125 0.3419105611111111
1 0.37598126249999997 0.6663981861111111 0.37672429375 0.6475077888888888 0.369691778125 0.5446525861111111 0.35025705625 0.5385263694444444 0.3345936796875 0.48222218333333333 0.3159790453125 0.47990811944444445 0.3286262578125 0.5419137055555555 0.2579065203125 0.5837727138888889 0.2577341015625 0.5458105416666666 0.23919499375000003 0.5396750638888889 0.1991113671875 0.5559079444444445 0.1951316328125 0.6492770027777778 0.236245846875 0.62986985 0.27691908593750003 0.6723426472222223 0.29986931875 0.6721052805555555 0.37598126249999997 0.6663981861111111
1 0.23800728750000003 0.3595593833333333 0.24216314374999998 0.41217970277777777 0.2501441578125 0.41308894166666665 0.2748176515625 0.4098645166666667 0.28400139375 0.38865003333333337 0.2860725671875 0.3912887638888889 0.2861254578125 0.3902815277777778 0.2672560203125 0.3346231055555556 0.2667780265625 0.3345636861111111 0.23800728750000003 0.3595593833333333
1 0.3120497578125 0.5794485722222222 0.3118002765625 0.58579125 0.33309688125000003 0.6007154638888889 0.35121120625 0.6095932194444444 0.36379467499999996 0.611157525 0.36035502343750003 0.5914460583333333 0.42861274531250004 0.5866455916666666 0.4285684625 0.5036525861111111 0.4048526453125 0.4928377777777778 0.40476305156250003 0.4529245416666666 0.38560189375 0.39827670555555555 0.3573204296875 0.41054675555555553 0.347172759375 0.4878435916666667 0.31421678124999997 0.5604828527777778 0.3120497578125 0.5794485722222222
1 0.574725496875 0.5514560027777777 0.577135878125 0.49017587777777777 0.56448225625 0.4682063111111111 0.5210234796875 0.4608391611111111 0.500285796875 0.48052605 0.452596871875 0.465142825 0.440812753125 0.6110038194444445 0.4405409640625 0.6179136277777778 0.4504480796875 0.6191452222222222 0.48588526718749997 0.6184861277777778 0.5238946 0.5909411444444445 0.574725496875 0.5514560027777777
1 0.4844670375 0.3248306472222222 0.48462218124999995 0.3226875166666667 0.46192825937500004 0.3093838305555556 0.45941868281250003 0.2697438111111111 0.43856554687499993 0.25567514722222223 0.4338567390625 0.255089775 0.4248819734375 0.2762219805555556 0.3949479109375 0.26865754722222224 0.3943471328125 0.2791173305555556 0.392384621875 0.3290110333333333 0.4105982609375 0.33730740555555555 0.42333620937500005 0.3708879972222222 0.42351748593750005 0.3708955 0.4441077078125 0.34501978055555554 0.4706754125 0.3619335805555555 0.4844670375 0.3248306472222222
1 0.49568639531249997 0.3309190027777778 0.49556962968749996 0.33388759166666665 0.495602721875 0.35648273333333336 0.5177118265625 0.3357934805555556 0.5135719921875 0.3957334777777778 0.5412259078125 0.43551095 0.5418471578124999 0.43558818055555554 0.5696742734375 0.41662045833333333 0.5722889125 0.37876354722222216 0.58709575625 0.38569188888888883 0.5983418359375 0.37447838333333333 0.5990127859375 0.3647638138888889 0.596358996875 0.3296815805555555 0.5667639875 0.328573225 0.528338421875 0.29909925555555555 0.5114616546875 0.3221409777777778 0.49568639531249997 0.3309190027777778
1 0.6354051578125001 0.44233099722222224 0.63547280625 0.4406111388888889 0.6018725109374999 0.403647925 0.5653676453125 0.3593349277777778 0.5725371875 0.41790656666666665 0.5459977328125001 0.4103141805555556 0.554277853125 0.5203147027777777 0.561848290625 0.5271805555555555 0.5658083406250001 0.5276728444444444 0.5922322453125 0.4769631888888889 0.615359025 0.4808013722222222 0.6354051578125001 0.44233099722222224
1 0.4535860234375 0.3659059111111111 0.45423081718749997 0.3495130722222222 0.4443791453125 0.3482883666666667 0.404630159375 0.420614 0.4024785984375 0.3935234444444445 0.3785318890625 0.38300250555555554 0.3680761546875 0.4143364277777778 0.378178790625 0.44652101666666666 0.3989242046875 0.43784948055555556 0.4038280515625 0.45655370277777774 0.4506214125 0.401868725 0.4535860234375 0.3659059111111111
1 0.49819745 0.42636373055555554 0.49852837031249997 0.41795061944444445 0.493092053125 0.3890146055555555 0.46809815937500004 0.393084175 0.46389851249999997 0.3669685916666666 0.4273520984375 0.3676499583333333 0.42953801406250003 0.4173233388888889 0.45170634062500004 0.42872830277777774 0.4599120046875 0.45324807500000003 0.46519222656250003 0.4539044833333334 0.479213809375 0.44096368888888887 0.49819745 0.42636373055555554