0 0.51875 0.5817694369973191 0.51875 0.44730013404825736 0.5178239609374999 0.43056669705093836 0.49645705937500006 0.42428542627345844 0.4939876234375 0.4404336085790885 0.4533626234375 0.4412447024128686 0.449112165625 0.45206215013404827 0.49558832812500003 0.4605252493297587 0.4997402328125 0.5624019249329758 0.5174317265624999 0.5817694369973191 0.51875 0.5817694369973191
0 0.615625 0.5489542600536194 0.615625 0.5506511876675603 0.6476715640624999 0.5549597855227882 0.719428328125 0.5549597855227882 0.7200375171875 0.5337936756032171 0.709136378125 0.5223051286863271 0.7062477281249999 0.4523815522788204 0.7015511375 0.45473479356568364 0.6989755828125 0.5229355442359249 0.6833505828125 0.5218431340482574 0.672358540625 0.5371642386058981 0.6505380828125 0.5195490750670242 0.6224130828125001 0.5175827372654155 0.615625 0.5489542600536194
0 0.14687756875 0.4391100375335121 0.146875 0.43948881769437 0.146875 0.4492993297587131 0.1528636046875 0.5308310991957105 0.17125729218750002 0.5308310991957105 0.17071648749999999 0.49802470241286867 0.1640215921875 0.4475832252010724 0.14687756875 0.4391100375335121
0 0.46701050625 0.4286037050938338 0.4731652265625 0.5361930294906166 0.47653198906250005 0.5361930294906166 0.4890625 0.5328658820375335 0.4890625 0.4152328927613941 0.4863326703125 0.39738265683646107 0.4738326703125 0.3976322252010724 0.46701050625 0.4286037050938338
0 0.8640625 0.5549597855227882 0.8640625 0.47383320643431637 0.8503678734375001 0.38653702949061663 0.839391846875 0.4989946380697051 0.8434503031249999 0.5549597855227882 0.8640625 0.5549597855227882
0 0.62750459375 0.4450402144772118 0.6217160749999999 0.44578757372654154 0.6155945078125 0.479861544235925 0.70792755625 0.4778562654155496 0.7171875 0.467287890080429 0.7171875 0.4561946112600537 0.7144425375 0.4450402144772118 0.676414096875 0.4450402144772118 0.662032859375 0.46002971581769436 0.651057690625 0.4450402144772118 0.62750459375 0.4450402144772118
0 0.2581882390625 0.6659598766756032 0.25780629374999997 0.6847266327077748 0.246875 0.7035564611260053 0.246875 0.711065581769437 0.2531088703125 0.7230535147453083 0.2560675765625 0.7238605898123325 0.27575343124999996 0.7238605898123325 0.2847953796875 0.7059826997319035 0.3074789109375 0.7078154718498659 0.310350940625 0.6436911554959786 0.2988231625 0.6326664369973191 0.2939322921875 0.6124890134048258 0.290234375 0.6119710804289544 0.286705109375 0.6121489195710456 0.28395213125 0.6319278900804289 0.27047990781250003 0.6394510831099196 0.2581882390625 0.6659598766756032
0 0.428125 0.675603217158177 0.428125 0.6480439463806971 0.42623450468749996 0.6412325040214477 0.428125 0.6380682037533512 0.428125 0.5683545978552279 0.4085720484375 0.5435809839142092 0.407958984375 0.5435074262734585 0.407009315625 0.5641032949061662 0.3966540125 0.5842387158176944 0.3979468390625 0.6605524879356568 0.27934238749999996 0.6516665951742627 0.2608107125 0.6574598337801608 0.261301940625 0.6755563485254692 0.261692571875 0.675603217158177 0.428125 0.675603217158177
0 0.0356410171875 0.7775074316353887 0.0465057421875 0.7792048713136729 0.048808287500000005 0.7876896916890079 0.058769225 0.786793981233244 0.061912418749999996 0.7858427319034853 0.104810546875 0.7271596058981232 0.1044295578125 0.7124845495978552 0.08984051875 0.7044359544235925 0.086170409375 0.6246648793565683 0.083399840625 0.6246648793565683 0.074326834375 0.6443192949061662 0.07198093125 0.7020302949061662 0.0651316171875 0.6959601501340483 0.061826834374999994 0.6454433217158178 0.0459835109375 0.6548912520107238 0.043111068749999995 0.7032891260053619 0.0208721953125 0.7186610000000001 0.0140625 0.7484477640750671 0.0140625 0.7843420134048258 0.0356410171875 0.7775074316353887
0 0.5 0.9512817828418231 0.49375 0.849529892761394 0.49375 0.6565004021447721 0.4984375 0.6483639195710456 0.48671875 0.6472574048257372 0.484375 0.6191540643431636 0.4734375 0.6166914691689008 0.471875 0.922352691689008 0.4265625 0.9339812332439679 0.428125 0.9848883753351206 0.43515625 0.9941313726541554 0.4484375 0.9945364477211796 0.48881392031250004 0.9937303190348525 0.5 0.9512817828418231
0 0.69501650625 0.7569677077747989 0.6936090953125 0.6190853056300268 0.6835346609374999 0.6078326032171582 0.6459437546875 0.6242342600536194 0.6351517046875 0.6036606139410188 0.6312181828125001 0.6079942332439678 0.62947386875 0.6349287506702413 0.6478602421875 0.6870496380697051 0.647423890625 0.7513928016085791 0.637885259375 0.7762706970509383 0.6409193515625 0.7894257855227883 0.6314534453125 0.8035798203753352 0.63283413125 0.8302646032171581 0.628125 0.8444912573726542 0.628125 0.863300782841823 0.6300700499999999 0.8793565683646113 0.6304457609375 0.8793565683646113 0.631408571875 0.8792796246648793 0.655244934375 0.8646470482573727 0.675539253125 0.8657047292225202 0.68125345 0.8290746621983914 0.6930358359375 0.8187547747989277 0.792981290625 0.8188061206434317 0.7939352640624999 0.7932745174262734 0.7941110171875 0.7673585201072387 0.7762119625 0.7585174691689007 0.69501650625 0.7569677077747989
1 0.6898710234375 0.26954764611260057 0.6656659109375 0.26943699731903487 0.7564233234375 0.3646325576407507 0.80809491875 0.37844592493297585 0.8336071421875 0.4128686327077748 0.8484375 0.4128686327077748 0.8484375 0.3643399892761394 0.847106825 0.2990638310991957 0.8304960234375001 0.27797356836461123 0.8023710234375001 0.2762883833780161 0.796257390625 0.2893187238605898 0.7851835234375 0.27525854959785523 0.76484375 0.27136050670241285 0.750177278125 0.2878973780160858 0.746502853125 0.31045152815013405 0.6898710234375 0.26954764611260057
1 0.849382390625 0.5030724772117962 0.8461210234375001 0.4894804101876675 0.8375136375000001 0.48762500804289544 0.8258085234375001 0.48826333243967823 0.8204625046875 0.5 0.82424206875 0.5645304075067024 0.8339443515625 0.5972637158176944 0.8236614171875001 0.6609515308310991 0.8288943874999999 0.7148516970509383 0.8476679125000001 0.7426273458445041 0.890079884375 0.7426273458445041 0.9115705203125 0.7064088042895442 0.91557618125 0.6396655388739947 0.9209494734374999 0.630609836461126 0.933476746875 0.6340397721179625 0.9359375 0.6263455040214477 0.9359375 0.619415836461126 0.9300790125 0.6070428766756032 0.9215534453125 0.6132303726541555 0.9261045781250001 0.6001064128686328 0.9165386640625 0.580777927613941 0.9176920609374999 0.540657072386059 0.9113875140625 0.5349206568364612 0.908757390625 0.5066300884718499 0.8650346640625 0.506689656836461 0.85859375 0.4875484155495979 0.849382390625 0.5030724772117962
1 0.771401284375 0.3192186943699732 0.73433779375 0.3015185361930295 0.7062673578124999 0.30164824128686324 0.689680059375 0.27387525737265417 0.675894953125 0.2680965147453083 0.67316074375 0.2680965147453083 0.6671875 0.27206360589812334 0.6671875 0.3881506246648793 0.6884598093750001 0.41044833243967827 0.716803065625 0.3969137989276139 0.749397309375 0.4043585415549598 0.7630332234375 0.38560500804289544 0.7690203296875 0.35958931903485253 0.8213268734374999 0.3944947506702413 0.8455729062499999 0.39073396514745307 0.771401284375 0.3192186943699732
1 0.946422221875 0.95946972922252 0.936304928125 0.9439299946380697 0.9329359203124999 0.9641542466487935 0.94828751875 0.9687360938337802 0.9474800078125 0.9948492788203753 0.9564412921875001 0.9944018847184987 0.9531117203124999 0.9658211045576407 0.9749573249999999 0.9500226863270776 0.9827262265625001 0.9199221528150134 0.9829755234374999 0.9150329517426274 0.950493859375 0.8643344691689008 0.9861850265625 0.8520885549597855 0.990625 0.7650123002680965 0.990625 0.7613941018766756 0.9131500828125001 0.7613941018766756 0.8636377 0.7643793083109919 0.8664113859375 0.8016787962466487 0.8768020812499999 0.8118566005361931 0.879819775 0.829087852546917 0.91976126875 0.8404644664879356 0.9291656640625 0.8547027238605899 0.9244590390624999 0.9164429302949062 0.9478186265625 0.9473663806970509 0.946422221875 0.95946972922252
1 0.1584900390625 0.472181908847185 0.1339046265625 0.4452411528150134 0.0878268515625 0.423718691689008 0.0737643515625 0.4220314504021448 0.057262378125 0.45070663002680966 0.0479829734375 0.48424687667560323 0.051028225 0.4992733914209115 0.03012579375 0.5007639758713137 0.032501365625 0.5343697774798928 0.0733175546875 0.60857418230563 0.09380539843749999 0.6310248123324397 0.10053362968749999 0.6744826702412868 0.1097013359375 0.6875781045576408 0.11674856250000001 0.6724296702412869 0.12988629062499998 0.6873342680965147 0.1610087453125 0.6884027292225201 0.1636235625 0.6780538123324397 0.180683515625 0.6774350321715817 0.25868097031250004 0.6841276327077748 0.26316117656250004 0.6966606541554959 0.25729381406249996 0.7039536648793566 0.2569057375 0.739946380697051 0.299067440625 0.739946380697051 0.2878263359375 0.7089498391420911 0.3016337453125 0.7052751501340483 0.305268928125 0.7163739544235925 0.330268928125 0.7193734959785524 0.337523446875 0.69225445308311 0.3359928984375 0.6600828713136729 0.347392784375 0.6547864932975872 0.3484375 0.6514735495978552 0.3484375 0.6141496836461126 0.347759575 0.6135127426273458 0.3484375 0.6113629436997319 0.3484375 0.6022368873994638 0.3472493921875 0.6027888820375334 0.345766640625 0.587949836461126 0.333266640625 0.5864500670241287 0.331417096875 0.6128847747989276 0.309334803125 0.6222307828418231 0.31706755468750003 0.6378197131367292 0.2373800546875 0.6282586756032171 0.2329637515625 0.5517574316353887 0.2128904953125 0.5053655871313673 0.1584900390625 0.472181908847185
1 0.5304625765625001 0.43627932975871314 0.5339918421875 0.43645716890080427 0.5464918421875 0.4347064075067024 0.5598772578125 0.41871644504021444 0.5531907484375 0.39814410455764077 0.5553881656249999 0.3521300053619303 0.565244315625 0.33596220375335123 0.5854476875 0.3277552841823056 0.5896441140625 0.3029700616621984 0.6006907421875 0.30680007506702417 0.6074764546875 0.293750927613941 0.6078125 0.28834666756032173 0.6078125 0.2230217238605898 0.600715534375 0.19253078820375336 0.5752244609375 0.1719036273458445 0.5708990593750001 0.11336008310991956 0.5580746328124999 0.0938337801608579 0.5438244796875 0.0938337801608579 0.5345796140625 0.09962676943699732 0.530274059375 0.11905006166219839 0.534490334375 0.172231672922252 0.514778034375 0.20456727882037534 0.5060577984375 0.2380519329758713 0.5058048281249999 0.30261394101876676 0.520467528125 0.3301349490616622 0.519723484375 0.37056827345844506 0.52953499375 0.39070292225201075 0.5304625765625001 0.43627932975871314
1 0.0265625 0.5083780160857909 0.0265625 0.5219056434316354 0.033045415625000005 0.5378686327077749 0.059717009375 0.5271447721179625 0.0737249625 0.5325067024128687 0.07101301875 0.5686997319034852 0.0812564328125 0.5844504021447721 0.088166665625 0.5844504021447721 0.10541529218750001 0.5660187667560321 0.107305075 0.5338471849865952 0.127387040625 0.4797123109919571 0.1275318 0.46548257372654156 0.12687328125 0.4534182305630027 0.11694885625 0.43063002680965146 0.07500681875000001 0.40650134048257375 0.06706190468749999 0.49631367292225204 0.0536579234375 0.5083780160857909 0.0265625 0.5083780160857909
1 0.915625 0.48303496246648797 0.9268415062500001 0.49865951742627346 0.99711494375 0.49865951742627346 0.9978310921875 0.46347184986595175 0.987111846875 0.4527479892761394 0.9984858578125 0.4313002680965147 0.9999045140625 0.3615951742627346 0.964830109375 0.35757372654155495 0.9504848671874999 0.4098525469168901 0.951283475 0.44738605898123324 0.9269828796875 0.45140750670241286 0.915625 0.47448545844504025 0.915625 0.48303496246648797
0 0.654315315625 0.9944194450402145 0.8457170203125 0.9662704182305629 0.85 0.9304022734584451 0.85 0.9280311581769437 0.8291607796875 0.9243323672922252 0.8004523765625 0.8793565683646113 0.6861319515625001 0.8793565683646113 0.6141215875 0.8967828418230563 0.654315315625 0.9944194450402145
1 0.6244474703125 0.6707304932975872 0.6311785078125001 0.5113763351206434 0.63125 0.5078635951742627 0.63125 0.46112600536193027 0.5951999625 0.46112600536193027 0.5752779390625 0.5017067050938339 0.5115965546875 0.5198574504021447 0.5015625 0.5586378230563003 0.5015625 0.5686905013404826 0.5163485328124999 0.6163056058981233 0.5841340640625 0.632170128686327 0.5841222109374999 0.6798592788203753 0.58435754375 0.6798286809651475 0.6244474703125 0.6707304932975872
1 0.6206416406249999 0.431563873994638 0.608507178125 0.3788799195710456 0.626361221875 0.3336143378016086 0.6263753921874999 0.3315248096514745 0.5920494484375001 0.3190348525469169 0.554170984375 0.3190348525469169 0.531975671875 0.32862350938337803 0.51875 0.40219263270777483 0.51875 0.41387813136729223 0.5197962109375001 0.4242645442359249 0.536203053125 0.41372666487935655 0.540788409375 0.44604411260053617 0.584137321875 0.430084745308311 0.6185777031249999 0.47915009919571044 0.61876905625 0.47912329758713135 0.6206416406249999 0.431563873994638