0 0.5449432171875 0.42040601340482575 0.525717575 0.44810218230563 0.5264095890625 0.5501446005361931 0.48557541875 0.568824490616622 0.4860497171875 0.5804625335120643 0.5257709546875 0.5704793860589813 0.5274860625 0.5786712868632707 0.5451283578125 0.5765545335120643 0.54986643125 0.5738381260053619 0.5506884296875 0.4660353833780161 0.5449432171875 0.42040601340482575
0 0.28785203125000003 0.5174880375335121 0.3158171421875 0.5118796273458446 0.336532746875 0.49151664075067025 0.34844310625 0.5053364772117963 0.3639792796875 0.5022206943699732 0.37052764374999997 0.5679407882037534 0.3754604328125 0.567348943699732 0.374164046875 0.5015288391420911 0.383666446875 0.48954197855227877 0.38304282343749996 0.47423991689008044 0.381588709375 0.45816796246648794 0.2787044234375 0.48555496514745305 0.28785203125000003 0.5174880375335121
0 0.83247934375 0.49101496246648796 0.8509256640625 0.4888017426273458 0.850613215625 0.4172090857908847 0.8498047281250001 0.39737094101876674 0.8497726374999999 0.39699504825737264 0.8332679515624999 0.4078151420911528 0.8304953140625001 0.4588539839142091 0.83247934375 0.49101496246648796
0 0.561100065625 0.47520028686327076 0.5610301203125 0.4601882091152815 0.5605583109375 0.4486112761394102 0.5206060406249999 0.4424336621983915 0.485267334375 0.4466736568364611 0.4797311578125 0.4505217292225201 0.4816209953125 0.4717950777479893 0.49300306718750003 0.4765581152815014 0.5278677703125 0.4769061447721179 0.54861138125 0.4766986997319035 0.561100065625 0.47520028686327076
0 0.1334099359375 0.4310809839142091 0.1337303203125 0.4676554504021448 0.1349313421875 0.49712533512064344 0.153103740625 0.59671518230563 0.1545184 0.5965454477211796 0.16271971093749998 0.48718013404825733 0.1627021875 0.486750144772118 0.15443875468749999 0.42800023860589814 0.1334099359375 0.4310809839142091
0 0.3798883703125 0.4972982654155496 0.3848099 0.4707931340482574 0.37290746874999997 0.46094871313672925 0.283168371875 0.48331232439678284 0.28357281875 0.49323636729222525 0.287735353125 0.5106865495978552 0.3191848 0.5069131930294906 0.3282706515625 0.4909801286863271 0.345604240625 0.503743345844504 0.3467956125 0.5036004021447721 0.3798883703125 0.4972982654155496
0 0.7478032375 0.6261044932975871 0.759494046875 0.6210223726541555 0.76023335625 0.6088633217158177 0.7484970015625 0.6005133485254691 0.7429665984375 0.5808563672922252 0.7055213953125 0.5869107613941018 0.704873175 0.625934 0.693741353125 0.6419116058981233 0.69552061875 0.6855700428954423 0.6997202625 0.6923819302949062 0.7029172859374999 0.691998345844504 0.71517645625 0.6720341715817695 0.72610063125 0.6710518471849866 0.7424185750000001 0.649430217158177 0.7478032375 0.6261044932975871
0 0.7005450578125 0.46295751742627345 0.6847266249999999 0.4327736970509383 0.6486696078125 0.4351316246648793 0.6433848234374999 0.44664083646112607 0.6284230749999999 0.43796736997319036 0.615539303125 0.4438102680965148 0.624603759375 0.47484775335120644 0.6219175 0.5156078203753351 0.632941409375 0.6796374906166219 0.637364425 0.7294261179624665 0.6477781796875 0.7281766568364612 0.6493555468750001 0.7002226782841824 0.634516953125 0.49768959785522787 0.6787854671875 0.4901431796246649 0.6895912640625 0.4697839222520107 0.7006607125000001 0.4657953887399464 0.7005450578125 0.46295751742627345
0 0.9500604578124999 0.7367533351206433 0.9526260546875 0.727787327077748 0.9635593453125001 0.7241163941018767 0.9869500578125001 0.7273886219839143 0.989359325 0.7070135844504022 0.9801507234375 0.6621492841823057 0.9583479546874999 0.6506709061662198 0.9569514515625 0.6024163378016085 0.9413728375 0.5957538445040215 0.9365178390625 0.647258345844504 0.9294723640625 0.6546113565683647 0.928888065625 0.5968765013404826 0.9185545562499999 0.5747504262734585 0.9179583671874999 0.5748219597855228 0.9115118328125 0.6602580857908847 0.9000151671875001 0.6685711420911529 0.9009821703125 0.6922988310991957 0.9369927421875 0.7372564664879357 0.94011165625 0.7376479517426274 0.9500604578124999 0.7367533351206433
0 0.467130265625 0.845987745308311 0.579767496875 0.8426142922252011 0.636146359375 0.8509456890080429 0.640722246875 0.8508086434316354 0.66235009375 0.832483962466488 0.6601577765625 0.7786903270777479 0.6569942281250001 0.7401020965147453 0.650742528125 0.7282654209115282 0.63328535 0.727228018766756 0.6208101140625 0.7287248176943699 0.61959136875 0.8040138498659518 0.44142159375 0.812021962466488 0.44419354375 0.8306428096514745 0.46087856718750003 0.8341510697050939 0.46295456718750005 0.854128745308311 0.467130265625 0.845987745308311
0 0.26289110625 0.6524178445040214 0.238678859375 0.6294479249329759 0.2134766609375 0.632471726541555 0.22593686875 0.6495105120643432 0.22116599531249997 0.713878981233244 0.2290321765625 0.7310378176943699 0.30978978281249997 0.7326332520107238 0.321093840625 0.8714501233243969 0.32839059375 0.9013373297587132 0.3510744796875 0.9006579544235925 0.358473625 0.8997673351206434 0.3456439890625 0.7288833619302949 0.35016592343749997 0.708677436997319 0.37084044375 0.6986920107238606 0.367623328125 0.6639995067024129 0.3733727796875 0.621294873994638 0.37336043750000003 0.6209920563002681 0.35644631250000003 0.6153179892761395 0.3544483359375 0.6155577104557641 0.3446604390625 0.6258842815013405 0.3288892484375 0.6236805576407507 0.32183000625 0.6399483753351206 0.3137537140625 0.6348381260053619 0.30043685 0.6512933565683646 0.26289110625 0.6524178445040214
1 0.2793612203125 0.4806910563002681 0.25486846406249997 0.3855654128686327 0.267967925 0.3780726648793566 0.277433378125 0.35201564611260056 0.27492557500000003 0.31728503217158177 0.26660406718749996 0.2990016273458445 0.27412570625 0.2878183726541555 0.2728168265625 0.23960020107238605 0.2603345640625 0.2121750965147453 0.239375575 0.2128000053619303 0.1892827171875 0.21881022788203752 0.1881583796875 0.2274134798927614 0.1882244609375 0.2290349383378016 0.214532559375 0.2833396246648794 0.2231821703125 0.3713651179624665 0.2797070609375 0.5222590697050938 0.2793612203125 0.4806910563002681
1 0.1162510609375 0.7478345335120643 0.1238282234375 0.7382370134048258 0.1202942078125 0.7537552788203753 0.12452166406250001 0.7587077024128687 0.134703875 0.7574860241286863 0.13595766250000002 0.7559992466487936 0.1338949171875 0.7348718150134048 0.1391098328125 0.724401726541555 0.1777593421875 0.7085726353887399 0.199363996875 0.6651965469168901 0.1992629453125 0.5952081903485255 0.18215445 0.5649813136729223 0.15089117968750002 0.563173254691689 0.1140498515625 0.5894102707774799 0.095024596875 0.5770699544235925 0.057610498437500005 0.5791880857908848 0.0508419640625 0.5899697560321716 0.050542465625 0.6102246166219839 0.051669299999999994 0.624808144772118 0.05956466875000001 0.6286100026809651 0.0516569484375 0.6444864879356569 0.0517774390625 0.6474429865951742 0.061754696875 0.6550971876675603 0.06198303125 0.730445292225201 0.078391475 0.7311935335120643 0.0817532734375 0.7412898820375335 0.1049938921875 0.7339363270777479 0.1162510609375 0.7478345335120643
1 0.27423195 0.26403631903485253 0.273671540625 0.25028535924932976 0.2574794484375 0.21629998123324398 0.2363634078125 0.2179119329758713 0.1903285578125 0.2230140402144772 0.1888095828125 0.235337 0.1952977765625 0.26133983914209113 0.21442696875 0.2882633217158177 0.21925304687499997 0.3360282225201072 0.2360706546875 0.3982605254691689 0.284093646875 0.5060160723860591 0.2822303 0.4602945254691689 0.2592504453125 0.39232278284182304 0.2734104171875 0.3809204691689008 0.278422290625 0.36685610723860596 0.2768690609375 0.3287439892761394 0.2719470234375 0.3017362707774799 0.27423195 0.26403631903485253
1 0.16172162031249998 1 0.15745389375000002 0.8192568632707775 0.1298569953125 0.8242336809651475 0.1022759171875 0.829880616621984 0.0977288234375 0.8926143565683646 0.0649586140625 0.8366104101876676 0.0458497375 0.8521700509383378 0.0382795140625 0.8898759249329758 0.016220224999999998 0.8830864852546917 0.0149053078125 0.8956953994638069 0.015114490625 0.9008281876675603 0.036942771875 0.8981926943699732 0.040779703125 0.9244197506702413 0.0523322875 0.9182985093833781 0.042493953125 0.9012294477211796 0.0494545890625 0.898628217158177 0.0692766890625 0.9381239195710457 0.10496639062499999 0.9289957479892762 0.11399092343749999 0.9448656219839141 0.1217990390625 1 0.16172162031249998 1
1 0.7501638234375 0.3744210080428954 0.747290928125 0.3989220402144772 0.7291811640625 0.38344624396782845 0.7246397140624999 0.39738178820375336 0.71372441875 0.39858197319034855 0.7136329734375 0.39976803217158174 0.7159423031250001 0.4564328284182306 0.7174711312500001 0.45997647989276136 0.7486030765625 0.4511789034852547 0.7531718328125 0.4399275951742628 0.760257075 0.44586663538873994 0.7600630875000001 0.5802498632707774 0.7588041343749999 0.6099479115281501 0.7526214359375001 0.616002201072386 0.7516082453124999 0.6698583672922251 0.7596233406249999 0.6904749758713137 0.7504039062500001 0.7049248847184987 0.75757106875 0.7189166300268097 0.7826022375 0.7242260509383378 0.7946385296875 0.7564930804289545 0.835836421875 0.8164568927613942 0.8553416734375 0.8156558203753351 0.8573120234375 0.7791614611260054 0.8659292875 0.7822448096514745 0.8860094015625 0.7612262439678285 0.9036276453125 0.7283857989276139 0.903381884375 0.7042276809651474 0.8932340203125 0.627413581769437 0.878790465625 0.5886931501340483 0.8622687546875 0.4991436943699732 0.836225815625 0.47110399731903485 0.7917713156249999 0.4746483565683646 0.7903786687500001 0.33775234584450403 0.799077853125 0.3488884021447721 0.80569888125 0.30919543967828417 0.8212375453125 0.302112418230563 0.821019090625 0.28063853351206436 0.8124291343750001 0.280239418230563 0.8139065421874999 0.272015254691689 0.8061918218749999 0.28092523860589813 0.8016425734375 0.2662763056300268 0.8004057828125 0.26642469973190347 0.7820632 0.28760915013404825 0.77836968125 0.30816955227882037 0.7596577453125 0.3102270160857909 0.743434990625 0.3267905924932976 0.7438718984375 0.36973835924932974 0.7501638234375 0.3744210080428954
1 0.4701028671875 0.3459566809651475 0.48674045 0.3081626380697051 0.51792369375 0.3082322707774799 0.528703159375 0.2983290080428954 0.5336925234375001 0.2638627855227882 0.5169773671875 0.23847050670241288 0.482683078125 0.23893053887399465 0.468101021875 0.19838371581769434 0.441438759375 0.1867870053619303 0.40888198124999997 0.20039792761394104 0.40204591718750005 0.21366382573726542 0.4054117421875 0.2319161742627346 0.39152123125 0.24234910455764075 0.38888335 0.2777596514745308 0.3805645578125 0.296656672922252 0.354193471875 0.3065251179624665 0.341603703125 0.29791120375335123 0.3372597625 0.3116757801608579 0.338800684375 0.34948591689008046 0.36096151875000004 0.34571295978552274 0.3736240796875 0.35969316890080427 0.3969205203125 0.35303753351206435 0.4065345015625 0.36474475335120643 0.45803629062500006 0.3585654825737265 0.4701028671875 0.3459566809651475
1 0.9432891546875 0.36294192761394106 0.9291034390625 0.3632240616621984 0.8992062656250001 0.40470660589812335 0.8807793640625 0.41129516353887396 0.870398903125 0.4500192332439678 0.883821746875 0.47019624128686327 0.904473678125 0.461785691689008 0.9094595625 0.48509338873994634 0.9067985984375 0.5316637426273458 0.9108028562499999 0.5353678123324397 0.92432704375 0.5337451581769437 0.92116595625 0.4934529597855228 0.9263788921874999 0.4693498445040214 0.9740385093749999 0.44794667828418233 0.9733927203125001 0.4321007613941019 0.9578472187499999 0.3774668579088472 0.9432891546875 0.36294192761394106
1 0 0.4915256273458445 0.0026131765625 0.5556460294906166 0.01812345 0.5537850804289545 0.025348139062500004 0.541671091152815 0.027250535937499997 0.49948093565683643 0.048983928125 0.49670977479892764 0.07898529843749999 0.46629518498659517 0.0760452421875 0.40648439410187664 0.0357339390625 0.4166158445040214 0.023521609375 0.4385228632707775 0.0171287234375 0.4212919008042895 0 0.4255968686327078 0 0.4915256273458445
0 0.3230213609375 1 0.316020146875 0.8282088498659517 0.2530179640625 0.768080072386059 0.256011175 1 0.3230213609375 1
1 0.4233114546875 0.4773769034852547 0.39934801875 0.49951605093833784 0.39582463125 0.6094712493297587 0.3729290140625 0.6488392600536192 0.3751951359375 0.7044438766756033 0.43666945156250003 0.6970680857908848 0.4996735375 0.6815832520107238 0.5005410484375 0.612119399463807 0.472763290625 0.6154726246648794 0.4560281546875 0.500888908847185 0.42428697499999996 0.47720097855227883 0.4233114546875 0.4773769034852547
1 0.4304322375 0.35351309115281504 0.3975148375 0.3369087372654156 0.3701322734375 0.34369808042895444 0.37014564375000003 0.3439163619302949 0.4051690640625 0.39873958713136726 0.4039488171875 0.4735041823056301 0.4236091375 0.47883971045576407 0.4205299828125 0.5074771554959786 0.42309321562499996 0.5078836487935656 0.4352339953125 0.5064269758713137 0.47392122812500004 0.4795739544235925 0.4755169171875 0.4373152788203753 0.474031634375 0.400870418230563 0.454556278125 0.31915388471849865 0.45381121718750006 0.3192657292225201 0.4304322375 0.35351309115281504