0 0.5021164765624999 0.5694909517426274 0.5225210609375 0.5554601099195711 0.521977228125 0.5371505335120643 0.5119350578125 0.41454891957104556 0.5033942265625 0.4166084745308311 0.4937238421875 0.43234841554959785 0.4982193515625 0.5341422332439678 0.45339933437499996 0.5595438659517425 0.45847262187500004 0.5686292520107239 0.49833994375 0.5545047426273458 0.5021164765624999 0.5694909517426274
0 0.644475459375 0.4564725898123324 0.6516921609375 0.43606468632707773 0.648706678125 0.4097114879356568 0.687811640625 0.39742568900804287 0.6884670859375001 0.38919295174262736 0.6475416593750001 0.3924185201072386 0.639543684375 0.3758905361930295 0.631816775 0.3775184101876676 0.629463209375 0.3780859544235925 0.625795921875 0.37913827345844503 0.6324559828125 0.46044880697050933 0.6452903859375 0.5547858150134048 0.6633355390625 0.5388421635388739 0.657961671875 0.4914064048257373 0.644475459375 0.4564725898123324
0 0.1709133015625 0.5537268069705094 0.15964594062499998 0.5509397184986595 0.1523143015625 0.5527076863270778 0.1541920015625 0.6316994316353888 0.1552197546875 0.6442469436997319 0.15525939375 0.6446199571045577 0.17179011093750002 0.6364163190348525 0.1736377328125 0.5868086648793566 0.1709133015625 0.5537268069705094
0 0.4927646140625 0.546510219839142 0.48694680312500005 0.4754824396782842 0.4845087140625 0.4671868873994638 0.47172205 0.47027029490616623 0.46981750624999996 0.4913728203753351 0.47638615 0.6048417479892761 0.49282400312499997 0.6047734691689007 0.4927646140625 0.546510219839142
0 0.8200678828125 0.429586327077748 0.798136328125 0.4412525335120644 0.8010768828125 0.47715281769437 0.83620380625 0.472380436997319 0.8992452249999999 0.430789600536193 0.8414859531250001 0.4244215227882037 0.8200678828125 0.429586327077748
0 0.7050254406249999 0.47666672117962466 0.6145925796875 0.49278615549597854 0.6149335687499999 0.4969491849865951 0.6248537453125 0.5249379517426274 0.6275330921875 0.5247462654155496 0.6548077328125 0.5181691903485255 0.6624630390624999 0.5030987238605898 0.676354071875 0.5129734530831099 0.7169028515625 0.5031954209115281 0.7178190468750001 0.492553726541555 0.7169645515624999 0.4860301769436997 0.7050254406249999 0.47666672117962466
0 0.27103514687499997 0.41858971045576404 0.28531525 0.393185654155496 0.2886084875 0.36882746648793563 0.2990086328125 0.36142553351206436 0.2977700046875 0.34800716890080424 0.2870533734375 0.343404163538874 0.2834087625 0.33429068364611264 0.24349288125 0.34391609651474525 0.246039509375 0.37936797050938337 0.233939115625 0.4026562225201073 0.238651803125 0.4365571742627346 0.2484368234375 0.44822055227882035 0.2602927484375 0.4222839383378016 0.27103514687499997 0.41858971045576404
0 0.27189721875 0.3785826756032172 0.25412015625 0.40407818766756026 0.25466179843750003 0.46612122252010724 0.2612459640625 0.4757409168900804 0.25584679375 0.5010305335120644 0.2589539296875 0.5234352386058981 0.2772479671875 0.5093290187667561 0.300935896875 0.5158642225201072 0.35260404218749997 0.5098239544235925 0.428305925 0.4915690160857909 0.4275215671875 0.4819930348525469 0.4091399578125 0.47743834316353884 0.290786190625 0.4933786890080429 0.2874108703125 0.4169869410187667 0.27579743125 0.397467144772118 0.27372745 0.3782526112600536 0.27189721875 0.3785826756032172
0 0.04798706875 0.41395549597855225 0.015256028125000001 0.4282944664879357 0.003725546875 0.4513665924932976 0.0037918015625 0.45217548257372653 0.05319439687500001 0.44347859249329763 0.060951318750000004 0.4664985308310992 0.06948353125 0.4644919839142091 0.09409604218749999 0.38195746648793566 0.093846290625 0.37107001340482576 0.0927690359375 0.35982370777479894 0.0869765203125 0.35731173994638066 0.0836739484375 0.3393938016085791 0.0831288890625 0.3094892252010724 0.0549989921875 0.3162725361930295 0.04662645 0.3252300750670241 0.042533709375 0.3653036782841823 0.015278343750000001 0.3788468820375335 0.0132282546875 0.4071249490616622 0.043025775 0.40356111528150135 0.04798706875 0.41395549597855225
0 0.5247093171875 0.1415256890080429 0.4128485890625 0.16282827882037534 0.3570233125 0.16333134852546916 0.35247897031250003 0.16419676675603218 0.328621915625 0.1883212707774799 0.33450504062499997 0.2790300053619303 0.34051573749999997 0.2900391876675603 0.36454454531249997 0.2876522761394102 0.3701875671875 0.2862915040214477 0.3726835515625 0.2082892305630027 0.54577135 0.17268527345844506 0.5441815328125 0.15327571045576407 0.5307200125 0.15253487131367294 0.5289881656250001 0.13260826273458445 0.5247093171875 0.1415256890080429
0 0.6103264203125 0.2673302332439678 0.6130449703124999 0.3005201367292225 0.6151195375 0.31826139142091153 0.7134669640625 0.2864237158176944 0.725864278125 0.2929097908847185 0.7343370140625 0.3274153726541555 0.7542253734375 0.31991213404825736 0.7801143765624999 0.32720575871313673 0.7813783203125 0.2957668739946381 0.773603928125 0.2786904209115281 0.772886621875 0.2517902707774799 0.762470559375 0.24076546112600536 0.7644328484375 0.22675570777479895 0.753110946875 0.20512008579088473 0.7476759093750001 0.14145520375335122 0.7617142390625 0.08392371581769437 0.757902346875 0.057769798927613934 0.7547464046875 0.05548510455764075 0.7532716390624999 0.0558407345844504 0.74467504375 0.07855699463806971 0.7064076921875 0.0742483163538874 0.6973693515625 0.0886107506702413 0.70671109375 0.22578465415549598 0.6269311937500001 0.2531449142091153 0.6103264203125 0.2673302332439678
1 0.7711721046875 0.5551162091152815 0.754878596875 0.5391975710455764 0.7347339093749999 0.5436834557640751 0.724856965625 0.5579437533512065 0.7175043999999999 0.5452327721179625 0.689310659375 0.5477680134048257 0.6744952453125 0.5691584638069705 0.6799096375 0.644892798927614 0.682714534375 0.6887686461126006 0.6894839125 0.6911972305630028 0.6926548125 0.6904325924932976 0.721068846875 0.6465405308310992 0.771887540625 0.6312730857908847 0.8546660390625 0.534236109919571 0.8302793656249999 0.5350917962466488 0.7769362953125001 0.5773305227882037 0.7711721046875 0.5551162091152815
1 0.8172693765625001 0.4244158579088472 0.8234905250000001 0.4339550616621984 0.8352065421875 0.4320108873994638 0.843539546875 0.42830121715817693 0.8451312703125 0.41425479624664885 0.8561759546875001 0.4274572466487936 0.8602550484375 0.40727036461126004 0.9037361046875001 0.3977281742627346 0.9029146984375 0.3694049463806971 0.90848653125 0.36239466219839145 0.9024660750000001 0.32329977479892763 0.9096296328125 0.30224307238605896 0.9035101937500001 0.2903712037533512 0.9127388421875 0.29456749329758714 0.918036875 0.27811613404825736 0.9128378265625001 0.26734447184986593 0.9007985140624999 0.2734590804289544 0.89435578125 0.26575764879356567 0.8822653796875001 0.20117938605898125 0.8555740593750001 0.16927346112600536 0.8544689046875 0.16951071581769436 0.81460294375 0.17912409115281502 0.7996839296875 0.20972081769436998 0.80566975625 0.28279984986595175 0.81833936875 0.3252675067024129 0.8126685531250001 0.3595008096514746 0.8151644843750001 0.3987179168900804 0.8172693765625001 0.4244158579088472
1 0.7949194234375 0.4808637050938338 0.7760686265625 0.4451054128686327 0.7549202875 0.44736227345844504 0.7139064859375 0.45314816353887405 0.717279453125 0.4943276327077748 0.73547829375 0.5178580268096515 0.74208354375 0.565107163538874 0.7612649078125 0.6263397372654155 0.81821458125 0.7413741769436998 0.8202826562500001 0.7408754772117961 0.8172062234374999 0.7055006621983915 0.7843267234375 0.6197259597855228 0.798128421875 0.6079701796246648 0.8058591312500001 0.5838108632707775 0.7937439015625001 0.5294375415549597 0.7949194234375 0.4808637050938338
1 0.8172187390625 0 0.8287166296875 0.14037402412868633 0.8287323171875001 0.140521836461126 0.884002684375 0.12719380428954424 0.8836169296874999 0.07057028954423591 0.9164375984375001 0.11937236997319035 0.9369872562499999 0.11441697587131368 0.9396718109375 0.11226305630026809 0.9443430078124999 0.07545517158176944 0.9673405359375 0.08294630294906166 0.9677985671875 0.06547484450402145 0.94503439375 0.06732419302949061 0.93901923125 0.041386214477211795 0.9277538234374999 0.046981126005361924 0.93914025 0.06413266219839142 0.9322651953125 0.06643461126005362 0.9089132937500001 0.026856552278820372 0.873323753125 0.03451930563002681 0.8628620687499999 0.018577270777479893 0.8586425734375001 0 0.8172187390625 0
1 0.10037777187500001 0.33712304825737266 0.10006403593749999 0.36172206702412874 0.0803436671875 0.34978586327077743 0.07725865625 0.36430267560321716 0.0770693984375 0.36435799195710455 0.0820018984375 0.4245772922252011 0.10683228281249998 0.412843163538874 0.110224871875 0.40095949061662195 0.117928165625 0.40551569436997315 0.1317660765625 0.5376231876675603 0.1336084640625 0.5670381233243968 0.128059753125 0.5741058766756032 0.13267033749999999 0.6272190938337802 0.14283579062500001 0.6460323967828419 0.1351278796875 0.6619003136729222 0.1437539046875 0.6743559463806971 0.1693321015625 0.6750494986595175 0.1847340703125 0.7045860268096514 0.232181059375 0.7560719008042895 0.25159692968749997 0.7517588820375336 0.2497560828125 0.7155359061662199 0.258692765625 0.7170086005361931 0.2765722859375 0.6927218284182306 0.2907562578125 0.6572614691689008 0.287988059375 0.6335631876675604 0.2698225109375 0.5599042573726541 0.25134015 0.5244604235924933 0.22547284687500002 0.4394372493297587 0.19650975937499998 0.41658716621983916 0.152438425 0.4281060616621984 0.13675196875 0.2938157935656836 0.1466113828125 0.30318791689008046 0.14908585624999998 0.26298069705093835 0.16388036718750001 0.25321073994638066 0.161419746875 0.23214560053619304 0.1527906421875 0.23330604825737267 0.1534088765625 0.224956254691689 0.1466267765625 0.23510751742627345 0.142052384375 0.22489014209115282 0.13642554843750002 0.22624701072386058 0.1232031625 0.2460379222520107 0.12165757656250001 0.2669124075067024 0.1031659796875 0.2723168150134048 0.08867750937499999 0.29152795174262736 0.09359875 0.3336582332439678 0.10037777187500001 0.33712304825737266
1 0.5362094515625 0.7783295093833781 0.5465613015625 0.7698671903485255 0.553141321875 0.7924099571045576 0.5736088031250001 0.7918649329758712 0.584821103125 0.8035393538873994 0.591599821875 0.8477714798927615 0.5871756203125 0.8708119410187668 0.6031935984375 0.8817614504021447 0.6073028421875 0.8805604691689007 0.617541271875 0.8755293351206435 0.6138444875 0.8303964745308311 0.621350621875 0.8064552788203754 0.6165477859374999 0.7670825335120643 0.628024446875 0.7338256112600536 0.6212644890625 0.670559 0.60940919375 0.6414027131367293 0.5869845921875 0.618053871313673 0.585717365625 0.564055654155496 0.5795722609375 0.54682263538874 0.5675540890625 0.5446243726541555 0.5579365203125 0.5469435764075067 0.5456522374999999 0.5757651983914209 0.5473543796875 0.635073163538874 0.5246560390624999 0.6661729088471849 0.519107025 0.7140079705093834 0.5282965421875 0.7684092278820376 0.5362094515625 0.7783295093833781
1 0.10653982343749999 0.5148122680965148 0.09595915000000001 0.514907892761394 0.0918394375 0.5157341045576408 0.0616055765625 0.5562451715817694 0.0431136828125 0.5626555040214477 0.031759628125 0.6014065522788203 0.04456141875 0.621804254691689 0.06531366093749999 0.6135897184986595 0.06964568125000001 0.6370369249329759 0.0657545125 0.6837475120643431 0.075390040625 0.6930864557640751 0.083382946875 0.6911590268096515 0.08105763906249999 0.6455553619302948 0.0868841125 0.6214217560321715 0.13581947968750002 0.6000305361930295 0.1345237 0.5842107882037534 0.12062123124999999 0.5295497882037534 0.10653982343749999 0.5148122680965148
1 1 0.4694157935656837 0.9938518125 0.40958848525469166 0.98168465625 0.3899423351206434 0.9793234421875001 0.3903681554959786 0.9665417328125001 0.4135269463806971 0.96841750625 0.45489615013404827 0.9463775875 0.4561800160857909 0.9184043171875 0.48406441018766755 0.9184646093750001 0.48480049865951746 0.9268058203124999 0.5431245442359249 0.9515248734374999 0.5386667184986595 0.9677860984375 0.5347454450402145 0.9777715671875 0.5150977613941019 0.9850137468750001 0.5305911286863271 1 0.526977308310992 1 0.4694157935656837
0 0.657855325 0 0.6703628953125 0.15270087667560323 0.7347978609375 0.19466403217158176 0.717635221875 0 0.657855325 0
1 0.5035226625 0.38052018766756035 0.49535205312499997 0.42399118498659516 0.49734551875 0.4483287613941019 0.5086445656249999 0.4771576836461126 0.573017465625 0.4754701394101876 0.600614815625 0.5149935281501341 0.633125825 0.507153745308311 0.6310976890625 0.48239289008042896 0.626926778125 0.44872409383378015 0.6041453140625 0.293545 0.5638563484375 0.2969050563002681 0.5636221609375001 0.29694728954423594 0.568473528125 0.3440032841823056 0.5035226625 0.38052018766756035
1 0.5677500921874999 0.6099583002680965 0.6117411500000001 0.6080357158176944 0.6123729953125 0.5744226702412869 0.629554746875 0.5781137131367292 0.629262146875 0.5634515522788204 0.6285438328125 0.5578145764075068 0.6064148109375 0.4890942975871314 0.5755909406249999 0.48854009651474534 0.56175213125 0.49187721983914207 0.521013725 0.525387436997319 0.52255204375 0.5441682680965148 0.5380248625 0.5695464262734584 0.5324692625 0.6262344691689008 0.5399567140625 0.6724740831099195 0.5677500921874999 0.6099583002680965