0 0.2504582453125 0.6385198286384977 0.12862719843749998 0.6506944835680751 0.09794147656249999 0.6555398521126761 0.04147675625 0.7732641478873239 0.169574528125 0.757108558685446 0.25074194375 0.6425749906103286 0.2504582453125 0.6385198286384977
0 0.37957516406249997 0.7548963826291081 0.381163903125 0.7547993920187793 0.441369090625 0.7452928075117371 0.4383621609375 0.6969022300469484 0.42920648437500003 0.5660320845070422 0.37197384218749996 0.5218205727699531 0.37834095 0.7372546737089202 0.37957516406249997 0.7548963826291081
0 0.66059379375 0.7932887370892019 0.7304378 0.7621268591549296 0.7160403578125 0.5563315352112675 0.7110841984375 0.5086394483568075 0.640468696875 0.5919583333333334 0.6567500046875 0.7938956830985916 0.66059379375 0.7932887370892019
0 0.8567740468749999 0.6815563427230047 0.8647979796874999 0.7512727323943662 0.8663557859375001 0.7509853732394366 0.934863234375 0.6280836431924882 0.9345397953125 0.6188117464788733 0.9136629671875 0.41815890845070425 0.9126458 0.4183195211267606 0.8492605828125 0.5741597840375587 0.8567740468749999 0.6815563427230047
0 0.6010520890625 0.39663843896713613 0.5688528421875 0.4286853591549296 0.578261625 0.5631733873239437 0.5799519109375 0.562906485915493 0.6101569390625 0.5465896854460094 0.6093089390624999 0.5247161103286385 0.6010520890625 0.39663843896713613
0 0.762816165625 0.3513949577464789 0.7250932703124999 0.3937890399061033 0.735336971875 0.5402112887323943 0.7633755453125 0.49716485915492953 0.762816165625 0.3513949577464789
0 0.41748313125000003 0.4091758051643193 0.41896506406249995 0.46455687558685443 0.42529418750000003 0.555024617370892 0.44892373281250003 0.5694341502347418 0.4532771015625 0.5687467394366197 0.44792467656249996 0.4432654765258216 0.4465075203125 0.41815376525821596 0.41748313125000003 0.4091758051643193
0 0.21676742343750002 0.5541612159624413 0.21682376250000002 0.5541557910798122 0.2965542 0.5415661103286386 0.32561214843749997 0.5000713309859155 0.325337025 0.4961387441314554 0.2313313421875 0.5034382464788733 0.22519331718750002 0.5040291854460094 0.21676742343750002 0.5541612159624413
0 0.3488552140625 0.4421520985915493 0.36363232968750003 0.4147253544600939 0.3634101140625 0.41154901408450706 0.297611515625 0.42102140375586855 0.29219041562500003 0.4218774131455399 0.2766398296875 0.45737777230046944 0.3010992703125 0.45351555164319246 0.3488552140625 0.4421520985915493
0 0.4571476625 0.4713612957746479 0.45085995937499995 0.3814856267605634 0.42983325624999996 0.36272165023474173 0.43632569062500004 0.4668445375586855 0.45091582968750005 0.47234532159624415 0.4571476625 0.4713612957746479
0 0.556661103125 0.4674485305164319 0.5734550203125 0.44955392253521126 0.5655423265625 0.33645081924882625 0.56517291875 0.33650588732394365 0.5431660859375 0.3467269107981221 0.55608299375 0.4675347089201878 0.556661103125 0.4674485305164319
0 0.6605046109375 0.45868376525821597 0.6834473109375 0.43931933568075116 0.68345073125 0.3731231737089202 0.6830988859375 0.3549566150234742 0.680981825 0.3246955868544601 0.65431275 0.3474398920187793 0.6546054359375 0.3743616455399061 0.6605046109375 0.45868376525821597
0 0.3498104015625 0.33439183568075115 0.34878003125 0.38208605868544604 0.3520325390625 0.4285770070422535 0.3582836921875 0.43268421361502346 0.3628597578125 0.43196163849765257 0.362403303125 0.40249887793427225 0.3602452828125 0.351174089201878 0.3498104015625 0.33439183568075115
0 0.4385055484375 0.38455083568075116 0.4402777171875 0.4098819976525822 0.45762382968750004 0.4190094953051643 0.45994114374999995 0.41854085211267605 0.4604234140625 0.34697158920187793 0.45983585156249995 0.3301282652582159 0.45972905468749997 0.32860172535211263 0.4388352109375 0.32455580516431926 0.4385055484375 0.38455083568075116
0 0.5544149421875 0.3938281197183099 0.5512467859375 0.31677384741784037 0.53930763125 0.3285445211267606 0.537674265625 0.3647951103286385 0.5407384875 0.4085947370892019 0.5469733375 0.40761023474178404 0.55459919375 0.4057209436619718 0.5544149421875 0.3938281197183099
0 0.6674289859375 0.35554504460093894 0.667119946875 0.3511276737089202 0.649441059375 0.3329103427230047 0.5989483671875 0.34275514319248823 0.6100964640625001 0.3645980258215962 0.6674289859375 0.35554504460093894
0 0.9719169234375 0.39618620187793424 0.9719015484375 0.3958549061032864 0.9693862875000001 0.3599020610328638 0.9341085687499999 0.3658238075117371 0.948524534375 0.48110425352112673 0.94965620625 0.480925558685446 0.9719169234375 0.39618620187793424
0 0.9413750328124999 0.4043416948356807 0.9518615953125 0.40134995305164317 0.951672809375 0.3986514882629108 0.8101873812499999 0.33752368309859154 0.7493863328125 0.3461827441314554 0.863269434375 0.4166748098591549 0.9413750328124999 0.4043416948356807