0 0.8354329015624999 0.5592662417840376 0.8586428046875 0.7531242136150235 0.8594073984374999 0.7529831713615023 0.9151277296875 0.6018158568075117 0.8945854875 0.4113236220657277 0.8324729312500001 0.5230491197183099 0.8354329015624999 0.5592662417840376
0 0.694779303125 0.629623279342723 0.6910588171875001 0.5841007746478873 0.684756615625 0.5382163145539905 0.5323424328125 0.5654678122065727 0.532739221875 0.5689674976525821 0.5745278140625001 0.644110779342723 0.6714253359375 0.6339312723004695 0.694779303125 0.629623279342723
0 0.3101584890625 0.7775054107981221 0.3830226546875 0.8406749976525821 0.38513722499999997 0.8403784319248826 0.375090325 0.5901321220657277 0.299146715625 0.5701610657276995 0.2933006875 0.5712394530516431 0.3101584890625 0.7775054107981221
0 0.18006488125 0.8688379507042254 0.182578596875 0.8683742582159625 0.177700921875 0.7747902746478873 0.1678243078125 0.6539436197183098 0.0846587109375 0.5703113192488263 0.09158801562499999 0.737338220657277 0.0925725046875 0.7454500539906103 0.18006488125 0.8688379507042254
0 0.4222566921875 0.4540636807511737 0.3887620828125 0.42828269483568077 0.38564083125000004 0.42885845774647885 0.39451123125 0.5529155093896714 0.396623240625 0.5745772018779343 0.431285090625 0.5882146948356808 0.43236306874999997 0.5881581408450703 0.43320335937500004 0.5880031361502348 0.4222566921875 0.4540636807511737
0 0.222465190625 0.442403338028169 0.2214734328125 0.4425862816901408 0.2215350484375 0.4443496455399061 0.2338970953125 0.5956071737089201 0.2655404859375 0.6331213591549296 0.2663928375 0.6329641291079812 0.262521978125 0.47480307981220654 0.222465190625 0.442403338028169
0 0.5519050625 0.5519165399061032 0.5795726875 0.5255745915492958 0.5667858234375001 0.3834544154929578 0.53928131875 0.40010313615023474 0.5398867359375 0.4101869084507042 0.5514765421875001 0.55199558685446 0.5519050625 0.5519165399061032
0 0.7091213093750001 0.41987170187793427 0.716574084375 0.5110611737089202 0.71833168125 0.5306768286384976 0.724600903125 0.5295203755868545 0.7491482484375 0.5078537136150235 0.744671265625 0.4578883661971831 0.7344911390625 0.35403472535211267 0.7091213093750001 0.41987170187793427
0 0.6198404765625 0.3675987300469484 0.63865273125 0.38993876525821597 0.6948846703125 0.38600404929577464 0.711506865625 0.3829378356807512 0.6911147843750001 0.3535888098591549 0.6197710484375001 0.3667492370892019 0.6198404765625 0.3675987300469484
0 0.5059624421875 0.3877429507042253 0.5147250062500001 0.4191985821596244 0.5235781796875 0.41842391549295777 0.5844514921874999 0.4050626079812206 0.5679909734375 0.37635854225352117 0.5673960250000001 0.37641060093896717 0.5059624421875 0.3877429507042253
0 0.43225015312500004 0.40370533802816905 0.39893789062499996 0.4098502887323944 0.3887699015625 0.44882836854460095 0.388843346875 0.44972701643192486 0.41295096718749996 0.44592034741784037 0.4690646640625 0.43424553051643194 0.47073660312500004 0.39855426995305165 0.43225015312500004 0.40370533802816905
0 0.2826530140625 0.44742619014084506 0.27738440625 0.48193863615023474 0.350824740625 0.4683914600938967 0.35765828437499997 0.4226467253521127 0.2826530140625 0.44742619014084506
0 0.62055599375 0.38788986150234744 0.629862515625 0.37766843192488264 0.6215745953125 0.2880505516431925 0.6124382484375 0.3086530915492958 0.61272720625 0.319086838028169 0.6183831296875 0.3882906784037559 0.62055599375 0.38788986150234744
0 0.49803827500000003 0.36042649061032866 0.49873446875000005 0.36894486150234745 0.5035997015625 0.37871860798122065 0.5611863609375 0.3680958802816901 0.5631421296875 0.3672815821596244 0.5631361187499999 0.36720804929577466 0.5536986765624999 0.3370822089201878 0.49803827500000003 0.36042649061032866
0 0.43575873906249996 0.3452822488262911 0.42414656562499997 0.33661381924882633 0.42251565312499995 0.3369146643192488 0.42929840312499995 0.41129847887323945 0.430670725 0.42299098356807513 0.44646591718749995 0.4247334929577465 0.4466192484375 0.4247052089201878 0.44376389375 0.38976811502347414 0.43575873906249996 0.3452822488262911
0 0.336181825 0.3433800539906103 0.3359269671875 0.3434270657276995 0.33576665625 0.35889084037558683 0.34237628125 0.43976382863849767 0.3492089546875 0.44503905164319246 0.352450584375 0.4444410845070423 0.35306055937499997 0.3704556079812206 0.336181825 0.3433800539906103
0 0.026782743749999997 0.521853589201878 0.036584743749999996 0.6312350117370892 0.0377435375 0.6396662394366197 0.06703903125 0.6342622441314554 0.063489384375 0.5908300399061033 0.026782743749999997 0.521853589201878
0 0.1985181046875 0.4373605516431925 0.168202540625 0.4429527136150235 0.043963540625000005 0.5331143215962441 0.044016548437500004 0.5336579788732394 0.12114956406249999 0.5376398004694836 0.1287944 0.5366349741784038 0.2341333765625 0.4343162089201878 0.1985181046875 0.4373605516431925