0 0.8316560921875 0.47536181924882626 0.8955186953125001 0.5788207558685446 0.9131366 0.38720718075117366 0.85439286875 0.24245342253521127 0.8540356421874999 0.24242529812206573 0.8353336265625 0.42279557276995305 0.8316560921875 0.47536181924882626
0 0.57321153125 0.5090120399061033 0.6360509328124999 0.5189489295774649 0.6477426937499999 0.33549129812206574 0.597455075 0.27985837558685445 0.5951814375 0.27961952112676053 0.5766624328125001 0.45968527464788733 0.57321153125 0.5090120399061033
0 0.308906834375 0.25553538967136147 0.2946578015625 0.4269882957746479 0.3789054328125 0.36696272769953053 0.3929931484375 0.165594617370892 0.3170217234375 0.17555317136150236 0.308906834375 0.25553538967136147
0 0.025209109375 0.26019098122065726 0.1007499921875 0.3567053615023474 0.15894427656250001 0.36589441784037563 0.2288253984375 0.3562965281690141 0.22904653125 0.3531356807511737 0.169810784375 0.24263489201877936 0.025343053124999997 0.2591557488262911 0.025209109375 0.26019098122065726
0 0.4162840421875 0.47242853051643197 0.35586788281250004 0.4716866126760564 0.3551341578125 0.4821743943661972 0.3675552515625 0.5168521361502347 0.43628345 0.527704530516432 0.46123457500000004 0.5289809178403756 0.4519600578125 0.4758919084507042 0.4409624265625 0.47415534976525825 0.4162840421875 0.47242853051643197
0 0.27580503749999996 0.3809487370892019 0.2388806046875 0.40850406103286385 0.22900284375000002 0.49879607746478877 0.22234656249999998 0.5611902981220658 0.2221013765625 0.5646949647887324 0.222814096875 0.5648075046948358 0.26605643125 0.518923251173709 0.266293715625 0.5169024342723004 0.27580503749999996 0.3809487370892019
0 0.5710262921875 0.615052396713615 0.5707125484375 0.4588016995305164 0.5522589531250001 0.4491903215962441 0.54233754375 0.5910057605633803 0.5709124937500001 0.6150404413145539 0.5710262921875 0.615052396713615
0 0.742268721875 0.5352393098591549 0.7448052406250001 0.484949544600939 0.717734565625 0.4643660657276995 0.7096619046875 0.5797557276995305 0.73612395 0.6398514788732395 0.742268721875 0.5352393098591549
0 0.661367165625 0.5514441995305165 0.6536671453125 0.6615073615023475 0.6681841734375 0.6895608309859155 0.6682174109375 0.6895678474178404 0.680864115625 0.5802906948356807 0.6624707062499999 0.5516184530516433 0.661367165625 0.5514441995305165
0 0.5206360937500001 0.5740689436619718 0.5079956218749999 0.5930514084507043 0.5761270265625 0.6216515704225353 0.5864250890625 0.5896255727699531 0.5867713125 0.5846766854460094 0.5854536968749999 0.5843038427230046 0.5206360937500001 0.5740689436619718
0 0.389359571875 0.5562910422535211 0.399327334375 0.5926794882629108 0.44670465156250005 0.6001605117370892 0.4719260890625 0.6022075704225353 0.46996695937500005 0.5667094389671361 0.41363354062499996 0.55798779342723 0.3894254234375 0.5554446267605634 0.389359571875 0.5562910422535211
0 0.305728040625 0.5011805093896713 0.2994977859375 0.5812604906103287 0.29716482499999997 0.6146075657276996 0.3250150453125 0.6013091173708921 0.3353350796875 0.4956935234741784 0.33585629687499996 0.48824329342723005 0.333240509375 0.48783025117370893 0.305728040625 0.5011805093896713
0 0.6022802875 0.6515448497652583 0.5894645749999999 0.6651890093896714 0.6233689296875 0.6705426103286386 0.6483249265625 0.6735365023474179 0.657392840625 0.6546719577464789 0.6407460687500001 0.6520433802816902 0.616555940625 0.6511975117370893 0.6022802875 0.6515448497652583
0 0.499314359375 0.6445437394366197 0.555553075 0.6619144460093896 0.5644400093749999 0.6309921854460093 0.5614727265624999 0.6300844835680751 0.5065130875 0.6214061877934273 0.49993089843750005 0.6357310093896714 0.499314359375 0.6445437394366197
0 0.4319257921875 0.6332321056338027 0.4651957515625 0.6350991948356808 0.45964981875 0.6162620375586855 0.41197526875 0.6041722699530516 0.40635474687500006 0.6035324225352112 0.40598054218749996 0.6291352699530516 0.4319257921875 0.6332321056338027
0 0.3152001265625 0.6038424319248826 0.32622164531250003 0.6189014436619719 0.355848678125 0.6235796431924883 0.38134920625 0.6228755328638497 0.372615903125 0.5986904953051643 0.3489742671875 0.5974501830985915 0.31557155625 0.5985332582159625 0.3152001265625 0.6038424319248826
0 0.0823396796875 0.41338136384976526 0.004073075000000001 0.4024126103286385 0.004039475 0.4028928896713615 0.058338471875 0.46092278403755865 0.082339565625 0.4685737840375587 0.0823396796875 0.41338136384976526
0 0.053301921875000005 0.4554288286384976 0.17428571875 0.5598904953051643 0.23498040781250001 0.57257229342723 0.14253330625 0.4695187370892019 0.053301921875000005 0.4554288286384976