0 0.5874947453125 0.8298984723502304 0.607188928125 0.814396698156682 0.587901353125 0.7070030299539171 0.6208527421875 0.6894782811059907 0.6545288593749999 0.7486561889400921 0.65327176875 0.6424534562211981 0.6376602421875 0.5056745921658986 0.6370606828125001 0.5056900253456221 0.623830165625 0.539230767281106 0.5726277984375 0.5195398801843318 0.5524765656249999 0.5846647235023041 0.55297894375 0.5926004861751152 0.5865424796875 0.829873960829493 0.5874947453125 0.8298984723502304
0 0.1198310796875 0.7891980483870968 0.0119392 0.8438190322580645 0.006795625 0.8537609447004608 0.0982693671875 0.8514063917050692 0.253106384375 0.8172774447004609 0.2578803140625 0.6445060276497696 0.257708940625 0.6445237004608294 0.06997588437499999 0.6959368179723503 0.11061386250000001 0.7131951359447004 0.1198310796875 0.7891980483870968
0 0.628342621875 0.5137638755760369 0.689495703125 0.515862831797235 0.700693165625 0.5155746059907834 0.7199516796875 0.4666816129032258 0.7199470812500001 0.46629313594470045 0.7199254671875 0.4655108617511521 0.557932359375 0.4815614838709677 0.5579416015625001 0.4818959423963134 0.628342621875 0.5137638755760369
0 0.002693996875 0.6020065898617513 0.0258819234375 0.6032006751152074 0.123958828125 0.6000740368663595 0.12942971718750002 0.5316468686635945 0.1081262171875 0.5308273917050691 0.0018838390625 0.5335620898617511 0.002693996875 0.6020065898617513
0 0.0075799734375 0.4866895 0.008076775 0.5181654654377881 0.0391484125 0.527993896313364 0.0439069640625 0.5278714101382489 0.038313620312500005 0.45516519354838714 0.0072131453125 0.45569885023041473 0.0075799734375 0.4866895
1 0.7135386687499999 0.6899002649769586 0.877458428125 0.6672102580645162 0.8902962875 0.5992270898617511 0.88985598125 0.5620286543778802 0.8727632625 0.4562208064516129 0.849492446875 0.3366026013824885 0.7432158546875 0.33933818202764976 0.7301980640625 0.5125000668202765 0.618599646875 0.622081668202765 0.618797028125 0.6292249999999999 0.6302824359375 0.6831997465437788 0.6911799671875001 0.68843016359447 0.7135386687499999 0.6899002649769586
1 0.84386434375 0.46484475115207374 0.8863270546875001 0.4710500714285714 0.8927058765625 0.4713237741935484 0.8952427843749999 0.44022205990783414 0.8953518062500001 0.43469678341013823 0.864747565625 0.3868392534562212 0.8586159906249999 0.3110182788018433 0.8489157875 0.3112679631336405 0.8338230109375001 0.3170385875576037 0.8339178531250001 0.32505123732718894 0.83970214375 0.38744333640552997 0.8543828359375001 0.3931095161290323 0.836435353125 0.4376658940092166 0.84386434375 0.46484475115207374
1 0.7283986984374999 0.460699965437788 0.7164745406249999 0.4120670414746544 0.714737746875 0.3667881267281106 0.68757838125 0.36381528571428573 0.6839942406249999 0.3639075414746544 0.675448715625 0.40363204377880185 0.675581209375 0.41482549078341013 0.694744959375 0.42380602995391703 0.6830919 0.46900585253456223 0.6845750640625 0.46900585483870966 0.7283986984374999 0.460699965437788
1 0.6097163453125 0.3455513824884793 0.566998796875 0.3450672419354839 0.5442938125000001 0.362881866359447 0.5128276859375 0.3954984193548387 0.5135353234375 0.4552815967741935 0.5579167671875 0.44837942626728106 0.593659734375 0.49528468202764975 0.5975098375 0.49518558064516127 0.6112734890625 0.4419566129032258 0.627166996875 0.4417191244239631 0.6097163453125 0.3455513824884793
1 0.5229270453125 0.37191912442396313 0.48558491875 0.40453204608294935 0.4480907546875 0.39860738479262675 0.4082542953125 0.374603331797235 0.40468471250000004 0.5009911359447005 0.404920171875 0.5208833594470046 0.47081423281249996 0.5191872350230414 0.492624975 0.4621210184331797 0.5404379890625 0.49327164285714287 0.575457696875 0.4476060253456221 0.5831896234375 0.3927572857142857 0.5557631078124999 0.34838748617511517 0.5229270453125 0.37191912442396313
1 0.44151740312500004 0.6434536359447004 0.4143781765625 0.6256409447004608 0.4190678671875 0.5864137949308756 0.448766875 0.5301217649769585 0.46617289531250006 0.42870930184331796 0.43907997343750005 0.3991598801843318 0.418846253125 0.3552013041474654 0.328089059375 0.3701568894009217 0.30290097031249996 0.4324915806451613 0.3037179125 0.5128050483870967 0.31138735781250004 0.5803860714285715 0.333909653125 0.6189827258064516 0.33938974375000003 0.6667757695852534 0.2554322171875 0.6824122557603687 0.23949782812499998 0.6981491981566821 0.137348446875 0.7559106198156682 0.13803182812499998 0.8136447073732719 0.14184273281249998 0.8456758087557604 0.338463621875 0.8406147511520737 0.50011955625 0.7686466658986175 0.51180944375 0.6432224124423963 0.480218659375 0.6042769677419355 0.44151740312500004 0.6434536359447004
1 0.22558839375 0.4986487603686636 0.2068032953125 0.45934402534562213 0.2427008875 0.4454483801843318 0.29485324999999996 0.3194925276497696 0.2666685796875 0.2784236082949309 0.17460021875 0.28342866589861754 0.1553215921875 0.27842224193548387 0.116081128125 0.2794322995391705 0.1178482015625 0.4287198617511521 0.13375578906250002 0.4635603110599078 0.125634784375 0.5456440437788018 0.1568785515625 0.6049728317972349 0.15843115000000002 0.6050261198156682 0.208227009375 0.5837770207373272 0.22558839375 0.4986487603686636
1 0.0365910375 0.49334594930875575 0.05155509375 0.49476005529953915 0.1568959875 0.49746653917050687 0.1694753484375 0.43351780184331795 0.169447715625 0.4311832949308756 0.140652128125 0.403899702764977 0.1621613828125 0.3272869769585254 0.13166499062499998 0.2882491612903226 0.09617316718749999 0.28916272811059907 0.085252803125 0.34846530414746546 0.10406315156249998 0.38872888940092165 0.0930837 0.4127909078341014 0.059087332812500004 0.4179447741935484 0.0365438515625 0.4903563594470046 0.0365910375 0.49334594930875575
1 0.22722784375 0.29567985944700464 0.226527278125 0.2364939331797235 0.2240709640625 0.22276736175115205 0.2077203453125 0.19921036866359448 0.2049153046875 0.14064457603686636 0.1785214625 0.13494616820276498 0.1725044453125 0.13510104838709677 0.166582365625 0.19551217972350232 0.1456653015625 0.20536848847926267 0.1465743265625 0.28351416359447007 0.1480656609375 0.30567779723502303 0.158121534375 0.3057640668202765 0.22722784375 0.29567985944700464
1 0.02284648125 0.32610382258064513 0.0357953640625 0.41056904608294936 0.002326215625 0.43891075115207373 0.00232805625 0.43906621889400926 0.059605057812499994 0.4375918986175115 0.07648133593749999 0.4308859723502304 0.075703203125 0.385699400921659 0.08182066875 0.32524489631336406 0.08182357343749999 0.32487682949308755 0.050226150000000004 0.30722979493087554 0.02284648125 0.32610382258064513