0 0.6064572109374999 0.8127672419354839 0.607246109375 0.8126106382488479 0.617437175 0.7767364930875575 0.6696920734375 0.7849295898617512 0.6781481312500001 0.7446673502304147 0.6665043140625 0.6362564216589862 0.6301303953125 0.4789379193548387 0.630002740625 0.47896773502304146 0.611131325 0.4994965299539171 0.6390847265625 0.6019686267281107 0.6079536546875 0.6267144677419355 0.5560650828125 0.5569589170506912 0.5595232765625 0.5802827695852535 0.6064572109374999 0.8127672419354839
0 0.15669684374999998 0.8606910299539171 0.0568548859375 0.9346330069124423 0.05151051875 0.9500148433179724 0.1295318828125 0.9317919930875576 0.293531996875 0.8629723594470047 0.2738745234375 0.6927896059907833 0.27370617343750003 0.6928393640552994 0.093814378125 0.7787531244239632 0.1367668296875 0.7879693686635945 0.15669684374999998 0.8606910299539171
0 0.6080691687499999 0.3573148686635945 0.644408325 0.5805822373271889 0.645568746875 0.5803112073732719 0.6555306843750001 0.4714512396313364 0.644777546875 0.37326586635944703 0.6072708171875 0.3498817281105991 0.6080691687499999 0.3573148686635945
0 0.011739865625 0.6526049631336405 0.0129898046875 0.6642426451612904 0.015528995312499998 0.6847789838709677 0.0196291546875 0.7101770207373272 0.1129599875 0.6883784539170508 0.14163023125000002 0.675814930875576 0.135990884375 0.6074767350230414 0.011739865625 0.6526049631336405
0 0.0169316515625 0.6272978387096774 0.047304260937499995 0.6220627442396314 0.0494730609375 0.6215561935483871 0.0435598890625 0.5604074769585253 0.0127315453125 0.5554858202764977 0.0093046859375 0.5562862073732718 0.0169316515625 0.6272978387096774
1 0.8493753015625 0.6529594631336406 0.884631509375 0.633410029953917 0.8738595640625 0.5119736543778801 0.8297450671875 0.27369551152073734 0.7833298546874999 0.25885965437788017 0.7319585421875 0.27085805529953916 0.686586196875 0.2904827073732719 0.609846121875 0.3296719032258065 0.6265158890625 0.4848774631336406 0.7498920874999999 0.4959990576036866 0.8440747343749999 0.6536433156682028 0.8493753015625 0.6529594631336406
1 0.816356959375 0.29584617281105996 0.7994710359375 0.31356340552995393 0.8000153609374999 0.3327632834101382 0.80457400625 0.3752070069124424 0.8323137640624999 0.36872804377880186 0.8537864374999999 0.3241375806451613 0.9050906046874999 0.2947027580645161 0.8952660296875001 0.2605466866359447 0.8499158484375 0.28784061981566816 0.848216171875 0.31064610138248844 0.816356959375 0.29584617281105996
1 0.6911745421875 0.33783379262672814 0.687114234375 0.3714277258064516 0.65788745625 0.36454926958525347 0.6615987640625 0.39910377880184333 0.6655267546875 0.4216804170506912 0.6774719796875 0.41889046313364053 0.69755485625 0.40073580414746546 0.727395003125 0.3885063778801844 0.72588509375 0.34291932258064517 0.6911745421875 0.33783379262672814
1 0.5987959796875 0.35889497004608295 0.5751053749999999 0.3166337119815668 0.5359930515625 0.3268370875576037 0.5423790921875 0.3965457211981567 0.514197571875 0.4554380714285714 0.51532436875 0.46592922350230415 0.5482788859375 0.4749326244239631 0.548777109375 0.49327324423963137 0.5600277578124999 0.4906455161290323 0.6123151453125 0.45309407603686636 0.6113317234375 0.38919850230414743 0.5987959796875 0.35889497004608295
1 0.526629221875 0.5575331244239632 0.554133228125 0.5141246405529954 0.53693165 0.4681653133640553 0.5134239125 0.416544797235023 0.5158929921875 0.3604468617511521 0.53045635 0.29889022811059907 0.46255830624999994 0.30578536866359446 0.41854743125000005 0.3160646520737327 0.42165969375 0.3450416774193548 0.43431614375 0.4065613940092166 0.47488242031250005 0.4333101267281106 0.45582519843749997 0.507450638248848 0.4880389 0.5541965391705069 0.5195825046875 0.5587477119815668 0.526629221875 0.5575331244239632
1 0.25586835625000004 0.6633220460829493 0.23481426249999998 0.720593797235023 0.23347651875 0.8208885230414746 0.26569165781250004 0.8475436290322581 0.29322815156250004 0.8887358225806451 0.2971332453125 0.8878580529953918 0.3828653109375 0.8669658248847927 0.39837511718749996 0.8041610806451612 0.3846330578125 0.7258988686635944 0.36599200625 0.6606014838709678 0.3369553109375 0.624757861751152 0.32371537031250003 0.5785842926267281 0.4063078390625 0.5566297281105991 0.4199299265625 0.5400094308755761 0.5132587953125001 0.4761558133640553 0.5088621546875001 0.43522043778801844 0.49358372812500007 0.38278415668202764 0.3992569203125 0.3751747511520737 0.37473898125 0.36828829493087556 0.36865760625 0.3697086751152074 0.14440526874999998 0.4920681751152074 0.15272285624999998 0.6153244377880185 0.191008246875 0.6507840230414746 0.22393986406250002 0.609485495391705 0.2543147453125 0.6246904055299539 0.25586835625000004 0.6633220460829493
1 0.16257085625 0.5444968940092166 0.186632265625 0.5108441059907834 0.2003227796875 0.5612122857142857 0.291121425 0.6178211221198157 0.315220109375 0.5701335 0.3006448328125 0.43615349999999997 0.30356748906250003 0.3519799907834102 0.30325022968750004 0.34726498156682023 0.303168184375 0.34650109216589864 0.277528015625 0.3513343410138249 0.201321225 0.3691333732718894 0.17490375 0.404582099078341 0.11888362187499998 0.40555191244239636 0.0855938375 0.4564805483870968 0.08814578281249999 0.4802406935483871 0.103383553125 0.5324180760368664 0.16257085625 0.5444968940092166
1 0.08179783125 0.3840760207373272 0.07431481250000001 0.4511835944700461 0.09502455 0.48411629032258063 0.0857683765625 0.5125251405529954 0.052978759375 0.5310394470046084 0.0399454921875 0.5911748917050691 0.041162021874999996 0.6025015184331797 0.1239667546875 0.5831614539170507 0.1529331421875 0.5722573732718894 0.161628775 0.501177702764977 0.1315482828125 0.48493732718894006 0.1479266609375 0.39976691013824883 0.11385005468750001 0.37090431797235024 0.08179783125 0.3840760207373272
1 0.1897704109375 0.21635335483870968 0.1526889609375 0.23415367972350232 0.13935213125 0.25918303225806455 0.0998372078125 0.2663704608294931 0.10029200468749999 0.2987462396313364 0.10191467031250001 0.3138542304147466 0.14373823125000001 0.3192075714285715 0.1539816921875 0.34910488248847926 0.2132988046875 0.3430071728110599 0.22321532500000002 0.3406910483870968 0.2002724421875 0.21667923502304146 0.1897704109375 0.21635335483870968
1 0.0632755796875 0.5246289815668203 0.080987909375 0.5167006751152075 0.07713872968749999 0.48086249539170506 0.07529881875 0.47144764976958525 0.0736413421875 0.4482997211981567 0.0696796703125 0.4114141751152074 0.0394345796875 0.39761251612903226 0.0315297359375 0.39945879032258064 0.0113846 0.4153767073732719 0.039103021875 0.4971177142857143 0.0078176046875 0.5281336751152074 0.0079212296875 0.5287465599078341 0.03850561875 0.5273968410138249 0.0632755796875 0.5246289815668203