0 0.282694475 0.7150646935483871 0.42646805312499997 0.7435066359447005 0.45453852031249997 0.7456760161290323 0.406430921875 0.6831278133640553 0.4224772921875 0.6341193847926268 0.49376193749999997 0.6587170138248849 0.5068772078125 0.6290769032258064 0.506963240625 0.62786982718894 0.34391308593750003 0.5856656428571428 0.29579580625 0.6182002073732719 0.30303766875 0.6927225599078342 0.2828893375 0.7095816428571429 0.282694475 0.7150646935483871
0 0.91910609375 0.6154700391705069 0.8934241453125 0.7686534447004608 0.8409692265625001 0.7433247926267281 0.825013646875 0.6798863156682027 0.8098799937500001 0.9530903986175115 0.8098804156250001 0.9531081774193548 0.9248110015625001 0.9619903986175115 0.937789315625 0.5968055529953917 0.91910609375 0.6154700391705069
0 0.2809757625 0.45536811751152073 0.2996209875 0.5052798225806451 0.3856862875 0.5119312373271889 0.44230825781250005 0.4943696797235023 0.4423250875 0.49389610138248846 0.28101234218750004 0.4542140668202765 0.28098461874999997 0.4549941612903226 0.2809757625 0.45536811751152073
0 0.91668908125 0.629110133640553 0.9927239359375 0.6349863640552996 0.9954932968750001 0.6003019377880184 0.9958423765625 0.5922690714285714 0.9967151140625001 0.5677118778801843 0.8696295781250001 0.550750198156682 0.86941174375 0.6194352603686636 0.91668908125 0.629110133640553
0 0.9550523 0.5513191382488479 0.9609522890625 0.5517751082949308 0.9903271515625001 0.5468037211981567 0.99315625625 0.491746965437788 0.9934150015625001 0.4844663548387097 0.962443040625 0.4793971198156682 0.9554032515624999 0.5414440460829493 0.9550523 0.5513191382488479
1 0.260661309375 0.3269133617511521 0.154858415625 0.3187365576036867 0.13321282968749998 0.4380315437788019 0.11465805625 0.5638062834101383 0.1318494265625 0.6493332073732718 0.29638418906249997 0.6862270115207373 0.31875453125000003 0.6866788041474654 0.3796643609375 0.6866788041474654 0.38093705 0.6803246082949308 0.3831271140625 0.6187003917050691 0.2768912703125 0.5067883755760368 0.260661309375 0.3269133617511521
1 0.165028590625 0.3711453294930876 0.1701253203125 0.3164315714285714 0.1706744953125 0.30097886866359447 0.1535685328125 0.2932564677419355 0.1461691828125 0.29268461981566823 0.1399881765625 0.36882057142857144 0.1093924015625 0.4146184976958525 0.10950166562500001 0.42015614976958526 0.1120395625 0.4514596129032258 0.1184170890625 0.4516237718894009 0.16087095468749998 0.44832934101382493 0.1661066125 0.4295103064516129 0.1665454125 0.41716331566820275 0.150351125 0.37580823732718893 0.165028590625 0.3711453294930876
1 0.31910019843750004 0.3579435645161291 0.288425196875 0.35708416129032255 0.284732834375 0.4019824078341014 0.27074501406249996 0.44882679493087557 0.302697134375 0.45937136635944703 0.31490444375000004 0.46031478801843323 0.3058743546875 0.41666493317972353 0.3263935375 0.4100047995391705 0.32663626875 0.403174801843318 0.31910019843750004 0.3579435645161291
1 0.432263040625 0.3286387718894009 0.417969696875 0.327534133640553 0.41776360625000003 0.34688532027649766 0.3794644078125 0.36955320967741934 0.379421209375 0.37076873732718896 0.41310450625 0.425416198156682 0.407969496875 0.4934131751152074 0.44803409531250005 0.4920380391705069 0.47114935156250004 0.4434334815668203 0.4833840796875 0.40966420967741934 0.48328953593749996 0.34692342857142855 0.432263040625 0.3286387718894009
1 0.5046072609375 0.4098659907834102 0.48642963281249996 0.3546584516129032 0.42080968125 0.3393059884792627 0.4206799890625 0.3393048778801843 0.417248434375 0.4070354447004608 0.41365828125000004 0.5080554447004608 0.4543992078125 0.47950078341013824 0.49292173281249996 0.4681537350230415 0.5282517953125 0.495148470046083 0.5576549140625 0.5125446428571429 0.5605057734375001 0.5125691013824885 0.5904493453125 0.46659562903225804 0.5908241328125 0.4620943894009217 0.5875356765624999 0.4122456612903226 0.5555918203125 0.371934099078341 0.5046072609375 0.4098659907834102
1 0.7478190390624999 0.8342030207373271 0.7550337296875 0.8340792211981567 0.777307834375 0.8216346313364055 0.8556216046875 0.7955950276497696 0.859380778125 0.6898191105990783 0.7689631421875001 0.6536742465437787 0.7528128374999999 0.6405032258064517 0.6685161468749999 0.6385874769585254 0.6734390515625 0.5897530069124425 0.6955444828124999 0.5473477995391706 0.7024259015625 0.47830722119815666 0.7022911734374999 0.39761982949308755 0.6833160390625 0.35496291935483876 0.58187886875 0.34712351612903225 0.56546746875 0.3865193341013825 0.5386756796875 0.42059977649769587 0.557317109375 0.5194609700460829 0.5877385234375 0.5710511129032259 0.59290234375 0.6096264423963134 0.565924871875 0.6319426774193548 0.5266878640625 0.598995237327189 0.4955014984375 0.6432373341013825 0.5087013109375 0.7671194032258064 0.7478190390624999 0.8342030207373271
1 0.847277084375 0.4572735184331797 0.8117240171875 0.4400243202764977 0.8312437312500001 0.40257520737327185 0.8155891484375 0.31599460599078344 0.7657578468749999 0.2898077050691244 0.764910340625 0.2897422050691244 0.73241254375 0.3462602235023042 0.738904971875 0.4289319147465438 0.7161783984375 0.4745843456221198 0.7162756953125 0.6205434423963133 0.723799059375 0.6211248732718894 0.776129615625 0.6125238963133641 0.867916096875 0.6261962188940092 0.8777512578125 0.6131699447004608 0.8802084750000001 0.544028569124424 0.847277084375 0.4572735184331797
1 0.958381421875 0.5238887096774194 0.970233325 0.5203890483870968 0.9766263921875 0.34050038709677416 0.9251722656249999 0.3682206405529954 0.9205085687500001 0.41770434101382486 0.9038650562500001 0.4317292695852535 0.8773061484375001 0.4005838156682028 0.8346673718750001 0.4120290599078341 0.833365521875 0.46038799769585254 0.860322290625 0.5116973248847926 0.9128477281249999 0.4867962442396313 0.9263604750000001 0.5214140230414747 0.958381421875 0.5238887096774194
1 0.7788696828125 0.3093186129032258 0.8343869187499999 0.3251066129032258 0.86443655 0.32742894930875577 0.8651693968749999 0.3068080230414747 0.8642656484375 0.23117458755760367 0.843183621875 0.21836089170506912 0.8356804875 0.1551481059907834 0.8036786734374999 0.15774853456221197 0.8022666640624999 0.21644656221198158 0.7865258125000001 0.23796785483870966 0.778088425 0.2916385714285714 0.777919359375 0.29639574423963133 0.7788696828125 0.3093186129032258
1 0.9347429734375 0.4441777073732719 0.9570804828125 0.46149081105990786 0.964701903125 0.4620798202764977 0.9935341843750001 0.44813272350230415 0.993914875 0.4437705460829493 0.9935178656250001 0.38723032027649773 0.9985794703125 0.3423499815668203 0.9739424031249999 0.331190396313364 0.9699192562500001 0.3307061082949309 0.9222987437500001 0.3282630714285714 0.92228133125 0.32875306451612907 0.9557583656249999 0.36078262672811057 0.9347429734375 0.4441777073732719