0 0 0.9135091121951219 0.7255078234375001 0.817491324390244 0.6229716843750001 0.652404356097561 0 0.677692443902439 0 0.9135091121951219
0 0.9836029843749999 0.7610934414634146 0.9874943 0.7033008414634146 0.9885924312500001 0.6152161609756098 0.8205326203125001 0.6375188658536586 0.8205139828125001 0.6379728195121951 0.9335460875000001 0.7624638414634147 0.9425240468749999 0.7646835000000001 0.9836029843749999 0.7610934414634146
0 0.7001578859375 0.44401580975609756 0.6951353453125 0.5186090195121951 0.6942734125000001 0.6362489780487804 0.7104508984375 0.6596030780487804 0.7144030296875 0.6602514853658537 0.7407573359375 0.6080129536585366 0.7389887828124999 0.3488008951219512 0.7001578859375 0.44401580975609756
0 0.27742010625 0.14304944390243904 0.21391657656250002 0.12877159268292684 0.21226295 0.1533307243902439 0.20739084375 0.8479159463414634 0.21336082968749998 0.8649856512195122 0.22999099687500002 0.8677140804878049 0.2612184921875 0.8562420170731708 0.26132929531250004 0.8546836609756098 0.27742010625 0.14304944390243904
0 0.6384507859374999 0.4037933463414634 0.6384106140625 0.40438998536585363 0.6482005671875 0.4090489634146341 0.7583555203125 0.42712155365853655 0.81062063125 0.42142458048780485 0.810641884375 0.42119808292682925 0.773715228125 0.3812658365853659 0.6384507859374999 0.4037933463414634
0 0.3195284671875 0.40662697073170734 0.41889108906250005 0.397923387804878 0.41891905781250005 0.39750799024390243 0.4041777921875 0.36768772439024394 0.20450656562499997 0.3618605219512195 0.20278201875000001 0.3874729487804878 0.3195284671875 0.40662697073170734
0 0.5427041421875 0.3426914926829268 0.6409350828125 0.33912025365853654 0.6556212875 0.3060716463414634 0.42696633906250003 0.31180348536585367 0.426957671875 0.31206169024390246 0.44027364062499996 0.3258862195121951 0.5427041421875 0.3426914926829268
0 0.3919748625 0.2143350829268293 0.3926280703125 0.305806943902439 0.3945583921875 0.306123643902439 0.4108621109375 0.27302236341463415 0.4094185796875 0.19199706097560976 0.393139478125 0.19703858536585367 0.3919748625 0.2143350829268293
0 0.64455279375 0.20472337804878046 0.6293632859375 0.19259447073170732 0.6291075390625 0.19255251219512193 0.6290408515625 0.19354292682926827 0.6283238171875001 0.20954926097560977 0.627148840625 0.31450707317073173 0.6276065749999999 0.3145990268292683 0.6409849953125 0.27282170975609754 0.6438855765625 0.2297431536585366 0.64455279375 0.20472337804878046
0 0.7451927171875 0.33517859512195125 0.7446692171875 0.3429534585365854 0.830933459375 0.34461862682926825 0.787118465625 0.32147988536585365 0.7564619875 0.3164502268292683 0.7451927171875 0.33517859512195125
1 0.45204726562499997 0.6437260926829269 0.4157228453125 0.6549794682926829 0.41457763437499995 0.6719877902439024 0.4467397328125 0.7757471146341463 0.45184695 0.7765850317073171 0.48865673750000005 0.7392318731707317 0.5071910125 0.673500987804878 0.5280089859375 0.6407913609756098 0.530641303125 0.6232320268292683 0.59063615625 0.6341579146341464 0.6305092937500001 0.5852311097560975 0.6319666265625 0.5690446414634146 0.6351512484375 0.5250835268292683 0.608272128125 0.4849860243902439 0.5656143734375 0.48001228048780487 0.5412874140625 0.4582771268292683 0.5218332171875 0.4291299829268293 0.49285855156249997 0.377274356097561 0.4690685046875 0.32622189756097564 0.4510061828125 0.3283242804878049 0.43266669999999996 0.4969876 0.4240353296875 0.5315250414634146 0.42052859531250003 0.5836059609756098 0.43273807499999994 0.6129679390243903 0.45212093593749997 0.5261347463414634 0.46752285625 0.44848528048780484 0.462089315625 0.7073495000000001 0.44605749531249994 0.6868992951219512 0.45204726562499997 0.6437260926829269
1 0.9468856453125 0.6094737707317073 0.981031809375 0.5451029024390244 0.9997154343749999 0.46587263902439024 0.928752965625 0.4493349219512195 0.9238194906249999 0.5041306219512195 0.8593521046875001 0.543740668292683 0.82811368125 0.5058407365853659 0.8082516234374999 0.5165218048780488 0.8470529156250001 0.5520586756097561 0.8328906921874999 0.592732412195122 0.7911641234375 0.5780240390243903 0.7830729796875 0.5396044951219512 0.8020179015625001 0.5157844585365854 0.7734843 0.4944924536585366 0.7563503578125 0.5331859024390244 0.7649616234375001 0.5926454926829269 0.7474300953124999 0.6286200121951219 0.74339833125 0.6884985341463414 0.7452936484375 0.7143043195121952 0.771748159375 0.7334237609756097 0.7930472609375 0.7369182024390244 0.8417017375 0.6931317317073171 0.883695284375 0.6932124780487804 0.9468856453125 0.6094737707317073
1 0.0577283171875 0.41402345853658534 0.029392443750000004 0.4312327317073171 0.022424275 0.4981259024390244 0.021977134375 0.5221137341463414 0.034988945312500006 0.5763092195121952 0.08105094375 0.6100998536585366 0.1435605640625 0.5964841097560976 0.156572853125 0.5663817292682927 0.170984240625 0.5725484073170731 0.19181238125 0.679789256097561 0.27427045781250003 0.7504573756097561 0.304363128125 0.7565026536585366 0.31296476093750003 0.7577617390243903 0.33385186093749997 0.4475529975609756 0.298628825 0.44809672439024395 0.32397311875 0.43642855121951224 0.2803741046875 0.23098341951219514 0.27906920468749996 0.23076933170731706 0.21129526875 0.3025570292682927 0.17052514218749998 0.3745221048780488 0.15544539375 0.4042091536585366 0.16814791874999999 0.4393548536585366 0.0971922078125 0.4121365365853658 0.0577283171875 0.41402345853658534
1 0.823850875 0.4697181487804878 0.8370382781249999 0.4660282439024391 0.79098368125 0.49511461463414635 0.7905854484375 0.5010290487804878 0.8186472359374999 0.5670543512195122 0.8618857859375 0.5765400585365854 0.8648574890624999 0.577027612195122 0.8783473109375001 0.5261084463414635 0.87447633125 0.4890530853658536 0.8616177984375 0.4730662317073171 0.849427778125 0.46874626341463416 0.8560701921874999 0.3813337097560976 0.8392291640625 0.3005999243902439 0.824142546875 0.29812473658536587 0.8238294671874999 0.36767786829268295 0.7995728453125001 0.36755101951219515 0.7968016546875 0.40870787560975613 0.81458306875 0.4248958609756098 0.8044686578125001 0.4720490341463415 0.823850875 0.4697181487804878
1 0.7055162375 0.30323125853658534 0.684360775 0.3184579048780488 0.6838260218750001 0.3314838073170732 0.685595340625 0.3580144195121951 0.7022498671874999 0.3827957536585366 0.722984496875 0.38415509512195123 0.7290782140625 0.38764803170731704 0.7388390968749999 0.4284215536585366 0.7608585625 0.4422469707317073 0.76309653125 0.44261414390243903 0.7714598625 0.31840451707317075 0.7611247750000001 0.32104482195121953 0.7720936671875 0.30206044146341465 0.7787915828124999 0.18708673902439024 0.747118815625 0.30270245609756097 0.7318112984375 0.32107370487804876 0.7055162375 0.30323125853658534
1 0.2939466953125 0.4160943707317073 0.31092459843750003 0.4468440926829268 0.3417156703125 0.45869694878048783 0.34185335 0.45872080243902436 0.3705847125 0.42773628780487805 0.39582934999999997 0.41411640487804874 0.381373696875 0.4099761048780488 0.36266796874999996 0.41000686585365853 0.36842699218749997 0.3848321365853658 0.4072780734375 0.3837275707317073 0.41290830156249997 0.30010916097560975 0.41294490625 0.2993303926829268 0.412650003125 0.2992820097560976 0.3081767203125 0.29096867804878046 0.30540800468749996 0.3168516097560976 0.3151822140625 0.34943478536585365 0.2946145390625 0.36258769268292684 0.29371658125 0.4027268756097561 0.2939466953125 0.4160943707317073
1 0.3457813578125 0.20804248048780488 0.297309884375 0.22037891707317073 0.289148821875 0.1973935195121951 0.23986140156250002 0.16345169512195123 0.23440077812500001 0.2445511804878049 0.22974029687500003 0.33794175853658537 0.252867815625 0.3417361780487805 0.2895762625 0.28625688292682927 0.3249922234375 0.2991728268292683 0.3479378140625 0.2695235634146341 0.3457813578125 0.20804248048780488
1 0.5470914765625 0.44688426829268296 0.59377491875 0.4790989878048781 0.6189464109375 0.5504219951219512 0.6206568421875 0.5508289634146342 0.662060725 0.474002456097561 0.6495266078124999 0.4562434707317073 0.6708955750000001 0.41371410731707314 0.6835936031250001 0.38668673414634147 0.6837341296874999 0.3845996756097561 0.6655211671875 0.3287008853658536 0.6341982625 0.3278155512195122 0.6029046671875 0.36141607804878045 0.55759544375 0.3670540243902439 0.5475262125 0.4396150219512195 0.5470914765625 0.44688426829268296
1 0.8977953921875 0.4009495926829268 0.9044384328125 0.3153744268292683 0.8638495734375 0.2993998268292683 0.8253467671875001 0.27379771463414637 0.8220798828125 0.2732617317073171 0.8212275421875 0.27927806097560975 0.8183624703125 0.3218292243902439 0.8439351359374999 0.3414760487804878 0.8555228265625001 0.38467292195121955 0.8922940265625 0.4000470097560975 0.8977953921875 0.4009495926829268
1 0.888593171875 0.32879612926829266 0.884824084375 0.3847734609756097 0.925147946875 0.38535700243902443 0.94609430625 0.41132621951219517 0.9499113921875001 0.41195247073170727 0.9547353031249999 0.26331756097560977 0.9209435046875001 0.3267671024390244 0.888593171875 0.32879612926829266
1 1 0.30619411951219516 0.9895915390625 0.29093471951219513 0.9854868531250001 0.29026128536585366 0.9309933687499999 0.3070232341463415 0.955981028125 0.3113723926829268 0.9490939078125 0.3474580853658537 0.972493728125 0.3691704341463415 0.9725188953125 0.36917618780487804 0.9937459375 0.34129363414634145 1 0.3330786780487805 1 0.30619411951219516
1 1 0.2970464707317073 0.9699685609375001 0.27054805853658537 0.9666177093749999 0.2699983024390244 0.9661433234375 0.27372403658536587 0.963265590625 0.3164632268292683 0.98116533125 0.32126988536585366 0.9833903546875 0.32179929268292684 1 0.32452435609756103 1 0.2970464707317073
1 0.9305091421875 0.2952338536585366 0.9418967437499999 0.247408143902439 0.9179598406249999 0.23344005365853657 0.9002299703125001 0.2726379707317073 0.89983938125 0.2784388780487805 0.9305091421875 0.2952338536585366
1 0.81180393125 0.29878994634146344 0.786606496875 0.27860499024390245 0.7692489546875 0.21799729268292684 0.7681932078125 0.21782408292682925 0.766451340625 0.2294544024390244 0.7594466328125 0.3334861731707317 0.76537433125 0.3224471512195122 0.7858769515625 0.3463085634146342 0.79918778125 0.34169123902439025 0.81180393125 0.29878994634146344
1 0.777191725 0.25137387317073173 0.7882867453125 0.20125953170731706 0.7536508921875 0.1835562243902439 0.7489027984375001 0.18277722926829268 0.749384825 0.23049438780487808 0.7330191125 0.28264130731707315 0.7323342921875 0.2928120292682927 0.7472433078125 0.298567087804878 0.7603124890624999 0.3014342146341463 0.777191725 0.25137387317073173
1 0.50836206875 0.22473779512195122 0.5122957671874999 0.2723544390243902 0.4942696015625 0.28176943658536585 0.49007868437499996 0.3440116243902439 0.523717096875 0.3714583512195122 0.5306912640625 0.37260256829268296 0.577546884375 0.33805423414634145 0.561138140625 0.28907583170731704 0.556806159375 0.2121270268292683 0.50836206875 0.22473779512195122
1 0.5089560359374999 0.18613479756097562 0.4742818578125 0.20200161463414634 0.44262340624999996 0.1621263024390244 0.43482929531250003 0.2778820341463415 0.4375282875 0.2788390756097561 0.4508652296875 0.2810272048780488 0.4687613046875 0.2501559536585366 0.5112739953125 0.2567406975609756 0.5250896968750001 0.20987118780487804 0.5089560359374999 0.18613479756097562
1 0.6691040218750001 0.2285440512195122 0.7325074468749999 0.23894634390243902 0.7366229640624999 0.20819724634146342 0.73708556875 0.2038035829268293 0.7026892671875 0.19195027073170734 0.6741944046875 0.16283339024390245 0.6726557640624999 0.1757946951219512 0.6691040218750001 0.2285440512195122
1 0.8710122421875001 0.2616127756097561 0.871146509375 0.2599058243902439 0.851735384375 0.24869765609756098 0.8399996140624999 0.2467722243902439 0.815513321875 0.28016501951219513 0.801418946875 0.3167997 0.80104400625 0.3223681926829269 0.835842015625 0.3405098219512195 0.8359109515625001 0.3405300902439024 0.8710122421875001 0.2616127756097561
1 0.7619344828125 0.2732038048780488 0.76849059375 0.2742794341463414 0.7836278625 0.27186513414634145 0.8161378656249999 0.1888720756097561 0.81571590625 0.18881058536585366 0.7849715328125 0.20676275609756095 0.7661982234375 0.20988003658536586 0.7619344828125 0.2732038048780488
1 0.6425676250000001 0.1793161951219512 0.6409912234374999 0.20272843414634145 0.63987988125 0.25808381707317074 0.6438736015625001 0.2587390487804878 0.6749093078125 0.24483054878048782 0.6661175046875 0.228256243902439 0.6758641734374999 0.18228466097560975 0.6425676250000001 0.1793161951219512
1 0.5910245296875 0.25252081707317076 0.6198081140625 0.2572432 0.6266286234375 0.22000921463414633 0.6316056671875 0.17095739024390244 0.629085734375 0.17086583658536583 0.5906851625 0.18156755853658538 0.6004464375 0.2093703024390244 0.5910245296875 0.25252081707317076
1 0.2259571765625 0.24749143658536588 0.24390625156249998 0.21204182439024388 0.184032365625 0.10043834390243903 0.168475059375 0.06792959268292684 0.16159314062500002 0.06680050975609755 0.11069770781249999 0.09839572195121953 0.1104864703125 0.10153297073170732 0.130696384375 0.18228228536585367 0.10612090156250001 0.2238059951219512 0.16192468124999998 0.2360482731707317 0.2259571765625 0.24749143658536588
1 0.2902844421875 0.18459279024390243 0.24928807968750002 0.1302373756097561 0.21109755468750002 0.12397164146341463 0.21021219375000003 0.13712074146341463 0.2139673234375 0.17726311707317075 0.2491645734375 0.18103807073170733 0.265558875 0.20615125609756096 0.2697366390625 0.20737955609756095 0.290230775 0.18538981951219513 0.2902844421875 0.18459279024390243
1 0.1994474203125 0.13366070487804876 0.22257659375 0.1454746268292683 0.22608926562499998 0.14605093414634146 0.221064740625 0.13749321951219512 0.23199200625 0.08308788536585365 0.2034344609375 0.07444641463414634 0.1994474203125 0.13366070487804876
1 0.14329864375 0.13207786341463415 0.0784592125 0.11094091463414633 0.08053819375 0.1025514024390244 0.08035624062499999 0.10252154878048782 0.0601185421875 0.14957412926829267 0.05876695 0.16964755853658536 0.07594975625 0.19314888048780487 0.080656409375 0.19409439756097563 0.138820971875 0.19349999999999998 0.14329864375 0.13207786341463415
1 0.16144004218750002 0.19159180487804878 0.0970546046875 0.1966777707317073 0.0722445578125 0.15023989024390244 0.061838121875 0.14853255609756097 0.0475772765625 0.1882309756097561 0.02051285625 0.18302786097560975 0.017790571875 0.2742646219512195 0.1591565328125 0.31204387317073173 0.1626762859375 0.25976959024390245 0.16144004218750002 0.19159180487804878
1 0.629931709375 0.11824573902439024 0.61353496875 0.09240918292682927 0.5706652125 0.1271762463414634 0.57028500625 0.13282295365853658 0.5781350265625 0.1705563268292683 0.5785651171875 0.19460981219512197 0.5858451046875001 0.19654547317073173 0.597781378125 0.1956048756097561 0.6076589203125 0.15032124390243903 0.629931709375 0.11824573902439024
1 0.5472391578125 0.18638136341463415 0.58156453125 0.1889934731707317 0.5836834703125 0.14847358292682927 0.5626952843749999 0.15042676097560975 0.5463201078125001 0.13237325365853658 0.546014290625 0.13232308048780486 0.5355662765625 0.13511579268292684 0.534059384375 0.15749569024390245 0.53534551875 0.18921268048780487 0.539305471875 0.19008141951219512 0.5394297359375 0.19010180731707316 0.5472391578125 0.18638136341463415
1 0.51758444375 0.17210239024390245 0.4743636390625 0.16174188536585365 0.474729465625 0.1242038487804878 0.4179816703125 0.11875254634146341 0.41079648750000003 0.14480445609756099 0.41026110156250006 0.15275584146341462 0.422961321875 0.1712903731707317 0.4561429046875 0.16529132682926828 0.46970162968749996 0.2002098707317073 0.49517461249999994 0.22943780731707317 0.4966789734375 0.2296846219512195 0.51758444375 0.17210239024390245
1 0.36720079375000003 0.12940884146341464 0.3651500828125 0.14605660975609755 0.36251144062499996 0.1852449 0.393183271875 0.17921211951219512 0.4403500734375 0.21063317560975608 0.44251212500000003 0.21098789268292684 0.44458709687500003 0.11598939024390244 0.40433936406250004 0.1380071219512195 0.36720079375000003 0.12940884146341464
1 0.3659002484375 0.18860871707317073 0.3670740328125 0.15163687804878048 0.34926135625 0.13441753902439024 0.3329323421875 0.14490124146341463 0.3366964859375 0.1694789707317073 0.3211860640625 0.1812726780487805 0.3659002484375 0.18860871707317073