0 0 0.8397256512195121 0.0024421843750000003 0.9707421512195121 0.1432002734375 0.9784149414634147 0.7466933515624999 0.794394743902439 0.746861915625 0.7868598658536585 0.629263759375 0.6451392146341463 0 0.776005743902439 0 0.8397256512195121
0 0.8763580390625 0.7670070731707317 0.9203297171875 0.7694039902439025 0.9583164609375 0.7694950365853659 0.9595748296875 0.7132453756097561 0.923746540625 0.5043986780487805 0.86466023125 0.6888681268292682 0.8646985468749999 0.6909235829268292 0.8763580390625 0.7670070731707317
0 0.823883790625 0.47608652682926833 0.7903065125000001 0.4377283902439024 0.7788577140624999 0.4371043097560976 0.624555740625 0.453377387804878 0.6244803078125 0.4567493024390244 0.6880721656250001 0.5141698926829268 0.6926671359375 0.5147134024390244 0.8060416437500001 0.5066029853658537 0.823883790625 0.47608652682926833
0 0.198124259375 0.156349856097561 0.1978431078125 0.1689175243902439 0.266738434375 0.8788142146341463 0.275457559375 0.8977659487804879 0.281591428125 0.8981003073170732 0.290352690625 0.5064675463414634 0.2626370921875 0.16662655365853657 0.198124259375 0.156349856097561
0 0.751965246875 0.3453394780487805 0.6585785171875 0.3402489243902439 0.6349022328125 0.3403195365853659 0.6348489296875 0.34270225365853657 0.6702832843750001 0.38431113170731707 0.674589953125 0.38493871219512193 0.8055460999999999 0.3767855268292683 0.751965246875 0.3453394780487805
0 0.1997316484375 0.36404718780487805 0.19922017187500002 0.38691046341463414 0.1992498296875 0.39486797317073175 0.2132964953125 0.39743081219512194 0.41452496875 0.40709876829268293 0.41452972343749994 0.4068862414634147 0.39869714375 0.37489289024390243 0.1997316484375 0.36404718780487805
0 0.539528609375 0.15372692682926828 0.5206491125 0.13260841951219512 0.5191649375 0.13252751707317073 0.5191065046875 0.13513946585365855 0.5190127609374999 0.1602921780487805 0.5320145375 0.48710206097560976 0.532342909375 0.4871199609756098 0.54640680625 0.45231861951219515 0.548541775 0.35688443902439027 0.539528609375 0.15372692682926828
0 0.3788613796875 0.2541014317073171 0.38240386875 0.3178729804878049 0.3891459453125 0.3182404951219512 0.3999396046875 0.3132893512195122 0.3949373703125 0.2014541195121951 0.3792147359375 0.23830623170731707 0.3788613796875 0.2541014317073171
0 0.631215140625 0.1898330975609756 0.6150191015625001 0.18079893902439026 0.6150096796875 0.18122009024390243 0.6153855546875 0.19802184634146341 0.6211950625 0.3016034682926829 0.621946465625 0.3016444292682927 0.6303017140625 0.2664166 0.6317303843750001 0.20255434878048778 0.631215140625 0.1898330975609756
0 0.7798557140625 0.2370368024390244 0.7706345953125 0.2833060731707317 0.7688928296875 0.3611638512195122 0.780020028125 0.3761548902439024 0.780955809375 0.37620590243902435 0.7799613921875 0.23704256341463414 0.7798557140625 0.2370368024390244
1 0.59600561875 0.7858920853658536 0.61729938125 0.7870528195121952 0.624862084375 0.6169084707317073 0.6382766015625 0.5423931341463414 0.6174509015625 0.5013849609756098 0.6036547140625 0.5905201609756098 0.5932395234375 0.6699654902439025 0.5822645421875 0.4113600682926829 0.5995151875 0.4295505365853659 0.5962859375 0.4733721219512195 0.6374399171875 0.4546173243902439 0.5915103640625 0.33676888780487807 0.55380434375 0.3832147219512195 0.53951723125 0.4512135268292683 0.520867321875 0.48662903902439025 0.5193586828125001 0.5044787682926829 0.45895460625 0.501756443902439 0.42374913750000004 0.5538706658536585 0.4223273234375 0.6174264536585365 0.450842375 0.6527523829268292 0.4936142171875 0.6519039731707317 0.519202296875 0.6702460024390244 0.5404096296875001 0.6966343195121951 0.5725298109375 0.744348443902439 0.59600561875 0.7858920853658536
1 0.948946621875 0.5590023317073171 0.980874984375 0.4921330658536585 0.9968736578125 0.4115270634146342 0.9254944500000001 0.4001517756097561 0.9224025578124999 0.45531744634146337 0.8593832859375 0.4996282195121951 0.8269376234375001 0.46399479024390244 0.8074708125000001 0.4761238243902439 0.8473858156249999 0.508843187804878 0.834610715625 0.5505559048780488 0.7924724578125 0.5388821024390245 0.7831122734375 0.5010439536585366 0.8012244031250001 0.4758401146341463 0.7720336624999999 0.45662099756097557 0.756226334375 0.4965693609756097 0.7668091218749999 0.555413856097561 0.7528911640625 0.5872365731707317 0.750917484375 0.6754610024390244 0.7512466 0.6785284682926829 0.790953609375 0.7037793707317073 0.7934513796875 0.7039155268292683 0.8467617328125 0.6503336804878049 0.8886773765625 0.6473575292682927 0.948946621875 0.5590023317073171
1 0.23408991562499998 0.7734854243902439 0.27676177968750004 0.7758114878048781 0.2984293078125 0.7756338804878048 0.3163851921875 0.4643170243902439 0.27597674375 0.4710090024390244 0.302379628125 0.4555524463414634 0.2684100625 0.2573009829268293 0.19460295156250002 0.34011029512195123 0.1493784625 0.41771516341463416 0.1324924171875 0.4494620024390244 0.1436051515625 0.48235879756097566 0.0727832328125 0.4662582536585366 0.032513150000000005 0.4741831853658537 0.0108683046875 0.4897676292682927 0.00745446875 0.6423677341463414 0.0461127078125 0.6650067878048781 0.1104489796875 0.6419177853658536 0.1252519234375 0.6100763341463414 0.139603109375 0.6139794926829268 0.15525831406249999 0.7171090585365855 0.23408991562499998 0.7734854243902439
1 0.92878300625 0.4123647634146342 0.9298054140625001 0.36666264146341465 0.929820190625 0.3389005926829268 0.8942242968749999 0.32911223902439024 0.871419859375 0.3431823951219512 0.8633292546875 0.3663600853658537 0.8625046031249999 0.3859491512195122 0.8062452421874999 0.39502159512195123 0.757776346875 0.4386192048780488 0.7580417578125 0.46235441219512197 0.8026552671875 0.44732224878048776 0.8056826828125001 0.4776147292682927 0.832924553125 0.47909969512195116 0.8402464593750001 0.4488734780487805 0.871614953125 0.45396595121951216 0.8671144078124999 0.4248429243902439 0.8627231203125 0.40549083170731703 0.8895676453125001 0.4727020902439025 0.92878300625 0.4123647634146342
1 0.7069239875 0.28933948536585363 0.7207218515625 0.2679802341463415 0.7480973140625 0.28046410731707316 0.7648102890625 0.26410708536585364 0.7654837078125001 0.2340049024390244 0.7637575375 0.22193355609756096 0.7454162390625 0.20060780975609754 0.7247748609375 0.2034158024390244 0.7184785046875 0.20116174390243902 0.7057769765625 0.16253346585365855 0.6842531953125001 0.15372910975609755 0.67660865 0.1533124024390244 0.6760924687500001 0.17638598048780488 0.67955678125 0.2795711731707317 0.6916852687499999 0.27389174390243903 0.6822309609375 0.29499062926829267 0.6841099453124999 0.4086107609756098 0.68454511875 0.4086542926829268 0.7069239875 0.28933948536585363
1 0.2852744875 0.3840302268292683 0.28338718125 0.4683937390243903 0.3833237578125 0.46911963902439024 0.38678466093749997 0.44317922195121956 0.3777630703125 0.41147605853658537 0.40046572031250005 0.3958052780487805 0.4009075984375 0.3436553292682927 0.38457051875000003 0.31429301707317076 0.360957640625 0.3069418926829268 0.35208068593749997 0.3064580073170732 0.32388338125 0.33758155853658534 0.2980614578125 0.35294025365853654 0.3125398203125 0.3560196536585366 0.331413875 0.3546455170731707 0.32495414375 0.38009638048780486 0.2852744875 0.3840302268292683
1 0.32818084375 0.35843517560975613 0.3387807765625 0.3342542341463415 0.2969971703125 0.2672674707317073 0.307018728125 0.21184819512195122 0.29215625 0.18360645365853656 0.2561960125 0.18164624390243903 0.2487377875 0.1826567243902439 0.254531046875 0.2574899926829268 0.2392156484375 0.2709374536585366 0.22082600000000002 0.3296514634146342 0.22034461875 0.3511694292682927 0.32818084375 0.35843517560975613
1 0.6206114875 0.5084863756097561 0.6361111453125 0.5258668951219512 0.6420820265625 0.5267369926829268 0.6744746578124999 0.5002115512195122 0.674698559375 0.4970625585365854 0.6740432140625 0.45075286097560974 0.651302265625 0.4015751512195122 0.64587153125 0.33035003414634145 0.618035946875 0.32095535365853656 0.5929604578125 0.31958847560975606 0.5757046734375 0.3872828195121951 0.53613099375 0.4224428487804878 0.535831034375 0.435851156097561 0.5817156078125 0.4946283682926829 0.5925628359374999 0.4749151512195122 0.6206114875 0.5084863756097561
1 0.8971636796875 0.35813533658536584 0.8982073765624999 0.3114815682926829 0.89698975 0.27189717560975607 0.8552622921875 0.26073140731707317 0.8129086796875 0.23883853658536586 0.8113025390624999 0.23875098292682925 0.8098048125 0.28622512682926826 0.8098102703125001 0.2867132 0.840158265625 0.30517271219512193 0.8562269734375001 0.3470011195121951 0.893919278125 0.3579584829268293 0.8971636796875 0.35813533658536584
1 0.92410566875 0.34259122926829266 0.9465409859375 0.3632674268292683 0.9486402375 0.36338185853658533 0.9493051015624999 0.3336621536585366 0.9429848812499999 0.21533738780487807 0.914938184375 0.2854966243902439 0.8825942250000001 0.29466834146341464 0.8810350093749999 0.33329102682926826 0.8809674515625 0.35141768536585366 0.92410566875 0.34259122926829266
1 0.9839220390625 0.28883832439024393 0.9992906125 0.26578508780487803 0.9993106859375 0.26488778048780487 0.9778749546875 0.2380688804878049 0.9778422875 0.2380671 0.920291625 0.2655685536585366 0.9454891125 0.2655861024390244 0.9391044921875 0.3026700975609756 0.9629659078125 0.32023355853658536 0.96299130625 0.32023494146341464 0.9839220390625 0.28883832439024393
1 1 0.2442646024390244 0.9929989421875 0.24461213170731708 0.9616534640625 0.22010106097560975 0.9551535093749999 0.2197467463414634 0.954874284375 0.22449110731707317 0.9539895453125 0.264039387804878 0.9731305000000001 0.2679312780487805 0.9866524453125001 0.2702739902439024 1 0.2710015707317073 1 0.2442646024390244
1 0.90381089375 0.1852213926829268 0.8971962343750001 0.18486082439024393 0.892828334375 0.21761445609756097 0.89291029375 0.22036131463414635 0.920504553125 0.2471441487804878 0.92366440625 0.24731639268292682 0.9294865703124999 0.19845810975609754 0.90381089375 0.1852213926829268
1 0.754430840625 0.2679512780487805 0.7806442421875001 0.28182366585365853 0.8054104171875001 0.3362128536585366 0.8074652390624999 0.24436133170731708 0.8075478281249999 0.19707319512195123 0.7949885390625 0.23380346097560975 0.7716114109375 0.21463508048780489 0.7593280109375 0.22209919268292683 0.7542221140625001 0.25995510731707316 0.754430840625 0.2679512780487805
1 0.7864676359375 0.21176007073170733 0.7515352578125001 0.18516226829268292 0.7330445671875 0.17591283902439023 0.7176252359374999 0.1750723243902439 0.7128597203125 0.21016189024390244 0.7123988515625 0.23076300487804877 0.7413360859375 0.22921636097560974 0.7790782796875 0.25599664390243904 0.7826312984375 0.2565469707317073 0.7864676359375 0.21176007073170733
1 0.5206878359375 0.35237011707317073 0.5278804515625 0.3534182463414634 0.558776403125 0.3512378390243902 0.5789946765625 0.2890698243902439 0.5555002609375 0.21504503658536583 0.553451896875 0.2149333804878049 0.5235507328125 0.2416044463414634 0.4758438671875 0.25193629024390246 0.47552712656249996 0.26609471219512193 0.48240747656250005 0.3270466609756098 0.5130777984375 0.3184534731707317 0.5206878359375 0.35237011707317073
1 0.4945762125 0.1854408243902439 0.46024322812499996 0.20411095609756097 0.42771507499999994 0.16692999512195122 0.42510076718749995 0.28379083658536586 0.4299234078125 0.28509338536585366 0.4381700140625 0.2856929414634146 0.45579861718750003 0.25263291951219513 0.4984759828125 0.25573571463414635 0.511247875 0.20781917804878047 0.4945762125 0.1854408243902439
1 0.66879125625 0.2232053487804878 0.6909785328125 0.2270493512195122 0.6970800984375 0.17543391707317071 0.7147806906249999 0.1295466268292683 0.691993553125 0.12486490731707317 0.671016821875 0.12372145609756098 0.66879125625 0.2232053487804878
1 0.8007580390625 0.20958226097560975 0.7947294265625 0.2545616341463415 0.794411153125 0.2687886487804878 0.8463207703125001 0.31143466585365853 0.84852066875 0.3115545829268293 0.85560909375 0.26599026585365854 0.8290423062500001 0.22878131463414633 0.8013710046875 0.20958226097560975 0.8007580390625 0.20958226097560975
1 0.7540800234375 0.2453938024390244 0.7701034765625 0.2462672487804878 0.7785738171875 0.24338077073170733 0.801463996875 0.15521385609756097 0.8010397140625001 0.15522541463414635 0.772631603125 0.17838390243902438 0.7534054703125 0.18506977804878047 0.7540800234375 0.2453938024390244
1 0.6259072203125 0.1833042829268293 0.6349540203124999 0.1987605756097561 0.6275550234375 0.2409373756097561 0.66116198125 0.24276930731707316 0.66011643125 0.16453586341463416 0.625921615625 0.1826607951219512 0.6259072203125 0.1833042829268293
1 0.616822059375 0.17009289024390242 0.6165847515625 0.15736200487804877 0.6125838421875 0.15714391219512197 0.5773551796875 0.1630371487804878 0.5903312078125 0.19277658048780488 0.5859899109375 0.23754066097560977 0.6077260156250001 0.24353026097560976 0.615151928125 0.2447485975609756 0.616822059375 0.17009289024390242
1 0.21747051874999998 0.17228911463414634 0.1898281859375 0.09010799512195121 0.13850040156250001 0.13389803170731707 0.10868991562500001 0.10065769024390243 0.10756492656250001 0.1509453 0.1057063515625 0.2899801756097561 0.1147039046875 0.2983995097560976 0.13800455312499998 0.29966963902439026 0.1957843546875 0.20482121219512195 0.21745435937500002 0.17283069512195123 0.21747051874999998 0.17228911463414634
1 0.2148322265625 0.16019133658536586 0.19270473593749998 0.18894394634146341 0.192617153125 0.19285898536585364 0.23321040312500002 0.23408453170731708 0.24657742031250002 0.23481317560975612 0.27307312499999997 0.22771010731707317 0.269070984375 0.17590061219512196 0.23320303125000003 0.1827069780487805 0.2148322265625 0.16019133658536586
1 0.18737309375 0.10711985365853659 0.18515722031249998 0.10699906585365854 0.184576053125 0.13297755853658536 0.18502543437500002 0.1651029 0.21286288125000002 0.17684362439024393 0.21600919843750002 0.17701513170731709 0.2100482546875 0.16876426097560976 0.2143342484375 0.1132222 0.18737309375 0.10711985365853659
1 0.06396269843749999 0.14988263902439025 0.0455306578125 0.19831100731707318 0.045003015625 0.22189689999999998 0.061848440625 0.24168739268292683 0.066588771875 0.2419888975609756 0.124801890625 0.2335055487804878 0.1274456765625 0.17182412926829266 0.061899431250000005 0.15960506829268295 0.06396269843749999 0.14988263902439025
1 0.1465132375 0.26210952439024393 0.15419660156249998 0.20750350487804878 0.00801340625 0.19806044146341462 0.0056802499999999995 0.30235368048780487 0.0246114734375 0.2971467195121951 0.055192176562499994 0.3468742682926829 0.0573440109375 0.34708951951219513 0.07471437656249999 0.29564403658536587 0.1195734625 0.2952453243902439 0.1465132375 0.26210952439024393
1 0.5778330296874999 0.08947052682926829 0.5701612984375 0.13653328292682926 0.5543992171875 0.16494096341463413 0.5540760734375 0.17938563902439025 0.56387631875 0.19109650975609757 0.5702929109375 0.19144628048780488 0.6095600078125 0.14819934146341462 0.59869933125 0.10894478536585366 0.5969307546875 0.08297918292682926 0.5778330296874999 0.08947052682926829
1 0.517715309375 0.18284172926829267 0.53721615 0.17745246585365854 0.5492555078125 0.18785901219512194 0.563211484375 0.18861975853658539 0.5664097109374999 0.18716275853658537 0.5666138562499999 0.17803737804878048 0.5620425046874999 0.13117585853658537 0.55061345 0.1388948536585366 0.5175645390625 0.14238850487804877 0.517715309375 0.18284172926829267
1 0.44875960781249996 0.11664352926829269 0.45622337812499997 0.1679662243902439 0.435532884375 0.19155230731707318 0.419072721875 0.23516399268292684 0.45390334218749995 0.2607576756097561 0.4587465671875 0.2610216804878049 0.46048404375 0.19613078536585365 0.481823740625 0.1942942487804878 0.482888084375 0.14671754146341465 0.4815876890625 0.10520270975609756 0.460101828125 0.09357873170731708 0.44875960781249996 0.11664352926829269
1 0.363230325 0.11417218780487805 0.362897184375 0.12906376585365853 0.372995734375 0.17423479756097562 0.3667173984375 0.23160001707317074 0.40260866562500003 0.23355646585365852 0.39938008125 0.1864762536585366 0.421733796875 0.10620766341463414 0.363230325 0.11417218780487805
1 0.3526278578125 0.1502951243902439 0.3030714546875 0.1475937804878049 0.3030230921875 0.14975563170731707 0.3040699453125 0.1848406780487805 0.3230159921875 0.2020858024390244 0.32303558906249996 0.2020870487804878 0.33829441562499996 0.1916761414634146 0.3323615875 0.16689321951219513 0.3526278578125 0.1502951243902439