0 1 0.28459981463414635 0.90382586875 0.1263521243902439 0.2780229546875 0.07984543170731707 0.2602147640625 0.3062431951219512 0.2592687234375 0.3231224951219512 1 0.30719356585365853 1 0.28459981463414635
0 0.1216361328125 0.3930786048780488 0.149208325 0.39836319268292686 0.1785265375 0.39604769756097563 0.180318371875 0.2530435853658537 0.1730913609375 0.2511894804878049 0.0158517171875 0.2707518707317073 0.015520557812499999 0.27496195609756097 0.1216361328125 0.3930786048780488
0 0.1774942546875 0.48003786829268297 0.2065717828125 0.5223953731707317 0.22829589687500002 0.5265590975609756 0.3728739125 0.5351084926829268 0.373268553125 0.5300913707317073 0.31683381875 0.4646332341463415 0.312296496875 0.46334184390243904 0.1982650265625 0.45277121707317075 0.1774942546875 0.48003786829268297
0 1 0.5101485195121951 0.996781634375 0.4797199804878049 0.8330841484375 0.44834511219512196 0.5334926765625 0.4397530048780488 0.5191753671875 0.5405548097560976 0.9845485390625001 0.5365121024390244 1 0.5237172634146341 1 0.5101485195121951
0 0.2624165734375 0.7321434170731708 0.26255255312500003 0.7321694804878048 0.2871959109375 0.643685331707317 0.2893520609375 0.6162739268292683 0.29364032500000004 0.4676716317073171 0.2929145453125 0.46745141219512193 0.2634258640625 0.5213683097560976 0.2624165734375 0.7321434170731708
0 0.7962529875000001 0.6363185512195122 0.7965055999999999 0.6331070658536585 0.7895415203125 0.6169281268292682 0.629646971875 0.586282143902439 0.5847628421875 0.5808861463414634 0.5792034390625 0.6355851536585366 0.579266703125 0.6355937951219512 0.7962529875000001 0.6363185512195122
0 0.5688343765625 0.725638912195122 0.5412554609375 0.688204856097561 0.5386844078124999 0.6874971951219512 0.359961815625 0.6598077219512195 0.3422973859375 0.689718887804878 0.5686981109375 0.7273712731707317 0.5688343765625 0.725638912195122
0 0.6100588 0.721896956097561 0.6108695984375 0.6981782317073171 0.60503903125 0.6970607243902439 0.5930350796875 0.7003426951219512 0.588009475 0.812016968292683 0.6054207015624999 0.7808616926829268 0.6100588 0.721896956097561
0 0.36875610000000003 0.7279514341463414 0.3247390203125 0.7267712780487805 0.32470865781249997 0.7271572756097561 0.3566083875 0.7515272487804878 0.39636973593749997 0.7541036341463414 0.4019789171875 0.7343190439024391 0.36875610000000003 0.7279514341463414
0 0.21705201718749997 0.6748557146341463 0.2196555125 0.5887939170731707 0.2192477953125 0.5887157731707318 0.20098867031249998 0.6642268780487804 0.19896234375 0.701953931707317 0.213176171875 0.7241298219512196 0.21705201718749997 0.6748557146341463
1 0.5754476093750001 0.5014699951219512 0.5822100296875 0.4154984780487805 0.56571878125 0.38659947317073173 0.5235543015624999 0.37467171707317076 0.5000168671874999 0.3487986804878049 0.48151045156250005 0.31623531951219513 0.454174478125 0.2592147487804878 0.4332928265625 0.20717153414634149 0.4215214609375 0.20337744146341463 0.41399120468749995 0.20304055609756097 0.3912706203125 0.3702698658536585 0.3714002640625 0.44033593658536585 0.38822246875 0.48731811463414637 0.40977707499999994 0.40283323170731705 0.4271373234375 0.3269709756097561 0.4147882421875 0.5873129414634146 0.3994414828125 0.5640800097560976 0.406541778125 0.5214836707317073 0.36436644375 0.5278387121951219 0.3973283421875 0.6523354414634147 0.4048341875 0.6537740414634146 0.440274378125 0.6237884756097561 0.4604200703125 0.5604606634146342 0.481942209375 0.530824731707317 0.4850245421875 0.5135317902439025 0.544219940625 0.5342737634146342 0.5754476093750001 0.5014699951219512
1 0.05269169218750001 0.19556388048780488 0.0387523078125 0.3029581463414634 0.074242284375 0.3055383951219512 0.0968027703125 0.40126271707317074 0.0704953953125 0.4528807731707317 0.0764530578125 0.4825125 0.10160335312499999 0.41945538292682927 0.1274133765625 0.43755327317073167 0.11569989843749999 0.5032094121951219 0.0902295953125 0.5192011512195122 0.07565541718749999 0.4921873292682927 0.0603180140625 0.5381143512195121 0.08468541562500001 0.5609737024390244 0.1239055609375 0.542251643902439 0.15591177812499998 0.5758849390243902 0.20225857500000002 0.561411 0.2210894265625 0.503447 0.22194495 0.4925706292682927 0.1933467 0.4147703951219512 0.19553284375 0.3500437024390244 0.144124459375 0.2603327414634146 0.10387320468750001 0.2136084512195122 0.068497146875 0.19859321219512194 0.05269169218750001 0.19556388048780488
1 0.9612139000000001 0.6281268268292682 0.9834282765625 0.6183210243902438 0.995428446875 0.4657613512195122 0.9586092796875001 0.432508712195122 0.8938949359375 0.4382867365853659 0.8775037343750001 0.4662990536585366 0.86358055 0.4584819 0.853987365625 0.3505091365853658 0.7781117109375 0.2709924292682927 0.748306925 0.26138588292682924 0.7161945828125 0.25282370731707315 0.680880496875 0.561077731707317 0.7210844515625 0.5653037658536585 0.6941879421875 0.5736907902439025 0.7156453328125 0.7747787829268293 0.7237538046875 0.7763328829268293 0.79387629375 0.7190264902439024 0.8428397265625 0.6532341512195122 0.861278609375 0.6258818341463415 0.8521878812500001 0.5897809609756097 0.9210765406249999 0.6251784170731707 0.9612139000000001 0.6281268268292682
1 0.0638726921875 0.580873256097561 0.108224996875 0.5760396780487804 0.11060105625000001 0.6239558414634147 0.11065409687500001 0.6239655170731707 0.135854475 0.6171199048780488 0.1453444453125 0.5860884951219512 0.1761356765625 0.5982590121951219 0.17309055625 0.5682167829268293 0.169681175 0.5479370609756097 0.1929931109375 0.620992356097561 0.235774190625 0.5684241658536585 0.2382610234375 0.5177170121951219 0.23904797968749997 0.4966258829268293 0.2085594859375 0.4810015463414634 0.20229335 0.479800556097561 0.181298371875 0.48780712439024393 0.17217265625 0.509076156097561 0.1704096890625 0.5284122414634147 0.11430550937499999 0.5247284658536585 0.06581394375 0.5561938829268293 0.0638726921875 0.580873256097561
1 0.2519166828125 0.6831264902439025 0.2274296984375 0.7043753512195122 0.2274456109375 0.7414778268292682 0.24304269843749998 0.7616855097560976 0.2644922515625 0.7580153341463415 0.270583009375 0.7599604365853658 0.27791612187500003 0.7974619024390244 0.3057649390625 0.8078836585365854 0.31552086875 0.6838553073170731 0.308466728125 0.6871320512195122 0.316290071875 0.6740763170731707 0.3228278140625 0.5909611902439024 0.2951779859375 0.6725797 0.27800817499999997 0.6942274243902439 0.2519166828125 0.6831264902439025
1 0.5931743609375 0.619159787804878 0.5847983640625001 0.7030093414634146 0.5850656062499999 0.7030263390243902 0.6909749374999999 0.7000481804878048 0.6951245312500001 0.6741520804878048 0.68685595 0.6429737682926828 0.7084616328125 0.6277601439024391 0.7114414578125 0.587964568292683 0.7118953796875 0.5747682243902439 0.699988884375 0.5530746560975609 0.658582590625 0.5451385731707317 0.6345115421874999 0.5714694829268293 0.6081227734375 0.5876463390243902 0.62261901875 0.5901916170731708 0.641654634375 0.5881559414634147 0.634498703125 0.6136721585365853 0.5931743609375 0.619159787804878
1 0.6453603546875 0.7334128902439023 0.6451274 0.7363744731707318 0.6490157171875001 0.798020175609756 0.6960348296875 0.7987420926829268 0.704741409375 0.8247757853658537 0.734907740625 0.8546482585365853 0.755160578125 0.8585299926829268 0.755798978125 0.8504139414634146 0.7584249109375001 0.6954518536585367 0.743140290625 0.6756028243902439 0.7429761703125 0.6755483707317073 0.7015220859375 0.7327808951219511 0.6664760109375 0.7095803195121951 0.6453603546875 0.7334128902439023
1 0.386182925 0.4585808390243903 0.363862240625 0.5283999780487805 0.315645234375 0.5651178634146342 0.363914453125 0.6354212926829269 0.375861021875 0.6167510024390244 0.40205722968749996 0.6523741000000001 0.4164831359375 0.6707507682926829 0.4229095734375 0.6719824829268293 0.45352025156250003 0.6506073 0.457737271875 0.596995787804878 0.43869816406249995 0.5488037634146342 0.4372205046875 0.47767509268292685 0.39940806875 0.46160475853658534 0.386182925 0.4585808390243903
1 0.134951034375 0.7010840853658536 0.1679776859375 0.7165002512195122 0.1758756171875 0.7180139975609756 0.1825633828125 0.632991587804878 0.14422990625 0.6160508219512195 0.10696793125 0.5893118658536586 0.1027421390625 0.5885019365853659 0.0957362359375 0.6341416097560976 0.12387024218750001 0.6572961951219513 0.134951034375 0.7010840853658536
1 0.0423490109375 0.5924280073170732 0.0421683421875 0.6613050658536586 0.02302790625 0.6985423097560977 0.0230960296875 0.6985610609756098 0.029845925000000002 0.6998547707317073 0.11657178593749999 0.7114404926829269 0.1168768125 0.7075626585365853 0.079475596875 0.6567116146341463 0.077995778125 0.6051131609756097 0.046980375000000005 0.5937027536585365 0.0423490109375 0.5924280073170732
1 0.0027129125000000002 0.6579349658536585 0.0215037234375 0.6932909560975611 0.03561946875 0.7198505414634145 0.05197214375 0.6921395463414635 0.052947485937500004 0.6797398951219512 0.04046913125 0.5986825292682927 0.0399624765625 0.5985854219512194 0.0385797390625 0.6353396512195122 0.0152891953125 0.6221446658536586 0.002727321875 0.6577517731707316 0.0027129125000000002 0.6579349658536585
1 0 0.7090900512195122 0.0287977765625 0.7138873926829268 0.032792651562500004 0.6958096195121951 0.033990226562499996 0.6805847048780488 0.0062937421875 0.6828287829268294 0 0.6779382097560975 0 0.7090900512195122
1 0.0632839796875 0.6915195853658537 0.054635335937499994 0.7403239634146341 0.07932929375 0.7516801341463414 0.0963157765625 0.7066458731707317 0.09636499062500001 0.7053268975609757 0.06448469531249999 0.6917497195121951 0.0632839796875 0.6915195853658537
1 0.20876678593750003 0.6766290463414635 0.186725490625 0.6201050585365854 0.1802595 0.7023080146341463 0.1767073125 0.7599482024390244 0.176713759375 0.7599494365853658 0.1915035890625 0.7238906341463415 0.2138177140625 0.7440851658536586 0.22659010781250002 0.7371980707317074 0.2339753 0.6996569780487805 0.234243503125 0.6916685292682927 0.20876678593750003 0.6766290463414635
1 0.2657701390625 0.6959260585365853 0.2385394453125 0.6907069219512195 0.22084363593749998 0.7403550780487805 0.2085500921875 0.7908376536585366 0.247938928125 0.8076272487804877 0.24849855 0.7588022146341463 0.264623909375 0.7104982317073171 0.2657701390625 0.6959260585365853
1 0.47170983906249997 0.6284314463414635 0.42157537500000003 0.6599433682926829 0.436951328125 0.7109846000000001 0.43976018437500003 0.7882498195121952 0.44153691406249995 0.788590356097561 0.48819360312500004 0.7814002487804877 0.4851957921875 0.7330746 0.5027042171875 0.7257956292682927 0.507686134375 0.6624598829268292 0.47186090781249995 0.628464587804878 0.47170983906249997 0.6284314463414635
1 0.48400464843749996 0.7033509195121951 0.48190106093749996 0.7300940878048781 0.5002204921875 0.7588554853658536 0.4967419046875 0.8253756 0.51952904375 0.845313412195122 0.5293201546875 0.8471900146341464 0.54134074375 0.8282019048780487 0.5307518953125 0.7719958195121951 0.555932996875 0.7247682268292682 0.5559399796875 0.7246347000000001 0.4985631328125 0.7061412512195122 0.48400464843749996 0.7033509195121951
1 0.31094893125 0.8220326707317073 0.3128505921875 0.7491818121951219 0.2891489859375 0.7446390731707317 0.283062125 0.7946727902439025 0.26529283124999997 0.8398182024390244 0.308658778125 0.8511476756097561 0.31094893125 0.8220326707317073
1 0.18477564062500001 0.7447924658536585 0.1920217484375 0.7128805682926829 0.1932861171875 0.6968064780487805 0.17091893593750002 0.6608023317073172 0.1461160453125 0.6410472780487805 0.1437045578125 0.6405850829268293 0.13222251406250002 0.6966683951219512 0.183456121875 0.7446965317073171 0.18477564062500001 0.7447924658536585
1 0.23544195 0.7212502975609756 0.21076488593749998 0.7221923292682927 0.18043080625000002 0.8024798536585367 0.1808487078125 0.8025948756097561 0.2108209125 0.7881804317073171 0.230245984375 0.7873072658536585 0.23544195 0.7212502975609756
1 0.3343500140625 0.7881173780487806 0.36291505156250004 0.8018107902439026 0.364482496875 0.7818836585365854 0.3653964890625 0.7683093341463414 0.36628025625 0.7498127853658537 0.3600998359375 0.7485712121951219 0.314009240625 0.7479739536585367 0.32353149999999997 0.8021699731707317 0.3343500140625 0.7881173780487806
1 0.36896779999999996 0.776337187804878 0.364730459375 0.8254735073170731 0.3675991875 0.8260233390243903 0.404939840625 0.8223705829268293 0.3949338546875 0.792137443902439 0.40398024843749997 0.7481781902439024 0.3826544328125 0.7408492097560976 0.375260484375 0.7391585902439025 0.36896779999999996 0.776337187804878
1 0.746882528125 0.9238579536585366 0.8685594171875 0.9389178024390243 0.8850728218749999 0.9080813634146341 0.885791875 0.8989399658536585 0.8309925249999999 0.7954675414634146 0.8178480921875 0.7673365902439024 0.806560140625 0.7651731 0.7560266078125 0.7978774902439024 0.7743856 0.8793392146341464 0.746882528125 0.9238579536585366
1 0.7551627296875 0.7779777658536585 0.7218777421875 0.8433076390243902 0.7247254453124999 0.9009950926829268 0.7581331015624999 0.8998989634146342 0.757126259375 0.8434936024390244 0.7717659046875001 0.8195084512195122 0.7720436671875001 0.8145526048780488 0.75619115625 0.7782995170731707 0.7551627296875 0.7779777658536585
1 0.7560414484375 0.9173478317073172 0.7621586390624999 0.9074466585365853 0.7974256765625001 0.9222730268292683 0.8001285749999999 0.8876436853658537 0.8005034625 0.8764775536585365 0.7773744781249999 0.8709743926829268 0.7639183625 0.8683669243902439 0.7560414484375 0.9173478317073172
1 0.8684660296875 0.819004056097561 0.8673852328124999 0.8327443707317073 0.8699316078124999 0.9193252682926829 0.908017875 0.927144643902439 0.9091374374999999 0.927359224390244 0.9199893390625 0.8258141414634146 0.9249720531250001 0.8289490195121951 0.924997653125 0.8284922463414635 0.8875510171875 0.7887501121951219 0.884998934375 0.7881191512195121 0.8684660296875 0.819004056097561
1 0.9445365375 0.754175256097561 0.9456127437499999 0.6837743243902439 0.92537425 0.6378792560975609 0.8964976515625 0.6227420195121951 0.8830898109374999 0.7931975853658536 0.87698546875 0.9281087024390243 0.953449078125 0.9370463341463414 0.9440058109375 0.8329219682926828 0.9763159281249999 0.7906435512195122 0.976538228125 0.7869264731707317 0.9445365375 0.754175256097561
1 0.3648132109375 0.8526944097560976 0.394376365625 0.8635049951219513 0.4159572671875 0.8947092243902439 0.4317642046875 0.8671543463414634 0.43180284843749994 0.8666630804878048 0.409769709375 0.8095324853658536 0.399074540625 0.8074826097560976 0.380113040625 0.8199696365853658 0.3630466484375 0.8232889512195122 0.36304090625 0.8233586146341463 0.3648132109375 0.8526944097560976
1 0.4213302296875 0.8675647658536585 0.4539385484375 0.865437243902439 0.45474831718750003 0.855142543902439 0.45282659062499997 0.8465530292682927 0.4527236796875 0.7956491341463414 0.4269891640625 0.7907167609756097 0.42914516249999995 0.8213972048780488 0.41843742656250005 0.8469355536585367 0.4213302296875 0.8675647658536585
1 0.49730807343750005 0.8813170731707316 0.5340342687499999 0.9096747219512195 0.5439782984375 0.8425834341463414 0.5629177390625 0.8408847463414634 0.570103853125 0.749526756097561 0.56958966875 0.7492425536585365 0.5529875734374999 0.7460605341463414 0.5415205640625 0.7643989024390244 0.5429994875 0.8148812341463415 0.5191963312500001 0.838255056097561 0.49730807343750005 0.8813170731707316
1 0.5559941187499999 0.9029046341463415 0.6141736703125 0.9097453341463415 0.615455925 0.8934438707317073 0.6089254421875 0.8472272975609757 0.6194104515625 0.7903579463414634 0.5969151703125 0.7820814146341464 0.58394283125 0.7791153000000001 0.5837680828125 0.828304712195122 0.5559941187499999 0.9029046341463415
1 0.6791412765625 0.8243011243902439 0.6305980109375 0.8149971414634146 0.62900246875 0.8520381048780488 0.6464601515624999 0.8717711390243903 0.6627707578125 0.8634264195121951 0.65932635625 0.8381857073170732 0.67902525625 0.8257761097560975 0.6791412765625 0.8243011243902439