0 0.2067853375 0.7700130962441314 0.08762899843750001 0.8161753075117371 0.20612441406249998 0.8603301525821597 0.2663192890625 0.8508251971830986 0.3435035421875 0.7912451502347417 0.396445828125 0.7265570938967136 0.396209215625 0.7231749999999999 0.3601650421875 0.7054896549295775 0.2067853375 0.7700130962441314
0 0.01986046875 0.8232505234741784 0.0606133359375 0.8256708685446009 0.06208135625 0.8253346971830986 0.195806803125 0.7452590375586854 0.19533111718750001 0.7365042957746479 0.18836631406249998 0.7026305422535211 0.15881321875 0.7072970680751174 0.0173313984375 0.7871002863849765 0.01986046875 0.8232505234741784
0 0.351886540625 0.6735194718309858 0.27669909062500003 0.6627186971830986 0.27648567812499997 0.6627523943661972 0.28813228281250003 0.7078374483568075 0.29246835625 0.7069990962441315 0.3519449484375 0.6743543262910798 0.351886540625 0.6735194718309858
0 1 0.6832898896713615 0.8895017781250001 0.6768916267605635 0.57055295 0.7272546267605634 0.5342980859375001 0.7363979859154929 0.5366696546874999 0.7771223427230047 0.5485776421875 0.9473337112676057 0.7513158390625 0.9426018262910798 0.7660176765625 0.9389717018779342 1 0.6991965211267606 1 0.6832898896713615
0 0.96758010625 0.6946269577464789 0.9612481421875 0.5355201361502347 0.9567134609375 0.4707019507042254 0.8964676781250001 0.4805342159624413 0.9056290703125001 0.5880455985915494 0.967141684375 0.6947039460093896 0.96758010625 0.6946269577464789
0 0.22349080625 0.5714072746478873 0.20798874375 0.5928961408450705 0.208002275 0.5930895610328638 0.260101025 0.6039705328638498 0.28807065625 0.5995540422535212 0.348278178125 0.577027528169014 0.3482647234375 0.5768352159624413 0.3095362875 0.5371918661971831 0.22349080625 0.5714072746478873
1 0.0882491140625 0.5699794671361502 0.0916748375 0.6877794131455399 0.08882533125 0.7086226760563381 0.0911315640625 0.7415876901408451 0.180863059375 0.7274188098591549 0.178287871875 0.6847507676056338 0.2244839984375 0.6694635 0.21699933124999998 0.6235827816901409 0.2073677359375 0.5811950399061033 0.21294846406249998 0.5485292276995305 0.18697966093750001 0.46740620422535206 0.1505110421875 0.4686814225352113 0.127541221875 0.5532246643192489 0.0882491140625 0.5699794671361502
1 0.34842836875 0.7152309671361503 0.3343772578125 0.6788557276995305 0.383592909375 0.5852817863849765 0.41263731718749996 0.5538569225352112 0.45724202812500003 0.6190679600938968 0.49068288437499996 0.568937161971831 0.49025101875 0.5627641244131455 0.41675204375 0.5037037159624413 0.3633419765625 0.5121373309859155 0.33103270937499996 0.5324293309859155 0.2975476828125 0.5440340563380281 0.250594434375 0.5678822910798123 0.24300826562500003 0.6633038943661972 0.22768904843749999 0.7051987934272301 0.296932640625 0.85440970657277 0.3459737390625 0.8457156126760563 0.34671913593750003 0.8455315633802817 0.3717726796875 0.7978181384976525 0.34842836875 0.7152309671361503
1 0.5918645453125 0.6873359342723006 0.56139244375 0.6377142417840376 0.528327665625 0.6388704366197183 0.46523533749999996 0.6292493638497653 0.44207698124999995 0.7246756549295775 0.475212603125 0.7860314647887324 0.5311107546875 0.7855443568075117 0.5800744984375 0.8617748427230048 0.6336937812500001 0.9013916455399061 0.777865778125 0.8786264436619718 0.7717362359375 0.7910114906103286 0.7142694234375 0.5799914765258216 0.6998210953124999 0.5568427018779343 0.6877572046875 0.5167145070422535 0.655510840625 0.5330484460093897 0.6655119468749999 0.5749381924882628 0.696906625 0.6228380751173709 0.6987183359375 0.6988057558685447 0.5904640390625 0.7296243685446009 0.5918645453125 0.6873359342723006
1 0.664541840625 0.6213671291079813 0.678089403125 0.6604197840375586 0.7702841031250001 0.6957164647887325 0.7798628109375 0.6942039577464789 0.827201578125 0.6749155516431925 0.825754353125 0.6215560234741785 0.8177007578125 0.5336786408450704 0.771601396875 0.5083474107981221 0.7450625375000001 0.45075019014084505 0.6054407875 0.4933928192488263 0.5784624328125 0.5211292887323944 0.5837089718749999 0.5961226995305164 0.615978128125 0.6307516643192488 0.664541840625 0.6213671291079813
1 0.938450296875 0.5147635093896713 0.9538871609375 0.46558751173708923 0.9538675921875001 0.4650265211267606 0.93832898125 0.3757171431924882 0.920548746875 0.4188674483568075 0.8708638796875 0.4254759600938967 0.8852646 0.3830092464788732 0.793110821875 0.3829064577464789 0.7921102921875 0.38306444366197184 0.7702560984375 0.4105392018779343 0.7704298781250001 0.4130231807511737 0.8636497953125 0.5438783802816902 0.8488319046875 0.5743911525821597 0.8631297109375 0.6265318450704225 0.8942664296875 0.6287952230046948 0.9016475859374999 0.6273024906103286 0.92188085 0.5871341408450704 0.90734475625 0.5281626596244132 0.938450296875 0.5147635093896713
1 0.043151840625 0.5872161455399061 0.00170890625 0.5637942558685446 0.005842240625 0.6228756431924883 0.0981188546875 0.608304882629108 0.0877038828125 0.5542103145539906 0.043151840625 0.5872161455399061
1 0.38007625 0.4806872089201878 0.369547459375 0.4338509788732394 0.3504485453125 0.4346600352112676 0.3420734359375 0.4355398779342723 0.3286718140625 0.47923860328638496 0.298504446875 0.5392840938967136 0.298615771875 0.5408753802816901 0.3311800921875 0.5479003145539906 0.3426833234375 0.5460839201877935 0.38007625 0.4806872089201878
1 0.51630201875 0.45775362676056336 0.424692803125 0.5464284929577464 0.424768603125 0.5475119671361502 0.471964465625 0.6342460422535211 0.47696925625000003 0.6334557699530515 0.5547963328125001 0.5336040164319249 0.555235878125 0.4843873779342723 0.554430175 0.4695588215962441 0.5538555234375 0.46134481690140844 0.51630201875 0.45775362676056336
1 0.4371471484375 0.43675386854460096 0.405081275 0.4418171690140845 0.391312721875 0.44883191784037557 0.39809352656249997 0.5043160093896714 0.381305203125 0.5658314788732394 0.34099448125 0.5657435657276995 0.3284048515625 0.6224945539906104 0.3284412546875 0.6228533638497653 0.34309889375 0.6432313943661971 0.3715939296875 0.6290037723004694 0.4260273453125 0.5526531244131455 0.4371471484375 0.43675386854460096