0 0.33580784375 0.357318661971831 0.3687449421875 0.33060392723004695 0.36849845000000003 0.32708059859154925 0.307884334375 0.27734074413145543 0.2091299359375 0.2320029835680751 0.1753307984375 0.2373399718309859 0.053265459375000004 0.3194505375586854 0.1764958890625 0.3338134178403756 0.33580784375 0.357318661971831
0 0 0.3783831572769953 0.13038129062499998 0.39320753521126756 0.1701827703125 0.3716707535211268 0.16651618125 0.3355320117370892 0 0.3218332558685446 0 0.3783831572769953
0 0.3302355453125 0.3640427159624413 0.275448846875 0.36079156103286386 0.2639837359375 0.3626019366197183 0.25883900625 0.410558941314554 0.2589803140625 0.4105189577464789 0.3302984265625 0.3649415281690141 0.3302355453125 0.3640427159624413
0 0.67130014375 0 0.6449848328125001 0.12455983333333333 0.6494015953125001 0.18769250704225351 0.7011079265625 0.45612829342723005 0.8382022359375 0.41609308685446006 0.8333749312500001 0.347092161971831 0.8037343828125 0.016288887323943662 0.799950965625 0 0.67130014375 0
0 0.8720367687499999 0.2035462957746479 0.9032248234375 0.3938432957746479 0.9037722734375 0.3937568497652582 0.9410891625 0.27723032863849767 0.9374360296875001 0.23458450234741784 0.9295315359374999 0.16743029107981222 0.8909842125 0.17080324882629108 0.8698932562499999 0.172907176056338 0.8720367687499999 0.2035462957746479
0 0.25319503125 0.5204386431924882 0.2555875140625 0.5546365117370892 0.2890601234375 0.6017581502347418 0.29024806875000003 0.6015705704225353 0.2877777890625 0.4918553474178404 0.28663665625 0.4814243122065728 0.2622912328125 0.39660337558685443 0.26092235937499997 0.3966751924882629 0.251952278125 0.4205438849765258 0.25319503125 0.5204386431924882
1 0.1505153921875 0.3851447230046948 0.0822479875 0.3889382230046948 0.06663270624999999 0.3914039225352112 0.07129655625 0.45806843896713617 0.085433565625 0.5625778896713616 0.12702687031249998 0.5735619906103286 0.1620017640625 0.6501452323943662 0.20056935625 0.6440552910798122 0.2122953265625 0.566310100938967 0.20147992656249997 0.5350330563380281 0.204141178125 0.4921045046948357 0.20411208281249998 0.4460467183098592 0.1559253015625 0.43746122300469487 0.1505153921875 0.3851447230046948
1 0.33542451562500003 0.2285027253521127 0.31001371875 0.19955068779342724 0.25627930625 0.2080355164319249 0.2556464875 0.20821883333333333 0.20721810000000002 0.38399581220657275 0.2273651765625 0.4174021784037559 0.24674600937500002 0.5060171103286385 0.29532937812500004 0.5074929107981221 0.3292965578125 0.5033309178403755 0.4007369328125 0.5133601502347418 0.400915375 0.5133208802816902 0.47903427499999995 0.4024333403755868 0.47842928125000006 0.3937856291079812 0.440904534375 0.3618104014084507 0.405816321875 0.4452118943661972 0.373663934375 0.42820739906103283 0.3141037125 0.36047440610328635 0.32316315156250003 0.3189208356807512 0.33542451562500003 0.2285027253521127
1 0.5204322984374999 0.037623366197183095 0.46609784374999996 0.09191243896713615 0.48509304843749995 0.182266941314554 0.49102291875 0.23112689906103287 0.5294021359375 0.2638246291079812 0.556579634375 0.2514792159624413 0.5584397421875 0.4180235962441315 0.5087432265625 0.43384300469483567 0.47129568437499997 0.39937095070422535 0.442073409375 0.3948681525821596 0.43972142812500004 0.4243876971830986 0.4413138109375 0.44714902582159627 0.46647725624999997 0.45418007042253516 0.48442842031250005 0.4697759624413146 0.66955180625 0.5109928169014084 0.7183052609375 0.5032944976525822 0.68346685625 0.2857129319248826 0.6402938390624999 0.2040657957746479 0.5808997171875 0.15067349765258214 0.5699219390625 0.06842957511737088 0.526764625 0.037124793427230046 0.5204322984374999 0.037623366197183095
1 0.615775453125 0.22403764788732394 0.6153846359374999 0.4379810821596244 0.6581882046875001 0.46612086854460094 0.6837787828125 0.5292457910798122 0.7427768734375 0.5243585375586854 0.777739434375 0.5180768169014085 0.7808182203125 0.44922684037558686 0.7791282703125 0.4250709131455399 0.7390547671875 0.2992846830985916 0.7109064828125 0.2867596854460094 0.7074873046875 0.21338370657276995 0.678308184375 0.17208038262910796 0.62829160625 0.17997815492957747 0.615775453125 0.22403764788732394
1 0.8480383078125 0.30388000704225354 0.8641563343750001 0.3269879436619718 0.7779900375000001 0.5018740328638498 0.7779923609375 0.502024016431925 0.8018479453125 0.5195156431924882 0.89347403125 0.4754947863849765 0.8771704124999999 0.44039631455399064 0.9264391390625001 0.4234599366197183 0.9461056484375 0.4576373568075118 0.9530786499999999 0.39628919248826294 0.9494253765625 0.34406972300469485 0.9392867109375 0.32039891784037555 0.9079795296875 0.3218644436619718 0.9193547109375 0.25682152582159623 0.9069638484375 0.23983026525821596 0.8591870593750001 0.24737436854460093 0.8480383078125 0.30388000704225354
1 0.04188874375 0.5621362159624413 0.0895511296875 0.5860542723004695 0.08997650625 0.5859871032863849 0.0936101171875 0.5299864953051643 0.092956340625 0.5206414953051643 0.0241482875 0.5302918356807512 0.0006422125 0.5340035164319249 0.0038602234375 0.5932294366197184 0.04188874375 0.5621362159624413
1 0.34681850000000003 0.6124618051643193 0.350037453125 0.6116669929577464 0.3884155734375 0.5893163943661972 0.3884031453125 0.589138734741784 0.3527803125 0.5395259178403756 0.337228753125 0.5044589483568075 0.3093971578125 0.5088536431924883 0.3086752765625 0.5090781197183099 0.3024820765625 0.5588350070422535 0.34681850000000003 0.6124618051643193
1 0.43390447187500003 0.49940696244131455 0.5002406578125 0.5502017934272301 0.5381847375000001 0.4170061525821596 0.5333841375 0.34838696244131456 0.4897784890625 0.355272427230047 0.43390447187500003 0.49940696244131455
1 0.431962259375 0.39816331690140844 0.3543119796875 0.44272651408450703 0.32162950156250003 0.538050176056338 0.3210309234375 0.582489558685446 0.33778133125 0.598785617370892 0.339782853125 0.5984695704225352 0.371361584375 0.5691090492957747 0.3592423234375 0.5105313051643192 0.3936746671875 0.47307660563380277 0.43129146250000006 0.4711620187793428 0.432579446875 0.39810389671361507 0.431962259375 0.39816331690140844