0 0.7103172765625 0 0.7039332796875 0.03198148356807512 0.704373234375 0.043329814553990605 0.7505768828125 0.26723863145539906 0.784881896875 0.446302647887324 0.784895340625 0.44630016901408454 0.811169815625 0.2674153427230047 0.8028242750000001 0.1782035399061033 0.7608097328125 0.062162481220657276 0.7259407515625 0 0.7103172765625 0
0 0.924933553125 0.3388666056338028 0.9284573078125 0.2899069647887324 0.9251311578125 0.25435121830985913 0.8858635265625001 0.07243718779342723 0.8702948312500001 0.07572438028169014 0.850128775 0.0848009295774648 0.85040955625 0.08996859389671362 0.9011469984374999 0.34277119953051643 0.924933553125 0.3388666056338028
0 0.71671494375 0.30346305399061035 0.651574115625 0.2925804084507042 0.6442883234375001 0.2941187394366197 0.6445119109374999 0.30052823943661966 0.6519012578125001 0.3375433356807512 0.6541524125 0.3371480352112676 0.7167955687500001 0.30432492957746476 0.71671494375 0.30346305399061035
0 0.291041071875 0.20192203990610327 0.27204064375 0.04321781690140845 0.11482409687499999 0.07641269953051644 0.12621846406249998 0.1982157089201878 0.2851003859375 0.5366418004694836 0.291041071875 0.20192203990610327
0 0.0418739875 0.3300996079812207 0.041440125 0.3302263075117371 0.042612121875 0.5326329342723005 0.044321134375 0.55354379342723 0.09779554375 0.5422531455399061 0.10427267343749999 0.5404435328638498 0.10027345937500001 0.4606104976525821 0.09734260312500001 0.42928036150234744 0.0418739875 0.3300996079812207
0 0.6523368765625001 0.4014617723004695 0.688366384375 0.4410339647887324 0.7752200796875 0.41208212441314557 0.789804628125 0.3932314295774648 0.7895909375 0.39094713145539906 0.75119751875 0.380588220657277 0.6523368765625001 0.4014617723004695
1 0.9448436499999999 0.4723202558685446 0.9332718625 0.3413733755868545 0.931928115625 0.3270090539906103 0.89730388125 0.3369709178403756 0.8839974890625 0.2708013028169014 0.8786874515624999 0.27206481690140843 0.853961353125 0.2851225117370892 0.8266755578125 0.30370207276995304 0.8046673312499999 0.2985786338028169 0.753458025 0.34500201643192485 0.7570919234375 0.400021779342723 0.8142111812499999 0.4258112746478873 0.8282468281250001 0.4829065187793427 0.9058371578125 0.46617070892018775 0.9448436499999999 0.4723202558685446
1 0.675487384375 0.3134259084507042 0.6221910765625001 0.4129059976525821 0.592069784375 0.447348485915493 0.5521592140625 0.3845408568075117 0.5140151140625 0.44249682863849765 0.57791556875 0.49303076525821593 0.648687559375 0.4780878849765258 0.67056195 0.46245474647887325 0.7039109203125 0.447855161971831 0.751097209375 0.4196585399061033 0.76384365625 0.32173410563380284 0.7743148734374999 0.29511728873239435 0.770148390625 0.25057858450704223 0.7218749234375 0.1313266103286385 0.67349751875 0.1442436690140845 0.67275930625 0.14449292723004695 0.6456240546875 0.1952144647887324 0.6638007328125 0.27749649765258216 0.675487384375 0.3134259084507042
1 0.423126771875 0.1645998192488263 0.36115441875 0.1322161103286385 0.2159169921875 0.1619245070422535 0.223505715625 0.2430461267605634 0.29116962968750004 0.48861511032863847 0.3052904171875 0.5088616220657277 0.3111641 0.5280185938967137 0.3481704046875 0.5202050399061033 0.3389400890625 0.48162768779342724 0.3082532375 0.44010790845070424 0.3066009046875 0.3622574389671362 0.4127318296875 0.3034126643192488 0.41129096406250004 0.347351765258216 0.441070971875 0.39087707276995304 0.473473825 0.38141457042253524 0.535283959375 0.3755497042253521 0.558131909375 0.27139632159624416 0.5257608546875 0.21644232629107982 0.470984103125 0.23092666197183098 0.423126771875 0.1645998192488263
1 0.18081312656249998 0.3279742723004695 0.1614134015625 0.34734385915492955 0.1670913375 0.4168170046948357 0.20595817031250002 0.45747767370892023 0.2547373 0.45107383568075116 0.2705747453125 0.4905361150234742 0.36915173437500004 0.5322796807511737 0.42378712968750004 0.5133571079812206 0.41835647500000006 0.46093839201877934 0.40546711249999995 0.3733739107981221 0.3573311140625 0.34555989201877935 0.331973971875 0.29605799765258217 0.18081312656249998 0.3279742723004695
1 0.099664740625 0.5172701690140845 0.0788908265625 0.4975243755868544 0.045042190625 0.523632072769953 0.044956809375000004 0.5439646690140845 0.0487456171875 0.5844660962441315 0.07351531875 0.6089766150234742 0.11186645312500001 0.5819182535211268 0.122013490625 0.6277486596244132 0.155249859375 0.6468775845070424 0.21386248124999999 0.6155411901408451 0.184616834375 0.5924132276995305 0.1781818578125 0.5179290211267605 0.20683516875 0.5360108849765258 0.20302907343749999 0.39547078403755864 0.18549395468750002 0.36728424178403757 0.180483584375 0.3683421361502347 0.099664740625 0.5172701690140845
1 0.997563465625 0.42142685915492956 0.9935495328125 0.38186461032863855 0.9853594078125001 0.3901663192488263 0.9266051546874999 0.3698837699530516 0.9242152062500001 0.37056004460093894 0.9061558765625 0.4426896244131455 0.9794422515625 0.4272158544600939 0.9976383109375 0.42222693192488264 0.997563465625 0.42142685915492956
1 0.6663931515625 0.4852164765258216 0.6280826296875001 0.4468811244131456 0.620824221875 0.4484136737089202 0.6207375578125001 0.4581706197183099 0.625448953125 0.5085343004694836 0.6722139578124999 0.5611524107981221 0.70237804375 0.5455299765258216 0.697987446875 0.505188514084507 0.6663931515625 0.4852164765258216
1 0.51536571875 0.368749352112676 0.43967506562500003 0.44548236384976525 0.44066936874999996 0.45611120892018775 0.49093555625 0.5383767206572769 0.567020553125 0.4345723169014084 0.5638077625 0.36313619953051646 0.5481441234375 0.3618284812206573 0.51536571875 0.368749352112676
1 0.5796721375 0.5566630375586854 0.602983909375 0.545620103286385 0.655112121875 0.4714489460093897 0.662585865625 0.34714706807511736 0.6566277625 0.3484050704225352 0.616124221875 0.36801015962441314 0.6250654765625 0.4230104342723005 0.6104179140625 0.4834124835680751 0.5696817375000001 0.4823686455399061 0.5599515203125 0.5336590539906103 0.560582471875 0.5404037723004694 0.5738754593750001 0.557886955399061 0.5796721375 0.5566630375586854