1 0.9146021390625 0.69393448502994 0.9676134359375 0.6974729311377246 0.9914499875 0.7060873353293413 0.998283490625 0.5815049161676646 0.96726485 0.5832370239520958 0.95875311875 0.4637725149700599 0.8994508765625 0.46683377245508983 0.849650875 0.43193557784431136 0.8400562421875 0.430003245508982 0.8375806656250001 0.4751357754491018 0.8316719406249999 0.6734839101796407 0.9146021390625 0.69393448502994
1 0.8433555406250001 1 0.8735620718750001 0.44930120958083836 0.8743007796875 0.4139907664670659 0.8600988828125 0.4519068233532934 0.8149229453125001 0.6471498293413174 0.7709970390625001 0.7048669041916168 0.7097057609374999 0.7524053023952095 0.6983877265625 0.7728218233532933 0.6856238375 0.7469354341317366 0.6341501203125001 0.7226844820359282 0.6020521859375 0.7360075718562874 0.544787278125 0.7516881077844312 0.5346184171874999 0.880518991017964 0.534228940625 0.8988345688622754 0.5661340328125 0.9683516826347306 0.6197775453125 1 0.8433555406250001 1
1 0.335656309375 0.448749494011976 0.3260106375 0.3692396347305389 0.3758793421875 0.3838646976047905 0.39597510156250004 0.3249734520958084 0.409117875 0.3391161347305389 0.405960978125 0.38207710778443116 0.43681054374999995 0.4396729580838323 0.46451295937500003 0.42963179640718563 0.4996130390625 0.3722470688622755 0.5072382234374999 0.3107530389221557 0.509471471875 0.2700384251497006 0.4412409078125 0.20289135329341315 0.3934355078125 0.2173251616766467 0.38315796406249997 0.17942699101796408 0.24884151718749997 0.1565934011976048 0.24704472968750002 0.1564129640718563 0.24518901718750002 0.19024468263473054 0.2447157046875 0.22141435329341316 0.24401163124999997 0.43634050598802393 0.261064678125 0.35790893113772454 0.29752061875 0.4712632065868264 0.3181598 0.47541988323353296 0.335656309375 0.448749494011976
1 0.1848883421875 0.47171823053892215 0.186168809375 0.4334305119760479 0.1583752359375 0.413982871257485 0.140571853125 0.4098025269461078 0.1575783375 0.36276501197604794 0.15354931249999998 0.3081330209580838 0.17276678750000002 0.2838366736526946 0.12595354375 0.2327374131736527 0.0940551984375 0.2609818982035928 0.09192108437499999 0.3247948263473054 0.0849231734375 0.3339199640718563 0.09387274375 0.36649668263473056 0.0882052609375 0.4108864401197605 0.086692509375 0.48113648502994016 0.0661412109375 0.5453159730538922 0.050329412500000004 0.5966395359281437 0.050073748437499996 0.604284248502994 0.060867323437499996 0.6584211616766467 0.178310596875 0.6820739251497006 0.2056049921875 0.6777627844311377 0.2255864375 0.6621937365269461 0.227153734375 0.6336201437125749 0.22187597343749998 0.6164948682634731 0.1947071609375 0.5283365089820359 0.1848883421875 0.47171823053892215
1 0 0.7750668143712576 0.0750231328125 0.8004150359281437 0.24787028281249998 0.8574379730538921 0.256555534375 0.6990961137724551 0.2665701484375 0.4807754071856287 0.2354542765625 0.6043821856287426 0.2108732859375 0.7140381107784431 0.1686431703125 0.7223925628742515 0.1776695671875 0.42003099101796404 0.143783553125 0.4132064371257485 0.1424743859375 0.5212579491017965 0.13676244843750002 0.6728390748502994 0.08161739375 0.7059160329341317 0.061606018750000005 0.7217775688622755 0.059766525 0.6565198353293413 0.0279342 0.6231417604790419 0 0.6168662485029941 0 0.7750668143712576
1 0.7102818765625 0.5776482005988024 0.7209484046875 0.6030086017964073 0.7861471140625 0.5681316317365269 0.807045809375 0.49899977844311383 0.8354858203125 0.5121299550898203 0.8593524265625 0.5193550449101796 0.8719788390625001 0.4788622125748503 0.8623491953125001 0.42186482035928147 0.8410093984375001 0.42489286826347306 0.8132245828125001 0.4344533473053892 0.7968888734374999 0.3871465538922156 0.78778393125 0.3544189670658683 0.763996928125 0.34243300898203594 0.7557426406250001 0.340770619760479 0.7112660546875 0.37183089221556886 0.699967878125 0.40609790119760475 0.696021996875 0.47803572754491014 0.6960762484374999 0.48415957485029937 0.7070528578124999 0.5044494131736528 0.7102818765625 0.5776482005988024
1 0.8971318046875 0.4948694491017964 0.9011303359375 0.44256239520958085 0.8617128171875 0.4230266586826348 0.851357328125 0.3822635149700599 0.837064490625 0.4370649011976048 0.800212840625 0.4565412934131737 0.7832613203125 0.4629320598802395 0.7822910140625 0.48062183532934133 0.783917890625 0.5044901826347306 0.801189153125 0.5240814790419162 0.8206937734374999 0.5282296317365269 0.8503014015625 0.52824848502994 0.8581729921875001 0.4913617874251497 0.8971318046875 0.4948694491017964
1 0.6895113390625001 0.4438122994011976 0.7145069765625001 0.4503954251497006 0.7425626624999999 0.4302686347305389 0.762242146875 0.4417956556886228 0.766511046875 0.42459189820359283 0.7667069015625 0.4210212664670659 0.7487067078125 0.34871777245508984 0.73518210625 0.3797674610778443 0.7199103109375 0.36349895209580835 0.6960011578125 0.38148725748502993 0.689761684375 0.436326622754491 0.6895113390625001 0.4438122994011976
1 0.682379203125 0.348659251497006 0.628653628125 0.3362330239520958 0.627620409375 0.3502076526946108 0.6247958296875 0.4017028892215569 0.6769289781250001 0.41220236826347306 0.682379203125 0.348659251497006
1 0.5697533890625001 0.35317307784431134 0.562289615625 0.30653356886227545 0.538755971875 0.3205347814371257 0.514190303125 0.34554664071856284 0.49042343437499997 0.37234348802395206 0.483753021875 0.4190293323353293 0.46180523593749995 0.3916299251497006 0.434627153125 0.37751294011976044 0.4307576234375 0.41467386526946104 0.43030634843750004 0.4394362544910179 0.441362203125 0.4641389520958084 0.4753682828125 0.4685432874251497 0.4832401453125 0.49279026047904195 0.49307130312499997 0.5463838682634731 0.5030626953125 0.5578163922155689 0.506222803125 0.5584528293413173 0.5251472390624999 0.5198420089820359 0.543217390625 0.5319191107784431 0.5607533671875 0.5381194461077845 0.565501840625 0.4515494610778443 0.5639692609375 0.3968453592814371 0.5697533890625001 0.35317307784431134
0 0.9858478343750001 0.8082208532934132 0.9855831328125 0.7928117485029941 0.9087808125000001 0.7539260868263473 0.8854016578125 0.7492175868263473 0.7301255671875 0.7625863532934132 0.9254893531249999 0.8734473353293413 0.9358190593750001 0.876229119760479 0.9831619734375 0.8571870988023953 0.9858478343750001 0.8082208532934132
0 0.9481874781249999 0.8299595598802396 0.9459131640624999 0.8488417814371257 0.9423773921875 0.9133028323353293 0.958805196875 0.9205470628742515 0.9632215078125 0.9214364970059881 0.963399003125 0.9196307604790419 0.9634279703124999 0.836544739520958 0.95163368125 0.8303827305389221 0.9481874781249999 0.8299595598802396
0 0.5700275609375 0.6268278083832336 0.5701337234375 0.624892359281437 0.54786893125 0.5841147934131736 0.4992931734375 0.5359836916167665 0.47065489375 0.5302160209580838 0.467239878125 0.5545783233532935 0.384308503125 0.5630751706586826 0.38430702499999997 0.5631125269461078 0.44186228125 0.6182123952095809 0.457656275 0.6221071916167665 0.5700275609375 0.6268278083832336
0 0.102810715625 0.6950189700598802 0.18942248125 0.7773944730538921 0.1984740140625 0.780661254491018 0.4760341796875 0.7883138113772454 0.482145403125 0.7481799670658683 0.5478588531249999 0.7423149940119761 0.455289746875 0.6806572155688623 0.11112540156249999 0.6113434341317365 0.1074217828125 0.6109540838323353 0.10671313906249999 0.6238734461077844 0.2066553 0.6520098892215569 0.199261596875 0.716107494011976 0.102960575 0.6922868892215569 0.102810715625 0.6950189700598802