1 1 0.4669925868263473 0.8782156609375 0.4410920628742515 0.8746144484375 0.48466027844311377 0.8784179578125 0.5579574820359281 0.8617413656249999 0.6685442125748503 0.9206622921875001 0.7051879401197605 0.90409208125 0.8141898053892215 0.945880665625 0.8414514580838323 0.9526919265625 0.8435186137724551 0.976047978125 0.8069878982035927 0.9789896062500001 0.7256302874251497 0.9942280828125 0.5954475299401198 1 0.49218185928143715 1 0.4669925868263473
1 0.7260930671875 0.36054865868263475 0.7804712046875 0.4359847005988024 0.8169564515625 0.5131157634730539 0.84019385625 0.7249950359281437 0.8499656703125 0.7687160209580838 0.8790120984375 0.43145660479041914 0.9047852656250001 0.11964751197604791 0.8322114453125 0.097622 0.74690015 0.10811009580838324 0.7341475 0.06958261976047904 0.609711125 0.08181672155688623 0.571494284375 0.13450157784431138 0.5699459796874999 0.15255296407185628 0.5662524328125 0.28304829640718565 0.62007939375 0.32549804191616766 0.64977363125 0.35371460479041916 0.7021885640625001 0.35446545808383234 0.7172751875000001 0.33526578742514973 0.7260930671875 0.36054865868263475
1 0.3499388984375 0.550763997005988 0.3002900984375 0.5420061437125749 0.315207384375 0.4680618592814371 0.29670335468750003 0.42617593712574847 0.2824469609375 0.421849248502994 0.236165265625 0.5229892934131737 0.228956925 0.4680739880239521 0.2085280171875 0.7152271407185629 0.2102928671875 0.7158844880239521 0.3428695546875 0.7558053083832336 0.35551931406250004 0.7232005748502994 0.40114200625 0.759662886227545 0.4749565765625 0.723880248502994 0.469807053125 0.6197475868263472 0.4395520109375 0.5468251886227545 0.41323065468750003 0.5240416886227545 0.37915261562499997 0.5665122664670659 0.3792541484375 0.6103566437125748 0.36545633125 0.6181969011976048 0.3499388984375 0.550763997005988
1 0.199022234375 0.1570552994011976 0.17303400625 0.1491681017964072 0.1386852515625 0.16672390419161676 0.1549293828125 0.2004315898203593 0.1457872515625 0.25171754491017967 0.157709778125 0.3064966107784431 0.1400975640625 0.30134464371257486 0.1113613578125 0.3059262155688623 0.10892178125 0.3439981167664671 0.0939918203125 0.39422101497005985 0.0592601234375 0.4662579820359281 0.0446801640625 0.4964979281437126 0.0444580875 0.4991846526946108 0.0691048453125 0.5345587664670659 0.1435303796875 0.5872066047904192 0.20384363906249997 0.6120409281437126 0.2277106109375 0.539843008982036 0.21664695625000002 0.47750889221556886 0.2029440578125 0.4041428832335329 0.2082289671875 0.33472286826347303 0.20701365625 0.28841325449101796 0.2187941859375 0.26122831736526947 0.21290567968750002 0.24868249401197604 0.21697164687499998 0.18522926946107784 0.199022234375 0.1570552994011976
1 0.07829387812500001 0 0.054860909375 0.2367549371257485 0.018611496875 0.1994314371257485 0.008154465625 0.32594275149700597 0.257140028125 0.43811909580838326 0.27399331875 0.39578247005988026 0.27682015781249997 0.34965057784431136 0.256225565625 0.28008636526946107 0.2005484078125 0.2489201137724551 0.1662228921875 0.2566095958083832 0.1563156015625 0.3175820089820359 0.139346890625 0.28720087724550897 0.0912561328125 0.21364225748502996 0.104812065625 0.06442050898203593 0.112398734375 0 0.07829387812500001 0
1 0.8009101328125 0.6482408353293413 0.7921681031250001 0.570214862275449 0.74859168125 0.5148187185628743 0.7277435828125001 0.508491505988024 0.7215143578125 0.516266497005988 0.7066426734375 0.5838717724550898 0.6929275453125 0.5966430988023952 0.6841263140625 0.6456479311377246 0.68269671875 0.6629434730538922 0.6892743578125 0.712313502994012 0.727708409375 0.7698164191616765 0.730992909375 0.7710397814371257 0.759276425 0.7741464281437126 0.7732155 0.7484550089820359 0.7963849140625 0.7131981826347306 0.821281803125 0.7387257335329341 0.841099075 0.7542341437125749 0.859449559375 0.7058043293413173 0.8539623890625 0.6598737964071857 0.83008805 0.6526069670658683 0.8009101328125 0.6482408353293413
1 0.8216452609375 0.6370238143712574 0.8111639078125 0.6578277544910179 0.7708072734375 0.6521880119760479 0.7663293296875 0.7043954670658683 0.8037219640625001 0.7248877604790419 0.8053732109375 0.7647486796407186 0.8486111812500001 0.7926559131736527 0.8722571 0.7829781077844311 0.8813453328125 0.7459845778443114 0.8643454390624999 0.7274379131736527 0.8323824640625 0.6863019760479042 0.8285626609375001 0.6391231826347306 0.8216452609375 0.6370238143712574
1 0.6685430828125 0.7305647395209581 0.6888902921875 0.7295790928143713 0.7142655125 0.7638568173652694 0.73989365 0.7706238083832335 0.7391685984375 0.7062545838323353 0.7176268265625 0.676226871257485 0.7011092640625 0.6841392874251497 0.6913079625 0.6479262574850299 0.69059245 0.6477821586826347 0.6683260453125001 0.7028292724550899 0.6670128875 0.7187161437125749 0.6685430828125 0.7305647395209581
1 0.6545847703125001 0.653011754491018 0.6196418203125 0.6424068772455089 0.6189588328125 0.6493552335329341 0.61137358125 0.7411231886227545 0.645756625 0.7510933353293413 0.6545847703125001 0.653011754491018
1 0.43292441562499995 0.6523618203592815 0.45189004375 0.6496215209580839 0.466272703125 0.6988140389221557 0.47979225625 0.6913197904191617 0.4957589546875 0.6441948023952097 0.506301471875 0.6245759730538922 0.539791746875 0.6372012874251497 0.5534646671875 0.6187366826347306 0.556171303125 0.5859912365269461 0.5567252828125 0.5564809191616766 0.5286865390625 0.5566746017964072 0.50412191875 0.572357625748503 0.503264309375 0.5237357964071856 0.48344649687499996 0.48591931137724553 0.4626400125 0.44943813173652697 0.441511259375 0.424155254491018 0.4286745234375 0.4657080329341317 0.4290350671875 0.5109648562874252 0.41217882031249997 0.6204457994011976 0.4092175125 0.648757497005988 0.43292441562499995 0.6523618203592815
0 1 0.37883351796407183 0.9764123437500001 0.3535789850299401 0.9447759937500001 0.34397763473053894 0.7591082046875 0.33747389820359286 0.9180801453124999 0.4493555149700599 1 0.45697764670658686 1 0.37883351796407183
0 1 0.32377650598802393 0.9919957500000001 0.3250713233532934 0.97631373125 0.40335793113772456 0.9761492015625001 0.40503178143712576 0.9836867937499999 0.407319374251497 1 0.40585329640718565 1 0.32377650598802393
0 0.49919396718750003 0.36334540419161676 0.467297571875 0.35366513173652697 0.41950635312499995 0.3719444550898204 0.39442605468749997 0.39924152694610776 0.3942668625 0.4011674550898203 0.5160578921875 0.46659305688622754 0.5804521874999999 0.44390176347305393 0.5004424703125 0.38864819760479036 0.49919396718750003 0.36334540419161676
0 0.58066786875 0.2896267335329341 0.5218079125 0.24291907185628742 0.5241013 0.20156843413173653 0.26593032656250004 0.03185734131736527 0.2543858671875 0.028353700598802396 0.154060821875 0.050452077844311376 0.2523539921875 0.09160351497005988 0.24649040156250002 0.1561283353293413 0.1453619421875 0.11735084131736527 0.14471965625 0.13009328143712573 0.259742478125 0.1957281976047904 0.250318740625 0.22521178143712575 0.293201790625 0.24469509281437127 0.310485978125 0.23538610479041916 0.4466343765625 0.2880261497005988 0.5805982953125 0.2904684311377246 0.58066786875 0.2896267335329341