1 0.46430975312499995 0.81104776875 0.46410768437499994 0.7526891 0.445079859375 0.730184078125 0.43940231093750004 0.73171261875 0.4245647984375 0.7443902875 0.4476152625 0.769759140625 0.42629216718749996 0.8197043531249999 0.4196158609375 0.864127540625 0.3852658875 0.867060515625 0.37594852031250003 0.886935040625 0.39068451875 0.9192785562499999 0.42334902812499997 0.9136418875000001 0.4338477078125 0.9565985906250001 0.4411592765625 0.962523784375 0.48494108281250004 0.9667074093749999 0.5051484453125 0.9603063468749999 0.50760405625 0.958843715625 0.49412032968749997 0.937214175 0.5024821015625001 0.8954946781249999 0.5369010453125 0.866085984375 0.5299538015625 0.778359634375 0.46430975312499995 0.81104776875
1 0 0.578701703125 0.0080264296875 0.680055465625 0.01577074375 0.6787003875 0.08854586875 0.65564749375 0.0966653796875 0.620735521875 0.12894398125 0.608828909375 0.1484015296875 0.614812165625 0.1600639171875 0.6329928 0.24614971875 0.6057234968749999 0.25813370625 0.57214180625 0.25653706718749997 0.482062771875 0.2553560125 0.46714899687500006 0.228673034375 0.409879440625 0.1863927984375 0.39537245625 0.1262722328125 0.41528007499999997 0.10326198125 0.4443407125 0.0754200171875 0.452341721875 0.057052425 0.41018085 0.045621134375 0.30578501875 0.0376687109375 0.285271440625 0 0.251920271875 0 0.578701703125
1 0.4226760625 0.45438366874999997 0.48299990781249996 0.41776386875 0.512427271875 0.3712478875 0.5185234921874999 0.339461721875 0.511402425 0.2720736625 0.4873623859375 0.2396423625 0.4564659046875 0.229746184375 0.4015919296875 0.23634813124999998 0.3516835984375 0.213863571875 0.34652990781250004 0.21537337812500001 0.2851527375 0.245196440625 0.24620032187500002 0.311582659375 0.2511242375 0.37375942812499996 0.2635665546875 0.493101090625 0.2790019640625 0.5075267 0.272005984375 0.53799749375 0.2767581796875 0.547658021875 0.3785735125 0.4957250875 0.4226760625 0.45438366874999997
1 0.258474809375 0.43599734375 0.25306796249999997 0.40651301562500003 0.247896925 0.399513059375 0.21010626875 0.4114839625 0.2009427015625 0.4273830625 0.19825630625 0.49578327812499995 0.21118905156249998 0.582556259375 0.166476221875 0.679955865625 0.1669556359375 0.72770579375 0.1761211734375 0.7650488531249999 0.193903334375 0.739248709375 0.3466219234375 0.660741584375 0.34659838125000003 0.660444309375 0.3218492125 0.593823115625 0.28263115625 0.576752571875 0.2610817890625 0.55312279375 0.2566167453125 0.535995946875 0.2616576453125 0.49848943125 0.258474809375 0.43599734375
1 0.7144580375 0.23011831875 0.6943711125 0.23600291874999998 0.6683446953125001 0.290197384375 0.66468340625 0.31968548750000003 0.6818181921875001 0.36833945625000003 0.6839166171875 0.40876931875 0.6751284890625 0.42555161249999995 0.6354904 0.44347841875 0.6024530718750001 0.48157243125000004 0.5972696640625 0.509711578125 0.598891675 0.530193521875 0.6015230859375 0.54972635 0.6163429 0.5816934781249999 0.63601758125 0.588558759375 0.6655379828125 0.564124165625 0.6822731921875 0.5213341375 0.698439325 0.5071263218750001 0.733994140625 0.58723956875 0.754299903125 0.580807334375 0.7732009093750001 0.5738309562499999 0.772611203125 0.56638444375 0.7613244484374999 0.54395605625 0.7307580609375 0.24349745937499997 0.720712553125 0.229075334375 0.7144580375 0.23011831875
1 0.7273190734375 0.6192534375000001 0.7263824578125 0.581435403125 0.7077975765625 0.57231280625 0.688822721875 0.5224496281250001 0.6758565171875001 0.52655691875 0.674858953125 0.530602575 0.67868418125 0.578905665625 0.6817928156249999 0.597695625 0.7009130015625 0.633652721875 0.7188292546875 0.6366592125 0.7273190734375 0.6192534375000001
1 0.615724884375 0.48849970000000004 0.5998749812499999 0.4875379625 0.5902734093750001 0.48933065 0.5883491937499999 0.5390950625 0.5774464874999999 0.58818320625 0.5803656140625 0.63155386875 0.58603525625 0.65715839375 0.59455478125 0.64302039375 0.6090427765624999 0.6521319 0.64253475 0.641522684375 0.6382544125 0.6238824000000001 0.6459399 0.597352778125 0.6454814875 0.579143296875 0.6433264375000001 0.551930390625 0.638026340625 0.5266831062499999 0.615724884375 0.48849970000000004
1 0.430529675 0.549714890625 0.44259459375 0.55990496875 0.43096880625 0.5719817375 0.43803830781249997 0.64080215625 0.5038582218750001 0.647330775 0.5457914359375 0.60124614375 0.553507990625 0.581189003125 0.5493365140625001 0.5354320375 0.5297644234375001 0.512695753125 0.5073166812500001 0.51076648125 0.49300897343749994 0.475975221875 0.4854832 0.4761228875 0.46661246562500003 0.48210055 0.4534029015625 0.49523624687499995 0.4225745703125 0.496050384375 0.4206369890625 0.49666414999999997 0.42108265625 0.5022918125 0.43369786406250005 0.5321167250000001 0.430529675 0.549714890625
1 0.1802780640625 0.6577577031249999 0.181125765625 0.668462075 0.1851006828125 0.70178780625 0.1976773765625 0.719951575 0.19606565468749998 0.7774132812500001 0.20326089375 0.780670971875 0.20711905156250002 0.7794488281249999 0.22693091562499998 0.767636128125 0.21988115000000003 0.6433111312500001 0.2047646 0.618833015625 0.2027475296875 0.619471959375 0.1850538484375 0.633777640625 0.1802780640625 0.6577577031249999
1 0.13490275937500001 0.685815390625 0.11796298593750001 0.74401613125 0.132056215625 0.79327773125 0.1355684578125 0.79262196875 0.171562365625 0.7812202187499999 0.1881281890625 0.756885190625 0.18497276093749998 0.7170400156250001 0.1839781125 0.709675396875 0.1610199390625 0.677007821875 0.15031011249999998 0.679007434375 0.13490275937500001 0.685815390625
1 0.8318187203124999 0 0.8228470140624999 0.031066215624999997 0.8229153124999999 0.0382642375 0.80159256875 0.018459984375 0.7724025515624999 0.034265331249999996 0.7584135187500001 0.06568479687499999 0.7714754109374999 0.0767894375 0.76621409375 0.08061839062500001 0.7691766515625 0.090505059375 0.7443083296874999 0.094707715625 0.7133120359375 0.126992228125 0.703072128125 0.15204522812500001 0.6952170093750001 0.2031535 0.6988310546875 0.28760124375 0.7195751234375 0.33132851875 0.74558666875 0.34574744687500003 0.7714138328125 0.331583384375 0.832263196875 0.248392771875 0.874021746875 0.40420120624999994 0.900322175 0.41053583437499996 0.909689271875 0.43521513125 0.9414980999999999 0.42169278125 0.9081033125 0 0.8318187203124999 0
1 0.9075974062500001 0.528155184375 0.92842615 0.49697784062499994 0.9283861078125 0.495838046875 0.923568615625 0.43500515625 0.9099548390625 0.423926275 0.8589965640624999 0.44006826875 0.8560368296875 0.48029815 0.8682166890625 0.525402346875 0.8906637906249999 0.50781174375 0.9075974062500001 0.528155184375
1 0.9356889859375 0.4953332875 0.9381978015625 0.51681516875 0.95351139375 0.530359146875 0.9780133937500001 0.522597675 0.9832689953125 0.509673728125 0.9822128546875 0.4963373125 0.9756780062500001 0.456823440625 0.9689854421874999 0.458387934375 0.9492842375 0.46535788437500003 0.9356889859375 0.4953332875
1 0.8283553515625 0.5777780625 0.8297634890625 0.57724761875 0.8485547453125 0.551867240625 0.8493675078124999 0.51336615625 0.83599321875 0.461111859375 0.8205512374999999 0.44275469375 0.8145050828124999 0.444669925 0.8027624343750001 0.45612385624999996 0.794833453125 0.479799609375 0.793207828125 0.506845728125 0.794924471875 0.5285226375 0.8005723734375 0.550844690625 0.8283553515625 0.5777780625
0 0.22923610781249998 0.312233890625 0.274503390625 0.28548405312499997 0.27581356874999996 0.2736910625 0.255429815625 0.226273384375 0.150204075 0.25960562187499997 0.11684737187500001 0.27629119687500003 0.1193853578125 0.308339615625 0.138918965625 0.3768399 0.15503600312500002 0.37919883125 0.2094059546875 0.356360284375 0.22923610781249998 0.312233890625
0 0.640135903125 0 0.6378714796875 0.0007172999999999999 0.646421840625 0.267340353125 0.6944471 0.28809284062499996 0.70474456875 0.24995007187499999 0.7047365828125 0.24866070625 0.685044590625 0 0.640135903125 0
0 0.5089097406249999 0.39276720625 0.504050884375 0.331411978125 0.4725682875 0.3332785 0.4581233171875 0.33665525 0.45022400781250005 0.35812645625 0.45266817187499997 0.40936407187499996 0.47443827031249997 0.40368669375 0.5089097406249999 0.39276720625
0 0.125134159375 0.51736166875 0.154480296875 0.5176952375 0.15745377968750002 0.51675333125 0.15891478125 0.507851296875 0.15864331250000002 0.504423325 0.1427763078125 0.450170090625 0.131772828125 0.4394615125 0.1190000234375 0.44350753750000005 0.125134159375 0.51736166875
0 0.48032457500000003 0 0.3124481765625 0.05317801875 0.3046310234375 0.060400178125 0.31656370312500004 0.11138178125 0.4972624859375 0.034776575 0.5008495140625 0.011316824999999999 0.49995330937500004 0 0.48032457500000003 0