1 0.44989901562499995 0.943232175 0.47162914218749996 0.96571596875 0.48994824687499994 0.94814886875 0.46577843124999996 0.9249387562500001 0.485189971875 0.87366603125 0.4901122359375 0.8290896906249999 0.52449493125 0.823311234375 0.5330552843749999 0.8028388625 0.5169563703125 0.772022459375 0.4843750578125 0.7803390218749999 0.472105975 0.73865190625 0.464524525 0.7333921125 0.43349541406250003 0.73305146875 0.398933653125 0.743999559375 0.412347496875 0.762899340625 0.40562385 0.8049375781249999 0.368985640625 0.84007176875 0.3794104515625 0.925249759375 0.4473533640625 0.885422575 0.44989901562499995 0.943232175
1 0.20855735625 0.19582148125 0.20155236250000003 0.169381196875 0.1797533921875 0.1371354 0.1372679140625 0.13437849375 0.1259587015625 0.13635735 0.098369396875 0.184300215625 0.092634546875 0.266830909375 0.1050970671875 0.38694109375 0.1207723015625 0.43436888749999997 0.125924096875 0.489909365625 0.1051944296875 0.523325384375 0.052541403125 0.53880979375 0.0424170140625 0.553123984375 0.0126681046875 0.69159503125 0.0117421625 0.7262493375 0.016622753125 0.72853100625 0.020700303125 0.7277621125 0.245054840625 0.656693578125 0.2310695359375 0.48009409999999997 0.2107460078125 0.459389140625 0.20343528437499997 0.3948194375 0.2057220546875 0.356791353125 0.2166087015625 0.3298011375 0.21705171406249998 0.303084028125 0.20855735625 0.19582148125
1 0.4083273 0.09220717187500001 0.380293840625 0.0981000375 0.3170004015625 0.11689619375 0.3098638234375 0.146637528125 0.29439259375 0.13106226875 0.289557409375 0.13992343437500002 0.3168266546875 0.34443098125 0.3381641765625 0.43408286562500004 0.35727776875 0.555581309375 0.38108365 0.616473159375 0.392089253125 0.62593741875 0.4337872359375 0.61272879375 0.447351003125 0.5743020375000001 0.45204329374999996 0.51369544375 0.448156503125 0.404685734375 0.459252084375 0.305078228125 0.44251735156249994 0.17366600625 0.4083273 0.09220717187500001
1 0.31289341406250004 0.6163892343749999 0.32823450625 0.607784459375 0.3348588375 0.592108853125 0.3285494140625 0.512436584375 0.32484963125 0.501540534375 0.2912944421875 0.490926309375 0.24654331875 0.510268021875 0.20422358749999997 0.41306461875 0.18345170156249999 0.410717778125 0.1792505609375 0.4113544625 0.160744615625 0.425933715625 0.1711614515625 0.46360389687500003 0.1896442921875 0.775492428125 0.190661415625 0.775170234375 0.22617509375 0.731578521875 0.2398776953125 0.6541440625 0.2544723078125 0.612683371875 0.26356053749999997 0.605026225 0.2814835703125 0.6180095156250001 0.31289341406250004 0.6163892343749999
1 0.72652961875 0.41900140625000004 0.702510625 0.44878875625000003 0.6819558203125 0.44974029375 0.6729495437499999 0.431198246875 0.6618444343750001 0.35208465 0.6407587625 0.284334490625 0.6250216875 0.271037671875 0.6196766328125001 0.27209840625 0.6058896234375 0.277180153125 0.5902832203124999 0.30373421562499997 0.5877409671875 0.341769846875 0.601674703125 0.40155653750000003 0.624359753125 0.437713371875 0.63241268125 0.47051877812500004 0.594305203125 0.532207096875 0.5978914875 0.5774929125 0.6025194734375 0.6162308375000001 0.6032603984375 0.615996134375 0.6166806421875 0.59092556875 0.768700959375 0.554501728125 0.7755769906250001 0.5359354062499999 0.7722174984375 0.48656061250000004 0.7417763609375 0.428486040625 0.72652961875 0.41900140625000004
1 0.7068264953125001 0.5946779125 0.732266084375 0.560305259375 0.729921646875 0.5345891125 0.7255603796875 0.529796003125 0.7033282578125 0.536838446875 0.69404968125 0.541589965625 0.6758405468750001 0.5769185968749999 0.6742860609375 0.61210405 0.683065809375 0.63005426875 0.7021797953125 0.63076925 0.7068264953125001 0.5946779125
1 0.5786727890625001 0.5410712125 0.578771953125 0.57906246875 0.5848905906249999 0.611762084375 0.6059709765625 0.64710750625 0.630867946875 0.6446651937500001 0.634001965625 0.591273909375 0.64323851875 0.550820196875 0.6372737203125001 0.475499678125 0.6360301296875 0.475893609375 0.6301982640625 0.486458746875 0.6194916375 0.481132490625 0.5931474765625 0.4894775 0.5829175875 0.495210334375 0.5868146609375 0.51284913125 0.5786727890625001 0.5410712125
1 0.47409198437500005 0.479731271875 0.47001680312499994 0.48102216249999996 0.429497709375 0.517982496875 0.42212502812499997 0.535430796875 0.425835803125 0.582288615625 0.44562448593750004 0.6077926406249999 0.4683515625 0.6132492218750001 0.48279893749999997 0.6498041406249999 0.5037024031249999 0.652674434375 0.5229237765625 0.637093840625 0.557087715625 0.6415592250000001 0.5568145859375 0.638110278125 0.542918125 0.603866646875 0.546146171875 0.587024334375 0.5339415875 0.5750706 0.54572699375 0.56500944375 0.5386475171875 0.49606304687499997 0.47409198437500005 0.479731271875
1 0.17897606093750001 0.6413166593749999 0.1840531921875 0.7054281437500001 0.19563618124999999 0.72177706875 0.1959222578125 0.778048159375 0.2018720375 0.7811109187499999 0.2160379515625 0.776623596875 0.2270152078125 0.7711461500000001 0.2156696890625 0.64847664375 0.199460259375 0.623125090625 0.197428309375 0.62357614375 0.1798958609375 0.636074665625 0.17897606093750001 0.6413166593749999
1 0.1161724140625 0.747202153125 0.131957853125 0.79151210625 0.1673874859375 0.7794423312500001 0.1871810390625 0.74492504375 0.1866704640625 0.738477765625 0.1794208890625 0.700817421875 0.1573970453125 0.674968978125 0.1317347125 0.6830980062500001 0.12921133906249999 0.684623615625 0.11581928906250001 0.742743078125 0.1161724140625 0.747202153125
1 0.7063535015625 0 0.7006303765624999 0.031448912499999995 0.7054298593749999 0.0839370375 0.741518803125 0.20937364687499999 0.660385453125 0.28787735312499996 0.654947359375 0.340588353125 0.6418568484375 0.35856358125 0.645858121875 0.423739128125 0.6566692578125 0.42189647187499996 0.9865398125 0.317403746875 0.9820142734375 0.299043746875 0.9688825812499999 0.277814465625 0.9295286890625001 0.253331134375 0.8864464156249999 0.245184871875 0.8504398296875 0.198157278125 0.8468534625 0.19803852187499998 0.8585587265625 0.15582588749999998 0.8532352781249999 0.09651071875 0.838823178125 0.067235690625 0.832163640625 0.093130871875 0.830716584375 0.08240479375000001 0.8255411468749999 0.08801578437499999 0.8256132671874999 0.037812171875 0.8176604765625 0 0.7063535015625 0
1 0.8576617687500001 0.479589775 0.868867815625 0.527326228125 0.8919078890625001 0.515357259375 0.9077113171875 0.538539278125 0.9100875640625 0.537786559375 0.92984691875 0.51428445 0.9246678312500001 0.44888549375000003 0.904227634375 0.427132878125 0.8947102328125001 0.428755290625 0.8617174171875 0.43920638749999996 0.8576617687500001 0.479589775
1 0.9535766859375 0.52915198125 0.9767256312500001 0.5218191156249999 0.9829139124999999 0.505189915625 0.982395915625 0.49864891875 0.9738960578125001 0.45429494375 0.9639215859375 0.45745454375000005 0.9476547328124999 0.46458484687499996 0.9347660624999999 0.49556118437499996 0.9377688875000001 0.51675765625 0.9535766859375 0.52915198125
1 0.8207332234375 0.460621240625 0.7955963625 0.479829303125 0.7868728109375 0.5067559375 0.7880561546875 0.5216986125 0.79368321875 0.544079525 0.8059400296874999 0.56220074375 0.8212958125 0.569076975 0.8341540203125 0.5650038937499999 0.8421535062500001 0.55898203125 0.8551095375 0.50890833125 0.8545131390625 0.50329666875 0.8417564000000001 0.46551668749999997 0.8236978984375 0.460102490625 0.8207332234375 0.460621240625
0 0.23399251250000003 0.416683275 0.2356052140625 0.4022142125 0.22830046093749998 0.335395746875 0.2053506046875 0.1472183125 0.1881814125 0.152656978125 0.1572081578125 0.186654646875 0.1692432375 0.33862765 0.1866146078125 0.370481821875 0.1997277015625 0.461209790625 0.20562561562499998 0.464023021875 0.23399251250000003 0.416683275
0 0.59711009375 0.113827325 0.5941188953125 0.23012109062500002 0.7100823796875 0.196155925 0.726362215625 0.19099898125 0.7398003796875 0.09213640625 0.7396715 0.090508978125 0.721994134375 0.0725949875 0.7021228125000001 0.07628194375 0.6567090703125 0.090126428125 0.59711009375 0.113827325
0 0.46303289062499997 0.4011900875 0.4751456015625 0.41756315937500005 0.4992092828125 0.41010954687499995 0.49077403437499995 0.303593428125 0.46094344062500003 0.31304283125 0.46303289062499997 0.4011900875
0 0.1411633953125 0.442814778125 0.12388999687499999 0.47009815625 0.1182360375 0.498584834375 0.1214689171875 0.519431621875 0.1575051375 0.49504511874999996 0.15644892187499998 0.4379728 0.1411633953125 0.442814778125
0 0.4803245734375 0 0.3368196484375 0.04545789375 0.30838784375 0.0599529875 0.305606171875 0.082885809375 0.3067231078125 0.096989915625 0.3088850734375 0.11430194062500001 0.492616403125 0.027211690625 0.50131736875 0.018271062499999997 0.4963192421875 0 0.4803245734375 0