1 0.6623537500000001 0.8521823749999999 0.6725263125 0.8225788218750001 0.671909703125 0.8084830593750001 0.6653133953125 0.798373075 0.6310700140625001 0.8102372624999999 0.6223814812499999 0.769308534375 0.5988935984375 0.729227509375 0.6206052453125 0.694314596875 0.6114834203124999 0.69066770625 0.5971977859375001 0.69316736875 0.5817263046875001 0.719482896875 0.5842310515625 0.77710533125 0.514104859375 0.772869884375 0.5112455375 0.8611679375 0.55024304375 0.876759071875 0.5604798015625 0.914298209375 0.54809399375 0.9414149374999999 0.562902465625 0.9437025718750001 0.6142401765625001 0.9165002718749999 0.6212254359375 0.90751779375 0.62965859375 0.860656971875 0.6623537500000001 0.8521823749999999
1 0.7869650359375 0 0.776714425 0.02219515625 0.7647019625 0.09148794375 0.7730142484375 0.186456528125 0.7855554453125 0.2080424 0.7904224828124999 0.244340821875 0.787706525 0.31102053125 0.7661787734375001 0.34532143125000003 0.7672446546875 0.52852473125 0.989303815625 0.489669415625 0.9966958578125 0.48769282187499996 1 0.48452408125 1 0.469750134375 0.9980264875 0.44965235000000003 0.9592908953125001 0.32713817500000003 0.9483720453125001 0.317651778125 0.89565539375 0.32619171874999997 0.8730156359375 0.30273605937500003 0.8742368734375001 0.24589310625 0.886340496875 0.19226905625 0.8902776921875001 0.06874639375 0.8803552390625 0 0.7869650359375 0
1 0.455535596875 0.20064615625 0.45598637656249996 0.21095103750000002 0.46544168125 0.23201822187499999 0.45752030781249997 0.246016878125 0.4659665265625 0.4390983125 0.5078587703124999 0.47666633437500006 0.5922381375 0.461901859375 0.6249354015625 0.426116678125 0.6785127984375 0.402857325 0.706566321875 0.3766983875 0.7245557765624999 0.332613353125 0.7209163359375 0.2641097375 0.7101444781249999 0.236896678125 0.6747422140625 0.20813225625 0.611286428125 0.20552677187500001 0.5626329046875 0.189642215625 0.4608343625 0.1945384375 0.4568460640625 0.19556498125 0.455535596875 0.20064615625
1 0.7207342859375 0.339173621875 0.7266451765624999 0.400859840625 0.7368193062499999 0.43349465625 0.7350143203124999 0.45266860624999994 0.7178537390625 0.488837284375 0.6829107718749999 0.529895825 0.66934278125 0.606381534375 0.6694728984375 0.60935604375 0.8256972453125 0.5880027125 0.8463419296874999 0.6014153875 0.8497341453124999 0.559968646875 0.843356275 0.514067075 0.7867899781250001 0.449280659375 0.7866980906250001 0.358252565625 0.7743463968750001 0.29462940625 0.7539740328125 0.277241525 0.746039646875 0.278722934375 0.729027278125 0.2889631375 0.7216682453125001 0.30760433125 0.7207342859375 0.339173621875
1 0.3173716734375 0.517015346875 0.3116377859375 0.5391485375 0.29168589843750004 0.5479138031249999 0.263821509375 0.53048874375 0.2506389015625 0.546822746875 0.231989584375 0.61208545625 0.2336965171875 0.651106096875 0.23512694843749998 0.6664189875 0.244696696875 0.68109345 0.3969206625 0.644620390625 0.41384846875000003 0.662510603125 0.41457838437500005 0.662382884375 0.41102349218749995 0.579091846875 0.362660728125 0.5358569656250001 0.365213071875 0.500410853125 0.3813291 0.45483793749999996 0.3852654484375 0.390588425 0.37678133593749996 0.35508730625 0.3575340109375 0.336818725 0.34344635156250003 0.33841064374999996 0.33812903437499997 0.33990524375 0.32507895468750003 0.36014843750000003 0.3155165484375 0.43545079375 0.3173716734375 0.517015346875
1 0.303727809375 0.620610153125 0.2906960796875 0.66332933125 0.2901529546875 0.722624121875 0.2962442515625 0.73637808125 0.3021481015625 0.736883115625 0.3082032671875 0.7366012468750001 0.31955204375 0.677583309375 0.33608923125 0.66121625625 0.3313244984375 0.624004684375 0.32228098125 0.612657159375 0.3147168296875 0.613980715625 0.303727809375 0.620610153125
1 0.3980096046875 0.686648259375 0.42118194375 0.6540874375 0.4464580859375 0.638529709375 0.445854259375 0.62472615625 0.44338496406249994 0.5887675156250001 0.4221542734375 0.55351706875 0.40641687031249996 0.547828203125 0.40032346875 0.548965890625 0.386335284375 0.553930459375 0.3739985828125 0.5750567249999999 0.364627546875 0.570532071875 0.3618806671875 0.6337879562500001 0.369073034375 0.6653851656249999 0.36295938125 0.6853495406250001 0.37622893749999997 0.690714884375 0.3980096046875 0.686648259375
1 0.46189439062500004 0.57010481875 0.47468900156249993 0.575748121875 0.4644129375 0.5918237125 0.46978968437499996 0.6071706625 0.46087863437500004 0.6454867656250001 0.4610392671875 0.6491588187499999 0.4936437984375 0.632575546875 0.51440099375 0.64096763125 0.5343411062500001 0.6306810656249999 0.543527721875 0.5897006031250001 0.564896934375 0.576228065625 0.5814677671874999 0.54270248125 0.5795612359375 0.4991189625 0.5686379140625 0.482470490625 0.5344987828125001 0.4657310625 0.504686340625 0.47094756249999997 0.45961296249999994 0.500023446875 0.46189439062500004 0.57010481875
1 0.8238373156250001 0.6284150937499999 0.828563871875 0.6229758375000001 0.8207397296875 0.56875744375 0.8309327234375001 0.54347985 0.83097596875 0.536520940625 0.8290907187500001 0.49342395312500004 0.823563984375 0.478092815625 0.8048785765625001 0.47534975 0.8028565796875 0.47599025937499995 0.7908935890625 0.5089156375 0.7976232421875 0.632776865625 0.7993877265625 0.63269321875 0.8238373156250001 0.6284150937499999
1 0.8766412546875 0.499971996875 0.8468057218749999 0.5051925374999999 0.8314174781249999 0.5372889187500001 0.831337625 0.544788459375 0.8330845296874999 0.58472286875 0.856478190625 0.6079911874999999 0.892388315625 0.60422724375 0.900205303125 0.551921571875 0.8766412546875 0.499971996875
1 0 0.5436609406249999 0.00012758593750000001 0.546577584375 0.0045684093750000005 0.5584568625 0.349227203125 0.49658091875 0.3442726859375 0.43157217187499997 0.3290840515625 0.418545153125 0.31663016875 0.368964840625 0.2269614109375 0.32034763125 0.2450703546875 0.185427621875 0.24261610781249998 0.13252913125000002 0.2263888046875 0.08517755 0.197992471875 0.0540714875 0.15620143749999998 0.064520909375 0.13450463125 0.09027591562500001 0.12615649843750001 0.115263678125 0.121771690625 0.181906596875 0.12865966874999998 0.23089235000000002 0.122857834375 0.22720213125000002 0.12290531093749998 0.23817310625000002 0.112903625 0.21519325937499997 0.1028447015625 0.24875015937499997 0.1057158359375 0.30849443125 0.122847 0.34566134375 0.11937071562499998 0.34701590625 0.090693878125 0.40536163125 0.049846559375 0.42819366875 0.014848554687500001 0.465686896875 0.0049438671875 0.490947021875 0 0.5412903499999999 0 0.5436609406249999
1 0.0928217875 0.70392025 0.11013605625 0.7491299 0.139616796875 0.740140971875 0.1478915890625 0.697496278125 0.1475829515625 0.6904407906250001 0.1341691359375 0.6643304875 0.1363238265625 0.61682640625 0.1147875703125 0.605046684375 0.1066311265625 0.606473878125 0.089547371875 0.6198324000000001 0.0928217875 0.70392025
1 0.0668629828125 0.6789159625 0.051809003124999996 0.672531371875 0.0357693421875 0.6753379500000001 0.035580809375 0.675790228125 0.038086054687499996 0.7330604187499999 0.047722225 0.7583349562499999 0.0589535796875 0.76117058125 0.0697712109375 0.731497315625 0.0668629828125 0.6789159625
1 0.1924560296875 0.7357555687499999 0.21496174531249998 0.6953420312499999 0.217477115625 0.67473778125 0.21602655624999997 0.6415778375000001 0.2127820140625 0.623701703125 0.2025227953125 0.605937575 0.18680831874999998 0.60134953125 0.18495319375 0.60182701875 0.1708775359375 0.63134825 0.16361455625000002 0.6897230750000001 0.168595603125 0.7261112875 0.1863467640625 0.7368245499999999 0.1924560296875 0.7357555687499999
0 0.831045190625 0.2143621625 0.846761565625 0.1444189125 0.8466085203124999 0.14092027499999998 0.8443879750000001 0.132676640625 0.7977647875 0.141691853125 0.77327250625 0.115036684375 0.7184401953124999 0.134638015625 0.7033320515625 0.14906943749999998 0.6924857234374999 0.23466698749999998 0.6930834109374999 0.24349225312499997 0.8265682453125001 0.220135434375 0.831045190625 0.2143621625
0 0.30986414375 0.08298377500000001 0.3087141015625 0.083348075 0.263847825 0.13932953125 0.273668115625 0.398440784375 0.286769565625 0.396148328125 0.32959085625 0.36439090625000004 0.328417575 0.270709271875 0.3213512703125 0.10917280625 0.30986414375 0.08298377500000001
0 0.5325088890624999 0.33808533125 0.5227729953125 0.321324946875 0.5083708046875001 0.32554416875 0.47749174375000003 0.340081921875 0.4771980734375 0.372332590625 0.47720063437500004 0.3732130125 0.47838393593750006 0.40026339999999994 0.5215481125 0.392710646875 0.534982309375 0.389137940625 0.5325088890624999 0.33808533125
0 0.86311314375 0.257658025 0.845931221875 0.260664471875 0.8307683953125 0.266005171875 0.8317631249999999 0.339383309375 0.83182960625 0.34090305625 0.8428851953125 0.342856153125 0.8545136234375 0.326013109375 0.8652896203125 0.26551165 0.86311314375 0.257658025
0 0.52406275625 0 0.5309625765625 0.168002478125 0.53260609375 0.20557345625 0.5603446125 0.21652754375 0.560544915625 0.21649249375 0.5619411109375 0.19742656875 0.5521462125000001 0 0.52406275625 0