0 0.042799840625 0 0.035088125 0.06705639 0.0452837984375 0.0681971125 0.052200754687499996 0.064246225 0.091887184375 0.0138592175 0.10310065937499999 0.01247569 0.1036459 0 0.042799840625 0
0 0.6018821609375 0.6417163175 0.602103396875 0.64174107 0.61517615 0.63261148 0.6178250281250001 0.6178566375 0.6386330906250001 0.35452302 0.6537190921875 0.3523132175 0.7007206109374999 0.38716941499999996 0.7010214828125 0.380285115 0.6751174062499999 0.32821097250000003 0.710674246875 0.0225624675 0.6461603609375 0.015947687500000002 0.60300604375 0.6160006625 0.6018821609375 0.6417163175
1 0.7284016171875 0.1994078875 0.7102167890625 0.22332930999999998 0.6830043546875 0.2958257425 0.6811030859375 0.4075694525 0.6643376234375 0.4227760275 0.6580005265625 0.4452356725 0.6097164078125 0.5168832075 0.5896341734375 0.53463394 0.5719273859375 0.5734409075 0.5387262796875001 0.6100539349999999 0.5128183546875 0.6539784025000001 0.5095951624999999 0.73664738 0.56521725625 0.7428705425 0.584860803125 0.6749788 0.6198110906250001 0.6358507999999999 0.6588378890625 0.57306404 0.6707189828125 0.560430805 0.678375346875 0.5627706675 0.686209440625 0.680539145 0.6325147953125 0.6976744600000001 0.6226459640625001 0.7363355025 0.6234402375 0.7493846974999999 0.7086725656249999 0.7589207375 0.7143740953125 0.7557281924999999 0.881628290625 0.737719865 0.8950262703125 0.70783148 0.9032023265625 0.5207545775 0.8999543109375001 0.4332838325 0.89251290625 0.4172867275 0.8584224578124999 0.40178577 0.8603051109375001 0.35458498499999996 0.8213341578125 0.22374296999999999 0.7904484921875 0.18770249 0.7464952625 0.188520795 0.7284016171875 0.1994078875
1 0.07143019843750001 0.7012906025 0.066463709375 0.74325123 0.07866098906249999 0.7687957175 0.1112446109375 0.7758660025 0.1241349203125 0.76763374 0.22721013124999997 0.7745349 0.2767004703125 0.7889901525 0.29002675624999996 0.77078225 0.3072604546875 0.7706854900000001 0.3464290953125 0.8062783975000001 0.41832941718749994 0.82763439 0.43654406718749994 0.8050924374999999 0.45200489531250004 0.5588491025 0.449156559375 0.4806662 0.43298193593749995 0.420691195 0.451048528125 0.4194564375 0.4540921796875 0.40357290749999997 0.42720713750000006 0.3019519625 0.42102723124999997 0.2283210325 0.4150180546875 0.2224615225 0.402719975 0.1454649925 0.3728221515625 0.0948602425 0.3555705703125 0.08537016250000001 0.3304674109375 0.0825615475 0.3183344546875 0.087232955 0.26329359218750004 0.14602116499999998 0.23847753593749998 0.2479324 0.21196482656249999 0.316986955 0.20544154531249997 0.35872965749999997 0.1788979671875 0.39265155 0.15795845625 0.4775412575 0.11746549218749999 0.5797671725 0.10594485468749999 0.62833784 0.10720553125000001 0.6711701575 0.0891389390625 0.672404915 0.07143019843750001 0.7012906025
1 0.47654584531250005 0.46027174000000004 0.446500003125 0.43545720000000004 0.43080310156249996 0.433093895 0.4230633765625 0.41622734 0.3986636828125 0.416454465 0.36106000781250003 0.43248838749999996 0.356488546875 0.45067103750000004 0.348247675 0.6392309825 0.35244546250000003 0.6483788850000001 0.3594523609375 0.7160680575 0.38240252343750003 0.8087030475 0.3977336796875 0.8268822874999999 0.46747431562499997 0.8346850725 0.46808888125000003 0.8342543675 0.49813805312500004 0.7875503424999999 0.5046829296875 0.7410651075 0.5593620406250001 0.725499595 0.59254511875 0.6787663975 0.5939478312500001 0.6636968075 0.5697318250000001 0.5986772475 0.5490877000000001 0.57377519 0.5407328390624999 0.52617394 0.515442603125 0.5063339775 0.5015075984374999 0.4500016925 0.47654584531250005 0.46027174000000004
1 0.7281939734375 1 0.7658248109375 0.91756096 0.766043340625 0.8875121525 0.7576238109375 0.8694776675 0.7279471359375 0.8884450875000001 0.71569226875 0.863351325 0.6815770859375 0.851311 0.6792945984375 0.8333230924999999 0.6542207624999999 0.83051776 0.6521735734375 0.8327174100000001 0.6505027265625001 0.8301017749999999 0.6095125015625 0.82551567 0.6063306828125 0.8983190725 0.61780565 0.9623167100000001 0.646332828125 0.9945228475000001 0.6475871296875 1 0.7281939734375 1
1 0 0.915829715 0.0085722921875 0.9286958599999999 0.0141264140625 0.92931727 0.037328290624999996 0.915487245 0.0506469765625 0.8711673725 0.07507039843749999 0.86126598 0.063571015625 0.8055452124999999 0.065026459375 0.7255127 0.0515933671875 0.711618475 0.047166284375 0.71137112 0.034625932812499996 0.7200587875 0.004983915625 0.7158990375000001 0 0.71825686 0 0.915829715
1 0.8921427984375001 1 0.9006087796875001 0.9964159325 0.9119964375 0.9709967724999999 0.9054625578125 0.9104692074999999 0.9075876875000001 0.86559709 0.920545578125 0.8407018650000001 0.9219256 0.80912549 0.9217039953124999 0.7991033224999999 0.9134123828125 0.7922311875 0.8176134125000001 0.8301226225 0.798209890625 0.8924698375 0.7661588375 0.90759321 0.76226276875 0.9898587625 0.7972133640625 0.996215865 0.7980927203125 1 0.8921427984375001 1
1 0.9717410046875001 0.9537565100000001 0.9813429062499999 0.9548308 0.9813484328125 0.95470436 0.9849078046875 0.8324305175000001 0.9821469640625 0.8321216275000001 0.9292186140625001 0.8387122675 0.90066453125 0.852797845 0.87924630625 0.890309645 0.8372611031250001 0.8827131199999999 0.8349180609375001 0.9363244075 0.9717410046875001 0.9537565100000001
1 0.08871430625 0.92951754 0.0835322671875 0.89029729 0.060994582812499996 0.8748379224999999 0.0495858328125 0.8326482249999999 0.0424525609375 0.8267453374999999 0.0370907484375 0.94942932 0.08114200625 0.9543579025 0.08871430625 0.92951754
1 0.0763277625 0.85010337 0.0987686796875 0.8781146124999999 0.1422517484375 0.8912600974999999 0.174242090625 0.8583874825 0.1852904796875 0.8128246825 0.14578709843749998 0.7741021650000001 0.12497266874999999 0.726340785 0.0975267625 0.57832106 0.068308625 0.4901328425 0.06531980468750001 0.4569856375 0.07624067031250001 0.4464940375 0.076313540625 0.42645335250000005 0.0686183265625 0.40495993249999995 0.0634952640625 0.345906185 0.0307348453125 0.342240855 0.02111335625 0.56239076 0.0337191453125 0.596469665 0.0343456578125 0.63794885 0.035209000000000004 0.61429581 0.043767559375 0.61213619 0.0840340859375 0.6547616075 0.0972443875 0.6559787125 0.09559968125 0.680739025 0.0808084375 0.6867466274999999 0.06591699375 0.7203101725000001 0.06561640156250001 0.8029779975 0.0763277625 0.85010337