0 0 0.15810861750000002 0.037886684375 0.180175475 0.055497076562500004 0.17562691 0.0485854921875 0.061279925000000006 0.026492584375 0.06437253 0.00053756875 0.1073400575 0 0.10742265 0 0.15810861750000002
0 0.9825044406250001 0.14511099 0.9824969296875 0.1449736425 0.9750410984375 0.12417052249999999 0.9655995781250001 0.1221056275 0.7997094734375 0.1273242325 0.79684399375 0.10366538 0.8160260656249999 0.013864449999999999 0.7797343265625 0.0731563225 0.572730746875 0.060253395 0.557358915625 0.073491275 0.5245593171875 0.077522715 0.516245440625 0.05536974 0.3844463921875 0.04397454 0.3825542734375 0.0290359375 0.398389228125 0.012313747500000001 0.3432932625 0.0200261825 0.32553245 0.035447275 0.3273890296875 0.1205120725 0.3447621890625 0.127216605 0.35130269375 0.1757488475 0.3669475515625 0.1750204975 0.375733809375 0.14706252250000001 0.5468634234375 0.16664447 0.9825044406250001 0.14511099
1 0.7044346421875 0.1336301325 0.6877911640625001 0.14905160750000002 0.6725219859375 0.1773350875 0.6537956234375 0.25580717750000004 0.6644720078125 0.36636418 0.64962531875 0.385695315 0.6458909640625 0.409462675 0.6062619875 0.49256999749999997 0.58842596875 0.51526825 0.5753011406249999 0.5580893 0.5466299609374999 0.6027725775 0.5259818359375 0.6527636375 0.5318206062499999 0.731443355 0.5882274578125 0.7235474175000001 0.5994794765625 0.6547420599999999 0.6295953453124999 0.6071274475 0.6610786328125 0.53515136 0.671391353125 0.51962312 0.6792145046875 0.5199397825 0.700180928125 0.63390312 0.649085175 0.6647228325000001 0.643683546875 0.7053649900000001 0.6454925125 0.71553135 0.733520778125 0.7032089874999999 0.7364392125 0.7006484025 0.8995713359374999 0.63948251 0.9099067390625001 0.6050196925 0.9094260828125 0.5870734275 0.9024184749999999 0.4589177075 0.8834656593749999 0.33486607749999997 0.8743204531250001 0.321041735 0.83891636875 0.3146256275 0.8354726484375 0.2676458 0.7822913734375 0.1488903575 0.747744353125 0.1214114575 0.7044346421875 0.1336301325
1 0.48854819687499995 0.56402809 0.476636365625 0.52724819 0.4260323 0.44600022 0.35674979218749997 0.41631996250000003 0.30727121562500004 0.380939065 0.2798443515625 0.37451575 0.2520073484375 0.3358473425 0.19422653125 0.31070189 0.12065512656249999 0.256365685 0.087715334375 0.2427029775 0.0616502796875 0.248636785 0.05863224375 0.2330324825 0.021420260937499998 0.238241485 0.0374744140625 0.53184118 0.048021709375 0.5456915450000001 0.0525829703125 0.5728189175 0.0427113765625 0.6276151974999999 0.049824375 0.7576982925 0.06515084531250001 0.7795617075 0.22093075624999997 0.7812051 0.268365025 0.7695123599999999 0.3010981484375 0.738514565 0.30657822968750004 0.7668484999999999 0.3171610984375 0.77017674 0.372759828125 0.7184748875 0.41651880781250006 0.7019558825 0.41855992343750004 0.691953605 0.462794740625 0.665490615 0.486169025 0.6137480275 0.48854819687499995 0.56402809
1 0.6012611062500001 0.807426815 0.6196270671875 0.70972663 0.6121964671875 0.6705701875 0.6187678453125 0.686013485 0.615322471875 0.62501911 0.5973352671875001 0.5922572975 0.5864508093749999 0.5259646825000001 0.5582687859375 0.43685192 0.523670828125 0.402497685 0.5105457296875 0.403160905 0.49007580468749995 0.4060263225 0.471583096875 0.421840365 0.4444044265625 0.47178685000000004 0.4405859546875 0.518682335 0.3871132859375 0.5407138324999999 0.3589210484375 0.5875746500000001 0.36043944687499996 0.6153432525 0.38413989531250003 0.6677528049999999 0.4061095 0.6899627574999999 0.4171720234375 0.7361686475 0.443468846875 0.75279757 0.46058552031250005 0.8069905125 0.4848134234375 0.7937944475 0.51612710625 0.8147839975 0.53187298125 0.8152354125 0.540866584375 0.83161632 0.550643103125 0.8309664225 0.5618782453125 0.8294990375000001 0.6012611062500001 0.807426815
1 0.80636039375 0.9533316075 0.8126506656249999 0.9398734325 0.8096251562500001 0.8845426875 0.7908267984374999 0.8074898125 0.7605704109375 0.7813130825000001 0.75939526875 0.7773830675000001 0.68000305 0.7884965375 0.645364353125 0.8822804775 0.6467811765625 0.9121967424999999 0.6561752000000001 0.9284013874999999 0.6847954140625 0.9034711675 0.69840578125 0.925908365 0.733148225 0.9308944075 0.7373477796875 0.9533316075 0.7561694015625 0.9533316075 0.7635394703125 0.94335952 0.773540625 0.9558246300000001 0.793205515625 0.95707114 0.80636039375 0.9533316075
1 0.1195383984375 1 0.111374271875 0.8506937625000001 0.08664505156249999 0.8188553525000001 0.0797469921875 0.819820955 0.058548878125 0.835461495 0.0473553125 0.88126521 0.0234578125 0.8940916975000001 0.037561623437500004 0.9482625825 0.0390676921875 1 0.1195383984375 1
1 0.9242339718749999 0.8450311125000001 0.9537858921875 0.8246436625 0.9492575734375001 0.7418293825000001 0.9154367921875 0.7420067375000001 0.9017966734374999 0.702180005 0.8908899312499999 0.69121836 0.886164259375 0.6918798675 0.8514265796875 0.7140811375 0.846371540625 0.7397090300000001 0.812901534375 0.7609973750000001 0.8040082046875 0.7883078225 0.8161954390625 0.8470938474999999 0.818320675 0.891968245 0.8071479828125 0.9207868324999999 0.8092852374999999 0.949369375 0.809867803125 0.95431666 0.84485715 0.9504019499999999 0.9108759453124999 0.9104345625000001 0.9242339718749999 0.8450311125000001
1 1 0.7010404250000001 0.987135615625 0.702841205 0.8687130218749999 0.7317223275000001 0.8747304671875 0.8417698875 0.882144371875 0.850544205 0.923914346875 0.844697165 0.9894459515625 0.8118351199999999 1 0.8021381825 1 0.7010404250000001
1 0.1374639015625 1 0.15377304687499999 0.9852875 0.1570794703125 0.9670974375 0.0661685671875 0.979823315 0.05659282812500001 0.991156 0.0549886265625 0.9955639875 0.0552311890625 1 0.1374639015625 1
1 0.05145895625 0.46568102250000004 0.0444830046875 0.4671835075 0.0220632453125 0.47947469750000005 0.030864346874999997 0.640429975 0.0370911875 0.6951743475000001 0.057074484375 0.7337536649999999 0.060694356250000005 0.774596075 0.059831567187500004 0.7508176875 0.0680991140625 0.7452531925 0.11081835468750001 0.7713679824999999 0.12390894687500001 0.767287245 0.1240828359375 0.7924752825 0.1099592609375 0.80434615 0.0977321984375 0.8435565875000001 0.1034217296875 0.9255752925 0.11737659062500001 0.9679755675 0.141492553125 0.9867456725 0.1440102921875 0.9864937324999999 0.1864034015625 0.980559465 0.21435027343750002 0.93699911 0.22192596406249998 0.8874390200000001 0.1802404453125 0.8648854149999999 0.156295415625 0.8258981 0.11856423437500001 0.69023937 0.083420684375 0.6145644925 0.07807893125000001 0.5829218625 0.0880683625 0.5681575875 0.08668908125 0.548274265 0.07755874375 0.5300603724999999 0.0667028265625 0.46428969999999997 0.05145895625 0.46568102250000004