1 0 0.5327969460093896 0.00666898125 0.6473160845070421 0.1039620546875 0.6345280422535211 0.14218554375 0.600079117370892 0.196461178125 0.5914603403755869 0.2381892640625 0.5665177159624413 0.2355631140625 0.5281471737089202 0.222924403125 0.5000533873239437 0.218802740625 0.4690583169014084 0.2005466140625 0.5175461830985916 0.0920135765625 0.5371377300469483 0.0827670046875 0.5460807417840375 0.023767806250000002 0.5462240892018779 0.033598046874999996 0.5124074507042253 0.021889415625 0.5041658098591549 0 0.5275352159624414 0 0.5327969460093896
1 0.31518774375 0.6123197582159624 0.32029338749999997 0.6457888920187793 0.3359887015625 0.6629641643192488 0.3575867453125 0.655363044600939 0.393933546875 0.6614446455399061 0.4109496609375 0.6733092253521127 0.41975884375000005 0.6730782183098591 0.430389359375 0.6698683028169015 0.44047980937500003 0.6508443755868545 0.5494511265625001 0.6339172699530516 0.537512865625 0.5627104248826291 0.5128571328125 0.5551497840375587 0.50256413125 0.5444342816901409 0.4810422890625 0.5472630774647887 0.442492684375 0.5593399061032863 0.4033407609375 0.5603666103286384 0.36495191718750003 0.5777877065727699 0.32860511406250004 0.5717061056338028 0.314446740625 0.5995953004694835 0.31518774375 0.6123197582159624
1 0.5561045296875 0.7631483286384976 0.56066554375 0.7717413450704226 0.5587862796875 0.809199103286385 0.55911029375 0.8147630305164318 0.6343465671875 0.8711451643192488 0.641933915625 0.870147896713615 0.6426687 0.8697974107981221 0.6422864625 0.8533529577464789 0.6341363796875 0.7717313497652583 0.6440715515625001 0.7283944812206572 0.6430340515624999 0.6837595422535211 0.65211936875 0.6711125328638498 0.6511672484375 0.5628988333333333 0.6402372671875 0.5298113802816902 0.598026040625 0.5248177699530516 0.5960290578125 0.5250802511737089 0.5729080296875 0.5586609014084507 0.5726588328125 0.6151920399061033 0.5795529921875 0.6427818802816901 0.5669233 0.6710741408450704 0.5514891000000001 0.6838925915492957 0.5561045296875 0.7631483286384976
1 0.7516728015624999 0.8085963051643192 0.7494939078125 0.7711805399061034 0.7394226953125 0.7733069882629109 0.7347493218750001 0.7932662981220657 0.7305899734375 0.7905871502347418 0.7315426578124999 0.8022438544600938 0.7400465625 0.810124438967136 0.7516728015624999 0.8085963051643192
1 0.7805087 0.5605023145539906 0.7799819265625 0.5064981995305164 0.7748364046875 0.495022117370892 0.777709684375 0.4478872441314554 0.7169983984375 0.4581199694835681 0.709706715625 0.5125342629107982 0.7107881093749999 0.560636265258216 0.7040974624999999 0.5093047323943662 0.7016408765625 0.5150582159624414 0.707688315625 0.6189042699530516 0.7255005046874999 0.6450231431924882 0.73186985 0.6446889882629109 0.754443440625 0.6358697840375588 0.7645805546875 0.5942268474178404 0.760453384375 0.5686020985915493 0.7805087 0.5605023145539906
1 0.782615640625 0.49168817840375584 0.782615640625 0.5223211784037559 0.7822464265625 0.5255958685446009 0.7870198859374999 0.6075652746478873 0.8154198062500001 0.6119247723004695 0.8240113734375001 0.6125017887323944 0.826354528125 0.6017340985915494 0.8310408375 0.45766672535211267 0.820106115625 0.4230860915492958 0.8294787343750001 0.4012228004694836 0.8294787343750001 0.38001533802816906 0.8117398453125 0.36948280985915494 0.80894624375 0.3698499953051643 0.795112465625 0.3894892018779343 0.7935503625 0.4249442746478873 0.78730195 0.4277378779342723 0.7781103218750001 0.45457103521126757 0.7798828578125 0.4850088708920188 0.782615640625 0.49168817840375584
1 0.8237775468749999 0.4307565328638498 0.8311296390624999 0.44657154225352114 0.8295701 0.5302257370892018 0.8300755593750001 0.5389054342723004 0.839832346875 0.546914896713615 0.8416920625 0.5468661267605633 0.849850209375 0.5425352276995304 0.8430394187499999 0.507425558685446 0.8604479125 0.4175720938967136 0.85400144375 0.4059783873239437 0.8483924046875 0.34731169014084506 0.8320159015625 0.3408975258215962 0.8274742375 0.34149447652582166 0.81932199375 0.3542461807511737 0.819464403125 0.3566916056338028 0.8284705921875 0.37606473004694835 0.8289077812500001 0.4042838802816901 0.8231851484374999 0.4205839178403756 0.8237775468749999 0.4307565328638498
1 0.7460715703125 0.44684885211267605 0.7555231140625 0.44974323474178407 0.7759887703125 0.4304405539906103 0.7697963125 0.40684849530516437 0.7432837109375 0.4072527605633803 0.71353515 0.37877156807511736 0.7105902140625 0.3592734014084507 0.7007736703125 0.36549862441314557 0.7013211828125 0.37490044131455397 0.7123975546875 0.4427355070422535 0.706452409375 0.46301342018779346 0.707122784375 0.4745250258215962 0.709450040625 0.47482661267605636 0.728302921875 0.47234862206572775 0.7460715703125 0.44684885211267605
1 0.6874437765625 0.3790012957746479 0.6855409375 0.36691085211267604 0.6741796953125 0.35299854694835686 0.64690960625 0.36576165962441315 0.6406928609375 0.4147955516431925 0.6305535828125 0.4254578192488263 0.63528395625 0.5025830492957747 0.6569876531250001 0.5564343802816901 0.6659759390625 0.6471656830985916 0.67269819375 0.642809234741784 0.6822352578124999 0.6622016784037559 0.6853526343749999 0.6617919342723004 0.6976944796875 0.6503399835680751 0.686038678125 0.5269699131455399 0.688490375 0.46073744131455396 0.6790218625 0.42186859154929574 0.68809615 0.3902037934272301 0.6874437765625 0.3790012957746479
1 0.4769420703125 0.49885129342723006 0.48763565781249996 0.5098861690140846 0.5069827140625 0.5139620938967137 0.5167508203125 0.513364131455399 0.5244953578125 0.5087987183098591 0.5217395984375 0.49143317136150233 0.5502583296875 0.4861805187793427 0.5518548812499999 0.4477713708920188 0.5506610109375 0.4272703262910798 0.5497889921875 0.4195791244131455 0.528035025 0.4209108145539906 0.490471265625 0.4258481338028169 0.4664620734375 0.4480590539906103 0.4349408921875 0.4476507558685446 0.42935568281250003 0.460851103286385 0.43355099218750004 0.4839732769953052 0.444384475 0.503182234741784 0.4769420703125 0.49885129342723006
1 0.513694115625 0.42824998591549296 0.5191726 0.4280584154929577 0.5334595625 0.40467809859154924 0.55767144375 0.40265809859154933 0.55697178125 0.38625536854460096 0.5464476234375 0.37840977699530515 0.5137766234375001 0.38424568309859153 0.5133768171875001 0.3748726948356807 0.5219358875 0.37340003286384976 0.5140623984375 0.37090689201877935 0.49991160625 0.3727668497652582 0.49542606093749997 0.37667376056338026 0.5109459171874999 0.39138489436619717 0.49163696874999996 0.38332437089201876 0.49225133281250005 0.3938741924882629 0.4983576625 0.4270262042253521 0.513694115625 0.42824998591549296
1 0.41647225781249997 0.45264638028169013 0.4243630625 0.44141874882629106 0.4286124578125 0.37841715023474176 0.42860634375 0.37831216901408454 0.3949107390625 0.38823617136150235 0.4034646765625 0.4161026971830986 0.3994836265625 0.4441883497652582 0.40563456093749994 0.4522521737089202 0.40803250625 0.4527939201877934 0.41647225781249997 0.45264638028169013
1 0.3801288421875 0.7113355915492957 0.3871693625 0.7104101971830986 0.39623361562500004 0.7043349812206572 0.393918790625 0.6387839624413145 0.382908853125 0.6269572323943662 0.3795093234375 0.6017308169014085 0.389972540625 0.5665017136150235 0.3924153125 0.5093804248826291 0.38757570937499997 0.49389232159624413 0.3949127546875 0.45696471830985913 0.381592359375 0.446805103286385 0.3638970734375 0.4611548427230047 0.3537345515625 0.5222646525821597 0.345652915625 0.5429257511737089 0.3465412046875 0.5581793638497653 0.3511004296875 0.5629164014084507 0.3548006546875 0.6140235234741784 0.3660566140625 0.6470253779342723 0.3864723984375 0.6663003967136151 0.37753126406250004 0.6988495633802817 0.3801288421875 0.7113355915492957
1 0.324352875 0.5894053192488263 0.32579958124999997 0.5631301596244132 0.3381758328125 0.5601852511737089 0.34112396875 0.5217660516431925 0.3287112359375 0.5152902159624413 0.32841938125 0.4399242699530516 0.310596596875 0.4359144295774648 0.303539190625 0.4128414882629108 0.2938412078125 0.43429415023474177 0.300925721875 0.5559487887323944 0.30411377812499996 0.5612181948356807 0.3021551421875 0.5770602769953052 0.303446584375 0.5992368075117371 0.3071209546875 0.6007560140845071 0.31881054531249997 0.5992195539906103 0.324352875 0.5894053192488263
1 0.352237684375 0.4891793615023474 0.3523313453125 0.47012362206572766 0.346105690625 0.4610114084507042 0.3007435765625 0.46548272535211266 0.25374236250000004 0.48940526056338024 0.2445383828125 0.5034128873239436 0.2449198546875 0.5099634718309859 0.29231913125000003 0.5037333873239437 0.29637654375 0.49038996713615024 0.30564917187499996 0.488017089201878 0.32146649374999997 0.4887273544600939 0.3251894890625 0.49941296244131456 0.3470383125 0.4965411877934272 0.352237684375 0.4891793615023474
1 1 0.6227915821596244 0.966995984375 0.6271295774647887 0.9893427390625 0.9354109084507043 1 0.9089352582159624 1 0.8473955117370893 0.9844156015625 0.8313228403755869 0.9835988484374999 0.8196482699530516 1 0.8215305046948357 1 0.756670617370892 0.9883206937500001 0.7300610305164319 1 0.7032375915492958 1 0.6227915821596244
0 1 0.8040558544600939 0.9542410515625 0.803902765258216 0.9366254609375 0.7903257535211268 0.9500138093749999 0.7714141572769954 0.86490689375 0.7302644295774647 0.8451309984375 0.6973441572769953 0.83114150625 0.6991829131455399 0.8223357218749999 0.7190900117370892 0.8355402328125001 0.7460149647887323 0.84208934375 0.7876787746478873 0.8353209640625 0.8106524014084506 0.8190391328125 0.8133947746478873 0.82554611875 0.8256915821596245 0.9212118109375 0.8581882887323944 0.923612053125 0.85795720657277 1 0.8079830117370892 1 0.8040558544600939
0 0.7924511265625 0.7944851619718309 0.795402303125 0.9511398732394366 0.7965634015624999 0.951078955399061 0.8046137234374999 0.9465455 0.8035416124999999 0.8784747558685446 0.816743065625 0.7744170798122066 0.8081974921875 0.7560717535211268 0.8106886453125 0.7394966126760563 0.9027832109375 0.6900301197183099 0.77660233125 0.6333035328638498 0.7047837578125 0.6427432488262911 0.678180190625 0.6508654131455399 0.678712140625 0.6600000164319249 0.684703021875 0.6826776384976526 0.7010670515624999 0.7006127816901409 0.7129125046875 0.7434516525821596 0.7924511265625 0.7944851619718309
0 0.9090099625000001 0.6863715563380282 0.9108980375 0.7167563920187794 0.9219280109374999 0.7343777769953053 0.9541462078125 0.7301430680751174 0.9651589312500001 0.5796371079812207 0.9429746343750001 0.4878393215962441 0.9245112750000001 0.5064396596244132 0.9178324890624999 0.5631382112676055 0.8871682249999999 0.5766195375586854 0.887305021875 0.5789686244131456 0.8911929671875001 0.5890812769953051 0.899804840625 0.5887504366197183 0.9006762609375001 0.6027742065727699 0.892499121875 0.6681612159624414 0.8928883984375 0.6748458615023474 0.9090099625000001 0.6863715563380282
0 0.5145309046875 1 0.6349454578125 0.9841729084507042 0.6194895328125 0.5543969319248826 0.563644240625 0.7443569530516433 0.5487335046874999 0.7675242558685446 0.4933364703125 0.9511800469483568 0.4961794828125 1 0.5145309046875 1
0 0.20615097968749999 0.6233435023474179 0.21459985937499998 0.6442483591549295 0.235067565625 0.6597106713615023 0.24949561875 0.6578142699530517 0.25432058281250003 0.6511086713615024 0.32508615 0.6285966291079813 0.33283819062500003 0.6191420352112675 0.332811425 0.6186824295774648 0.2897211046875 0.5925580539906103 0.20615097968749999 0.6233435023474179
0 0.330772675 0.7710391220657278 0.33935115625 0.7702132300469484 0.35554553125 0.7397344436619718 0.35034363125 0.6504078873239436 0.3380593828125 0.5748858568075117 0.3247687875 0.5609049131455399 0.2995534 0.635567352112676 0.30091718749999996 0.6485034788732393 0.32252286875 0.7712464272300469 0.330772675 0.7710391220657278
0 0.5096261953125001 0.6658556502347418 0.5235861374999999 0.6743730962441314 0.5260173109374999 0.6742242723004694 0.5328791109375 0.6620891948356808 0.540723515625 0.4990269366197183 0.5407090140624999 0.49877791549295775 0.531549059375 0.5016748004694837 0.5252588703125001 0.520803896713615 0.50288266875 0.5256881830985916 0.4967695734375 0.5758121995305164 0.49889511875 0.6018196009389671 0.5096261953125001 0.6658556502347418
0 0.2177203875 0.5459250516431925 0.210864028125 0.5170970563380282 0.20527592499999997 0.5162692300469484 0.20872901875 0.5696786525821597 0.209839165625 0.5806205305164319 0.24292206875 0.6011228708920188 0.2640769953125 0.5998278497652583 0.2906919703125 0.5956845352112676 0.28850025 0.5580484929577465 0.2839812390625 0.5325095610328638 0.2830231140625 0.5618159248826291 0.2747367703125 0.5576435492957746 0.2693345546875 0.504398058685446 0.26501117500000004 0.5049663169014085 0.2507915609375 0.5076334037558686 0.2534310875 0.5413991690140845 0.22998763437499997 0.5428342816901408 0.2206689640625 0.5129871103286385 0.2228366328125 0.5421021314553991 0.2177203875 0.5459250516431925
0 0.7042443578124999 0.5390664671361503 0.7045721734375 0.5602975985915493 0.7116936 0.5593615680751174 0.715171990625 0.5050108802816902 0.7150837796875 0.5034961173708921 0.69692761875 0.5014565539906104 0.688465828125 0.5127352535211268 0.6894648875 0.5326949553990611 0.7042443578124999 0.5390664671361503
0 0.5991279890625 0.5054001079812206 0.59920000625 0.5066367863849766 0.60079723125 0.5251811338028168 0.6132074000000001 0.5251787417840376 0.6350493375 0.5223078732394366 0.637010609375 0.5129190962441315 0.6292063640625 0.4965805281690141 0.5991279890625 0.5054001079812206