0 0.5271176359374999 0.7099741525821596 0.5271017312499999 0.7099793755868544 0.5274015484375 0.7525030093896714 0.5191378609374999 0.7955441408450705 0.519686525 0.7997847136150235 0.5219584046875 0.8020721901408451 0.53540701875 0.7981448356807512 0.5392763328125 0.7726148356807512 0.539616375 0.7484906784037559 0.52838566875 0.7473772535211267 0.5271176359374999 0.7099741525821596
0 0.7313896515625 0.6189536220657277 0.7091794359375 0.6254396009389671 0.72690556875 0.6326913333333333 0.74688179375 0.6831107089201878 0.759438309375 0.6800102981220658 0.7595114359374999 0.6579705469483569 0.747664571875 0.6347077676056339 0.7313896515625 0.6189536220657277
0 0.55329533125 0.8157281854460093 0.5622371375 0.8113102253521127 0.593654253125 0.7033775399061032 0.640823403125 0.7091681291079812 0.6462162375 0.6913410023474178 0.6899111078125 0.6883507323943662 0.6896945859375 0.6866772511737089 0.66676035 0.6404153779342724 0.661629521875 0.5941840798122066 0.6550161046875 0.5958210211267605 0.5979052921875 0.6124989061032864 0.6065662046875 0.6933098051643193 0.5925294859375 0.6846726126760563 0.5495769859374999 0.6968789225352113 0.548441690625 0.7906102840375587 0.5496320875 0.7987897183098592 0.55329533125 0.8157281854460093
0 0.738499228125 0.8929432253521127 0.8012798562500001 0.9012368098591549 0.8160323453125 0.8845068474178404 0.8156412234375001 0.8251155469483568 0.8096652484375 0.8137082441314554 0.5960495546875 0.8760897441314554 0.595207940625 0.8790823497652582 0.5954499 0.8809524366197182 0.6031074984375 0.9085272981220657 0.6367928890625 0.9608874553990611 0.645656571875 0.8992109929577464 0.738499228125 0.8929432253521127
0 0.36481355 0.7223086384976526 0.37362211562500003 0.790389220657277 0.40520236093750006 0.7811669436619718 0.4071780609375 0.7803537300469483 0.39302083125 0.6206176267605633 0.36960423750000004 0.6474589201877934 0.37310059375 0.7184291572769953 0.36507424374999997 0.7166169859154929 0.36481355 0.7223086384976526
0 0.41328006093749997 1 0.40427282187499997 0.9528083028169014 0.3845075 0.9338316901408451 0.37623115 0.9073853450704226 0.360851221875 0.8944691549295775 0.3517102140625 0.8634926056338028 0.3446687421875 0.8604321643192488 0.3478192578125 0.8431066854460094 0.33175978125 0.8350881431924883 0.3207043515625 0.7856233333333333 0.3304640109375 0.7690931924882628 0.32589350625 0.7536049178403755 0.330403115625 0.7264841478873239 0.3255238921875 0.705149396713615 0.29741950625 0.7059168568075117 0.30878486875 0.7020285 0.3078630859375 0.6971989906103286 0.28916305625 0.7026598990610329 0.2859305328125 0.7133865868544601 0.30470576875 0.8202138333333333 0.301122925 0.8352742112676057 0.313228125 0.8986970751173708 0.3187253921875 0.9021249577464788 0.317551409375 0.9213480962441314 0.32304867812500004 0.9247759812206573 0.3270208328125 1 0.41328006093749997 1
0 0.507205565625 1 0.50018195625 0.9498725915492957 0.41470478593750004 0.8955146549295774 0.41361656562500004 0.902663455399061 0.41574666562499996 0.9191268028169014 0.4249814109375 0.9457960234741785 0.4389443296875 0.9811161924882629 0.444975165625 0.9785181643192489 0.4476683453125 1 0.507205565625 1
0 0.37851515468749997 0.6797578356807512 0.36967598125 0.6848974201877934 0.39978874062499997 0.7038331924882629 0.40611370156250004 0.7019861338028168 0.407828096875 0.697993075117371 0.40163794218750004 0.6501499460093897 0.3920992484375 0.5832368450704225 0.3851089046875 0.5686222136150234 0.367363065625 0.5945066291079812 0.37851515468749997 0.6797578356807512
0 0.49471225781249994 0.5016774906103286 0.49254184062500006 0.5023310187793427 0.48710066875 0.5057656737089202 0.481983325 0.5540097300469484 0.460624025 0.5700213192488263 0.44505599374999993 0.5687213849765258 0.4462195609375 0.6137133943661972 0.44850219375 0.6265117558685446 0.4776083375 0.6199930187793428 0.479860921875 0.632622899061033 0.499646934375 0.626844852112676 0.5066490078125 0.6244213427230046 0.5067437046875 0.5525417769953052 0.509065465625 0.5338799154929578 0.51514794375 0.5309599178403757 0.514969803125 0.5295830821596245 0.49471225781249994 0.5016774906103286
0 0.5180536499999999 0.762559469483568 0.520628090625 0.7618076643192487 0.5292326921875 0.7554750258215962 0.5315212140625001 0.7140841408450704 0.5247610093749999 0.7113312441314554 0.5146685765625 0.7191585985915493 0.515010846875 0.7390419366197183 0.5180536499999999 0.762559469483568
0 0.5969139921875 0.5428615915492958 0.6020756671874999 0.5067377136150234 0.5919797671875 0.499368617370892 0.589581575 0.4713727089201878 0.57958906875 0.46958380046948356 0.5773289984375001 0.4702438028169014 0.5838311703125 0.5204984812206572 0.58913015625 0.5213469882629108 0.584551415625 0.5260651901408451 0.5864519968749999 0.5407546056338028 0.5896544671874999 0.5366750117370892 0.595339584375 0.5431940140845071 0.5969139921875 0.5428615915492958
0 0.7361469625 0.6602324295774648 0.7566618109375 0.6349239671361503 0.754919759375 0.6163018615023474 0.74003980625 0.6164275469483569 0.7399125546875001 0.61646470657277 0.7203049484374999 0.6427103051643193 0.7156854609375001 0.6661142441314554 0.7187166890625 0.6895423215962441 0.72020424375 0.6891750187793426 0.7238072234375 0.6632793122065728 0.7361469625 0.6602324295774648
0 0.7074237765625 0.8303524788732395 0.705292975 0.8496458262910798 0.7134275171875 0.8740349460093897 0.70511215625 0.9063248943661971 0.7053811765625 0.9452157089201878 0.746005359375 0.9373612816901408 0.7202346453125 0.7381818192488263 0.7102316734375 0.7375259436619719 0.7036605578125 0.7394448849765257 0.6957322828125 0.7452866197183099 0.6942199359375001 0.7632803075117371 0.6684661578125 0.7788804037558685 0.675350271875 0.7999710305164319 0.6986572609375 0.8013652042253521 0.7074237765625 0.8303524788732395
0 0.6212916578125001 0.7090983427230048 0.6147935296875 0.7225351971830987 0.6258690859375 0.790054544600939 0.6955680531249999 0.7942783990610328 0.6978843593749999 0.7937272370892018 0.7027579562499999 0.7836495938967136 0.6294250953125 0.7261880211267605 0.63110840625 0.6520655328638498 0.619076090625 0.6430379671361502 0.6171051000000001 0.5792975211267606 0.6113335203125 0.5771036690140845 0.5890720390624999 0.6061820281690141 0.5597321671875 0.6131634037558685 0.54248059375 0.5784659718309859 0.5390572828125 0.5794656713615023 0.5332332281250001 0.6461345070422536 0.5399924734375 0.6983760938967136 0.5623601546875 0.6981506643192489 0.56691603125 0.7113353661971831 0.617874753125 0.6992098169014085 0.6212916578125001 0.7090983427230048
1 1 0.43768400469483565 0.9236234953125001 0.45998798591549295 0.9058047328125 0.47698267370892017 0.8961951499999999 0.4976938004694836 0.8744978718749999 0.4865706244131456 0.8730722500000001 0.4747503028169014 0.8053229468750001 0.49453491079812206 0.7607413140625 0.5215262816901408 0.7477770390625 0.5464209882629107 0.740131559375 0.5903188356807512 0.7496274671875 0.6521123262910797 0.7648209578125 0.6833461431924883 0.7961440296875 0.7102830821596244 0.833824790625 0.7265642183098592 0.864882753125 0.7205593591549295 0.877452034375 0.7087025845070423 0.892293825 0.7376477511737088 0.9281727890625 0.757812220657277 0.948625575 0.7868508615023474 0.95067626875 0.7793844342723004 0.9574018703125 0.8075421690140845 0.9912301375 0.8351730680751174 1 0.8334774718309859 1 0.7778571525821596 0.9967654156249999 0.7775433333333333 0.990142615625 0.7552573403755868 0.9754631328125001 0.7533822323943662 0.9705122453125 0.7731926267605634 0.96610245 0.7705102629107982 0.968591434375 0.7346793309859154 0.9803545140625 0.7123735164319248 0.9866689078125 0.7170442863849765 0.9854082046875 0.6984348615023475 0.9980207812499999 0.6712515093896714 1 0.6720422159624413 1 0.43768400469483565
1 0.7296409921875 0.4335422605633803 0.714215559375 0.43352434272300466 0.6739353203125 0.31066578169014086 0.6601534078125 0.2929686995305164 0.651486615625 0.3121927723004695 0.683208 0.3970509812206573 0.6910948265625 0.466948161971831 0.6744402359375 0.4868797558685446 0.65144136875 0.48983970657277 0.635166315625 0.4451402535211268 0.6239785171875 0.38384084037558686 0.6204929859375 0.30247996478873235 0.6035389343750001 0.2762970633802817 0.595143740625 0.28811451408450706 0.604545253125 0.3574161244131455 0.60668561875 0.4447487699530516 0.612015634375 0.47395262441314556 0.6196329453125 0.5023467605633802 0.6825847296875 0.5226097605633803 0.704082840625 0.5470059389671361 0.71580686875 0.5801118356807512 0.7308109734375 0.5644791267605633 0.755603090625 0.5668972605633803 0.7640698890625 0.5878879342723005 0.7828087828125 0.582415676056338 0.783689215625 0.5473373474178403 0.7979332859375 0.5267458169014084 0.787320484375 0.4447204624413146 0.7752243640625001 0.42535201173708925 0.7496035203125 0.41839318075117365 0.7296409921875 0.4335422605633803
1 0.527400115625 0 0.518015853125 0.03479457981220657 0.5336975015625 0.11651259859154929 0.5626615421875 0.16642095070422536 0.5688135234375 0.19462070187793426 0.5897939437499999 0.18468528873239437 0.5910365046875 0.17011346713615025 0.6098424421875001 0.18567874178403754 0.6283162734375 0.24055480046948355 0.6301371812500001 0.29003273004694835 0.6365409093750001 0.2985559295774648 0.6369265265624999 0.29846071361502347 0.637238971875 0.27758042488262913 0.643477503125 0.29684317136150234 0.652473146875 0.294622 0.6557450046875 0.2789547370892019 0.6604167015625 0.2020397723004695 0.65946286875 0.19466769483568075 0.64409094375 0.16771221830985913 0.62620976875 0.15310735446009388 0.619140178125 0.11205791549295774 0.637992628125 0.0503428896713615 0.6278202140625 0.03977836150234742 0.5901940265625 0.03242637089201878 0.5717022109375 0 0.527400115625 0
1 0.541943696875 0.35313329812206573 0.568472278125 0.39282860093896715 0.570113584375 0.3898716338028169 0.5560195515624999 0.28094015727699534 0.543971903125 0.2717951103286385 0.5440778328125 0.24596094366197185 0.5376871703125 0.23790219483568073 0.5286101453125001 0.2405529295774648 0.47012804375000006 0.2678158427230047 0.45763795468749996 0.28302713849765254 0.4607441171875 0.3176559225352113 0.4744741765625 0.34445800938967136 0.5256713796875 0.36082853990610325 0.541943696875 0.35313329812206573
1 0.34712545 0.5911576338028169 0.396209553125 0.576702631455399 0.4116119203125 0.5427885985915493 0.41429298125 0.5150877863849765 0.4020929875 0.4714364154929577 0.377519996875 0.4605079295774648 0.26756198124999997 0.5085881995305164 0.2390693671875 0.5101017981220658 0.2221171640625 0.5421051103286385 0.2235254234375 0.5529894178403756 0.23161968437499997 0.5857036103286385 0.29339630156249996 0.6177262981220658 0.3065621796875 0.6138815093896715 0.3056250921875 0.6086867582159625 0.3261856453125 0.5775893708920188 0.34712545 0.5911576338028169
1 0.4741507578125 1 0.49823386718749996 0.9878097417840375 0.46989553125 0.700725279342723 0.459146240625 0.6958564061032864 0.416865634375 0.7145446455399062 0.397888153125 0.6907790774647887 0.40467357968749995 0.6021522253521127 0.38585114531250003 0.5099373309859155 0.350120325 0.4376761737089202 0.342589425 0.3945509953051643 0.32866378749999997 0.37392588732394366 0.3096346234375 0.3729767629107981 0.30229731875 0.38618667136150236 0.3092439328125 0.4391035516431925 0.329696584375 0.4851840164319249 0.3527509328125 0.588008528169014 0.3178978625 0.6954548262910798 0.2803300921875 0.760593868544601 0.2867957859375 0.7776695633802817 0.2755331640625 0.8221681572769952 0.2679602171875 0.8330555234741783 0.25615535624999997 0.8333332746478873 0.250076853125 0.9289277488262911 0.24444072499999997 0.9355789953051643 0.23109937343750003 0.9051621854460093 0.1916271953125 0.8893286971830986 0.13207991875 0.9088888098591549 0.108592834375 0.9262036314553991 0.09261737812500001 0.9242514272300469 0.0698985390625 0.9569135281690141 0.060033596875 1 0.4741507578125 1
1 0.38998594375 0.4166668497652582 0.38555100000000003 0.4820414530516432 0.3775409890625 0.5008141713615023 0.3784084890625 0.5075190023474179 0.3926729265625 0.5146029014084507 0.4020783671875 0.5118562605633803 0.419645821875 0.49862048356807515 0.40813129375 0.4240900845070422 0.3963379421875 0.40914662676056335 0.38998594375 0.4166668497652582
1 0.453510759375 0.37952835211267605 0.44440918281249997 0.3621102136150235 0.425406953125 0.35514701173708924 0.42569290937500004 0.28782730516431926 0.40917172187500006 0.26084176056338026 0.386483578125 0.25628976995305164 0.36862667656250003 0.28736507746478873 0.3785993828125 0.3753242230046948 0.371320165625 0.4035242136150235 0.372342021875 0.41142204225352114 0.4054270171875 0.43733902816901404 0.4524760296875 0.4445290117370892 0.46044947187499996 0.4422005539906103 0.4633878953125 0.43870784037558685 0.46229035312500005 0.4150591572769953 0.453510759375 0.37952835211267605
1 0.3233371640625 0.1906135187793427 0.333760940625 0.18527552816901408 0.334232703125 0.16603475821596245 0.313710059375 0.17900720422535213 0.3226295203125 0.21947467605633803 0.326911190625 0.2158746995305164 0.32490390156250004 0.23554997183098592 0.33016030625 0.23883940845070423 0.327075946875 0.27912093896713613 0.31154261562499996 0.2596322511737089 0.2699053265625 0.24753010328638497 0.26707015312500004 0.23877872300469483 0.24459804062499999 0.23797234507042256 0.23728983124999997 0.24839975821596244 0.23802868593749998 0.26490955633802815 0.26264163281249997 0.2639159436619718 0.31776045 0.30922362676056336 0.3419773609375 0.37880017136150235 0.3633278875 0.3942543802816902 0.35618443593750004 0.46792803521126763 0.3678500390625 0.5052300305164319 0.39548377343749996 0.5254744295774648 0.40114986718749995 0.5238711150234742 0.4232625578125 0.5074632276995306 0.43959256093750004 0.5100076150234741 0.4492329703125 0.4822013990610329 0.42684528750000006 0.36911586384976525 0.4307444796875 0.3338039507042253 0.42469581874999995 0.28705441079812205 0.41906071718750004 0.2745880352112676 0.40234798125 0.3032012746478874 0.3793150765625 0.30971881220657277 0.34466108125 0.2848927840375587 0.334174884375 0.19948885915492956 0.3233371640625 0.1906135187793427
1 0.6615389046875 0.19206018309859155 0.6515932921875 0.23020864319248827 0.6517541453125 0.30155437558685444 0.6408417390625 0.31019761502347415 0.6122900046875001 0.3101089600938967 0.6087154828125 0.3191486830985915 0.6126938749999999 0.3498973075117371 0.6154714515624999 0.35215467840375586 0.624841390625 0.34389229812206573 0.6292893187499999 0.3201886408450704 0.65501855625 0.3233537300469484 0.6600557015625 0.3328177957746479 0.6421031421875 0.35628669483568076 0.6449578093749999 0.36747940610328633 0.6551472359375 0.38043031690140844 0.6731319671875 0.37123056103286384 0.680088159375 0.38795420657276997 0.6840350625 0.3869796502347418 0.685126303125 0.3861153262910798 0.68407654375 0.37685646948356805 0.6811389140624999 0.3859101220657277 0.6758393265625 0.3741313427230047 0.6775477234375 0.33325775821596243 0.69430321875 0.2922380680751174 0.7217730234374999 0.268798720657277 0.7390026046875 0.26692396948356806 0.7668635296875 0.3028759201877934 0.7733144609375 0.25488253755868545 0.756481078125 0.20431013145539909 0.7190707390625 0.15405948122065727 0.7222708078125 0.14732054460093896 0.725125475 0.1585132558685446 0.73193535625 0.15564202582159625 0.7232748499999999 0.07925645070422535 0.7076707 0.060503981220657276 0.6678928609375 0.04204930281690141 0.6538525187500001 0.04614945774647888 0.6343552406249999 0.05719113145539906 0.617631915625 0.11247996948356807 0.6231109765625 0.14681982394366197 0.636500475 0.15303179812206574 0.6473620875 0.17890406572769954 0.6615389046875 0.19206018309859155
1 0.6559029609375 0.2787076643192488 0.6440839031250001 0.23454077464788733 0.6312622515624999 0.22305430046948355 0.6140301671875 0.22376297652582158 0.57970785625 0.24431147417840376 0.55906793125 0.22453488732394364 0.5480920593749999 0.24242218779342722 0.5354457406249999 0.24166647417840376 0.5291541015625 0.25783631220657277 0.5350591421875001 0.30347582394366196 0.5611639515625 0.3005713356807512 0.5707196203125 0.3107036948356807 0.5771263375 0.34116988262910797 0.5839538546874999 0.33917606572769954 0.6444760031250001 0.30033459389671363 0.6559029609375 0.2787076643192488
1 0.6808630484375 0 0.6755135390625 0.001562199530516432 0.6621807671875 0.02729706103286385 0.6636422203125 0.03680729342723005 0.7027336125 0.059808732394366196 0.720224734375 0.05923946009389672 0.7247897125 0.06728061737089203 0.72575355625 0.06711990375586854 0.7274654078125 0.007565328638497653 0.719431996875 0 0.6808630484375 0
1 0.8609594328125001 0.4848637910798122 0.8366342390625 0.4321835563380282 0.8066624109375 0.4158269178403756 0.7640143609375001 0.43067264319248827 0.743327940625 0.47377961267605634 0.7326094000000001 0.5570200633802816 0.674580328125 0.5883142276995305 0.665312928125 0.6089557112676057 0.6722132234375 0.6499850070422536 0.6917250953125 0.6777659718309859 0.6912545671875 0.7233390985915492 0.704121184375 0.724364410798122 0.7025442953125001 0.7367816713615023 0.7110861265625 0.7474396737089203 0.7203104296875 0.7387675469483568 0.7206732140625001 0.7231178051643192 0.7288953578124999 0.7374561948356808 0.7295993796875 0.7121413873239436 0.7351382703125 0.705741176056338 0.7041247265624999 0.6382746408450704 0.71126205625 0.6134724882629108 0.7308385734375 0.6232994225352113 0.74540783125 0.662089176056338 0.7613204859375 0.6682033474178404 0.786945978125 0.7001773544600939 0.79295185625 0.7342937840375586 0.800151840625 0.7399630938967137 0.8032629984374999 0.7390545539906104 0.823074525 0.7087576807511737 0.8509413734375 0.628879204225352 0.8425934796875 0.5643591079812207 0.8609594328125001 0.4848637910798122