0 0.5277721734374999 0.7337467042253522 0.5219160656249999 0.7348269530516433 0.5121123109375 0.7408723122065728 0.49659304375 0.7562595140845071 0.4976831546875 0.7749788004694835 0.4993353265625 0.7768330539906103 0.5054291 0.7757089647887324 0.5282941343750001 0.7502854835680751 0.5539094171875 0.7358574225352112 0.553900925 0.7357535117370891 0.5312307203125 0.7470203145539906 0.5277721734374999 0.7337467042253522
0 0.2931747546875 0.7478368403755868 0.282127409375 0.7237903802816901 0.2829663859375 0.7425422300469484 0.285685003125 0.7574204225352112 0.3017159109375 0.777048176056338 0.3151634171875 0.7847908262910799 0.3309805 0.7818731267605633 0.3293681140625 0.7621445657276995 0.2931747546875 0.7478368403755868
0 0.41515377343750004 0.7699536361502347 0.45848383750000005 0.7485998849765259 0.51243498125 0.8359078356807512 0.5179250609375 0.8348951079812207 0.5134585046875 0.7802439295774648 0.4986944578125 0.7276012605633804 0.454750534375 0.7302580258215963 0.44363124374999996 0.7432531478873239 0.430730684375 0.6602708661971831 0.3658663578125 0.6664821643192488 0.37286003125 0.7126031572769953 0.3625961453125 0.7665534201877935 0.405453278125 0.7546369436619719 0.41515377343750004 0.7699536361502347
0 0.385069334375 1 0.366809028125 0.8791536056338027 0.402563409375 0.8487418333333334 0.40237979218750003 0.8464951643192489 0.361543121875 0.8151068427230047 0.3409351859375 0.8123498145539906 0.3329955015625 0.8223191244131456 0.3346816875 0.8464212840375587 0.347233440625 1 0.385069334375 1
0 0.598843225 0.6210365164319249 0.6023536171874999 0.6712099483568075 0.6109318499999999 0.6782008591549296 0.6442767546875 0.6720498873239437 0.6547548437499999 0.6669353990610329 0.65064705625 0.6557578169014084 0.696906734375 0.6441458403755869 0.7052789125000001 0.6039986338028169 0.705278296875 0.6039911103286385 0.598843225 0.6210365164319249
0 0.723672996875 0.6650619835680751 0.7239551734375 0.6814964413145539 0.7379822453125 0.6936497441314554 0.7422042156249999 0.7448331431924883 0.729509934375 0.7583806854460095 0.73757408125 0.773723720657277 0.7318738125 0.7792300516431925 0.732438165625 0.8120989694835681 0.721825584375 0.8300614201877934 0.72186463125 0.8582971431924883 0.708927221875 0.8836459507042254 0.714442934375 0.9322944718309859 0.6990419296875 0.9646735821596244 0.7526381484375 0.9547869530516432 0.7851470609375 0.9353220892018779 0.78872684375 0.9316139953051644 0.7817877625 0.8467099154929577 0.7768246828125001 0.8270546525821597 0.779864346875 0.823175704225352 0.7794136078125 0.8176606079812206 0.7741981515624999 0.803888692488263 0.77790178125 0.7991624483568075 0.7766004828125 0.7832402323943662 0.77098774375 0.7337359507042253 0.7631862484374999 0.7207095117370892 0.7492851640625 0.6120477723004695 0.7426558453125 0.6023870845070423 0.723716465625 0.6026899037558686 0.724504425 0.6096396924882629 0.73630870625 0.6091608568075118 0.7097284421875 0.6187723262910798 0.71144545 0.640889131455399 0.723672996875 0.6650619835680751
0 0.6652064609375 0.8456334436619718 0.6641190703125 0.8323285399061032 0.6616056171875 0.8257400117370892 0.5900934359375001 0.9281891079812207 0.5946490875 0.9839304154929578 0.6517477875 0.9733976995305165 0.6427290343750001 0.9725481877934272 0.650205234375 0.9663701995305164 0.6476162203125 0.9219118990610329 0.653815203125 0.920713366197183 0.6607971906250001 0.8791370845070423 0.6652064609375 0.8456334436619718
0 0.66054463125 0.6185860117370893 0.6510571515625 0.6170617183098591 0.6454557640624999 0.5304366995305164 0.6234267828125 0.5123513309859155 0.619501621875 0.5291760352112675 0.6206717453125 0.5511256549295774 0.6286638703125 0.6489144084507042 0.6360689171875 0.6475484342723005 0.66054463125 0.6185860117370893
0 0.5287291140625 0.6200479483568075 0.555917625 0.615032617370892 0.5546614796875 0.6039534413145541 0.5789074796875 0.5987042112676056 0.5758647265625 0.5614741854460095 0.5705315421875 0.5417151126760563 0.55640243125 0.5495803051643192 0.5320059078125 0.5435881877934272 0.5136548249999999 0.5002699788732394 0.5076213578125001 0.4993510985915493 0.505416465625 0.499660338028169 0.49398605624999997 0.5359765962441314 0.50112115625 0.5361526126760564 0.5085384328125 0.552763089201878 0.5287291140625 0.6200479483568075
0 0.51260151875 0.7507354389671361 0.5374323859375 0.7461550117370892 0.5417890578125 0.744485396713615 0.5426458484375 0.7328727887323944 0.5420832015625 0.7259884366197183 0.538800384375 0.7190211901408451 0.5136247125 0.7333833591549296 0.51260151875 0.7507354389671361
0 0.4246160859375 0.5599794014084507 0.4204209453125 0.5086491784037559 0.4088859375 0.5152761877934272 0.41182087031250003 0.543115354460094 0.40347411875 0.5538675305164319 0.41514542499999996 0.5866041009389672 0.41693779375 0.5862734718309859 0.42105144687499996 0.5782153450704225 0.426422496875 0.5820820023474179 0.425173384375 0.5667982981220657 0.418684603125 0.5632585 0.4246160859375 0.5599794014084507
0 0.3291520671875 0.7595010821596244 0.3200359078125 0.7395473990610328 0.2957972296875 0.7227331690140845 0.28148524531249997 0.7289208004694836 0.2837312265625 0.7474268685446009 0.30860495781249997 0.7629414295774648 0.321011784375 0.7606528028169014 0.3292475546875 0.78219279342723 0.3309805 0.7818731267605633 0.3291520671875 0.7595010821596244
0 0.472414740625 1 0.47408218125 0.9850548075117371 0.48545610312500004 0.9780772112676056 0.4883389828125 0.960151941314554 0.48483782499999994 0.9404882629107982 0.2686039578125 0.9624825046948356 0.26863936875 0.9629157863849765 0.2740378578125 1 0.3854383296875 1 0.3979872328125 0.9864982582159625 0.41557740781249997 0.9918638544600938 0.4276641703125 0.9836411150234742 0.44837823437499996 0.9887059624413146 0.45035770468749997 1 0.472414740625 1
0 0.35794926562499996 0.7430616596244132 0.40384007187500004 0.7352222558685446 0.41038960468749996 0.7212928004694836 0.41764329062499994 0.7226958615023473 0.42511836406250003 0.7993635070422536 0.4347899421875 0.8012342582159624 0.442024059375 0.8367216338028169 0.4722137953125 0.8276312723004695 0.5175787515625 0.7921342676056339 0.5172547 0.7881692863849765 0.48919514218750004 0.7752865633802818 0.4848913125 0.7311445845070423 0.49663127500000004 0.6893461009389671 0.4935338296875 0.6819086291079811 0.45272992968750003 0.7013694014084507 0.44346218750000005 0.6874197112676057 0.3971921421875 0.7157007863849765 0.33916779531249996 0.6315349671361503 0.33392816875000003 0.6426785305164319 0.35794926562499996 0.7430616596244132
1 0.31732299375 1 0.29314975 0.7042249436619717 0.2565253796875 0.7231319647887324 0.24797263906250003 0.7178209154929578 0.2562180875 0.7813180563380282 0.25120928125 0.7859340633802817 0.2321073953125 0.7650581666666667 0.22838628593750002 0.7468654906103286 0.22364917499999998 0.7537964272300469 0.206638215625 0.7372236384976526 0.194825103125 0.7041334577464788 0.19828638125 0.6998441971830985 0.20819760937499998 0.7167298849765258 0.22158197968749999 0.7091593028169013 0.2219600640625 0.685356530516432 0.2443579125 0.6735105399061032 0.2480082328125 0.6573198943661972 0.2194222234375 0.6345334272300469 0.1979209265625 0.6384996666666667 0.1768218734375 0.6723502652582161 0.1778967984375 0.7017769835680752 0.173986646875 0.6954856948356808 0.16231511875 0.7311621572769953 0.133715284375 0.7644821408450705 0.1273242609375 0.7978575234741785 0.11230970468749998 0.7915385375586855 0.0813591125 0.7980734812206574 0.0500304390625 0.8284111995305165 0.032159428125 0.8585588356807512 0.0487600453125 1 0.1925912171875 1 0.20075459843750001 0.9911152629107981 0.20888431875000002 1 0.31732299375 1
1 0.2952076921875 0.38126889201877934 0.28503153281250004 0.5197728732394367 0.27072039375 0.5298965070422536 0.2488403 0.5291528004694835 0.2266045515625 0.5522905469483568 0.2161835171875 0.590749603286385 0.2212935625 0.6532742676056339 0.2241171640625 0.6576383333333333 0.24576034062500002 0.6691511384976525 0.25583404062500004 0.7060368169014084 0.27190131093750003 0.7013447417840375 0.2761559890625 0.6685969553990609 0.2986281140625 0.6501456971830986 0.316013784375 0.6545796525821597 0.3195632421875 0.6166878497652583 0.33411184375 0.5803395211267606 0.3880454828125 0.5206009107981221 0.3888271546875 0.48969954929577464 0.387306875 0.45955802112676053 0.36995501875 0.37846274647887324 0.364086403125 0.3169472159624413 0.3483657359375 0.3198471291079812 0.3429906390625 0.33878188262910797 0.3577718203125 0.4153091924882629 0.360962915625 0.4785768028169014 0.35575718749999996 0.5300299553990611 0.3337583625 0.5423986009389671 0.31388910000000003 0.5351232816901408 0.3057308265625 0.4661729436619718 0.31637865781249996 0.36795312676056335 0.304078896875 0.3560895516431925 0.2952076921875 0.38126889201877934
1 0.22964149687500002 0.15441590845070421 0.2205750578125 0.1629389366197183 0.22171842343749998 0.17692874178403756 0.23522003906250002 0.18096379342723004 0.22249417187499998 0.1864205352112676 0.2226281953125 0.18806038497652583 0.2289854125 0.1944396056338028 0.26137370312499997 0.1845526971830986 0.30146717500000003 0.19750115492957745 0.3162787546875 0.22089017840375585 0.307191009375 0.22638728638497652 0.3060990375 0.2593962535211268 0.32585518125 0.26119399061032866 0.35781219218750004 0.2849939366197183 0.44309615 0.26926202582159625 0.45517054687499997 0.2557560633802817 0.45142805625 0.2208191643192488 0.4053377546875 0.18723681690140845 0.3910545640625 0.13441458215962443 0.38165862968750003 0.1223064718309859 0.346615309375 0.16533911502347418 0.31833500312499996 0.16546273474178405 0.30437759999999997 0.14317445070422535 0.28133244999999996 0.12638327464788732 0.22964149687500002 0.15441590845070421
1 0.41100875 0.3997043990610329 0.42687662499999995 0.4114876056338028 0.4717907890625 0.4200619389671361 0.5033999953125 0.41423114319248827 0.496736496875 0.3890172183098592 0.5081703671875 0.3741514882629108 0.4996783015625 0.275113896713615 0.48937961406249997 0.26411313615023474 0.47404278906249997 0.30972757746478874 0.456461884375 0.30626920892018783 0.41149878749999996 0.33520246713615026 0.4054253421875 0.36369192957746477 0.40587804062500005 0.3692309788732394 0.41100875 0.3997043990610329
1 0.636658365625 0.5315524225352113 0.6458785921875 0.5278995915492958 0.6571951703125001 0.5277640985915493 0.7812221203124999 0.5048854600938968 0.7813637703125 0.4948104530516432 0.77748118125 0.4473044882629108 0.772507940625 0.4339566948356808 0.749685428125 0.40838218309859153 0.7000865078125 0.4156402723004695 0.68380308125 0.4374464366197183 0.656839525 0.4167451502347418 0.6555176734375 0.3993545938967136 0.5931212718750001 0.47013973474178405 0.5937529406250001 0.5143383544600939 0.6155102765625 0.5354535070422535 0.636658365625 0.5315524225352113
1 1 0.6854068755868545 0.9825033875000001 0.6744618568075117 0.96799625625 0.6851967394366197 0.942074996875 0.6820600117370892 0.88189431875 0.6969196056338027 0.84855530625 0.7337628849765259 0.8429902859375 0.7697090070422534 0.8362020343750001 0.7666165821596245 0.8087615296875 0.6804052629107982 0.797650228125 0.6867252441314554 0.788085428125 0.6807419788732394 0.767419546875 0.645312 0.7695853296874999 0.625703014084507 0.719604065625 0.5855900985915493 0.6625368296875 0.5043098286384976 0.660716459375 0.3950825352112676 0.669372778125 0.3404910399061033 0.663833309375 0.287020441314554 0.65984949375 0.283674676056338 0.641099525 0.28713338967136154 0.636367253125 0.29022584272300467 0.628027390625 0.31732000704225355 0.6307920140625 0.3619386525821596 0.6137941296875 0.44958542723004696 0.6171610000000001 0.5465094741784038 0.6436776921875 0.6257960610328638 0.6313244203124999 0.6586497558685446 0.5875019046875 0.6647016995305164 0.578549575 0.6752571478873239 0.6173514015625 0.9601346291079813 0.695428225 0.9539697112676057 0.7035294703125 0.9519693802816901 0.726606565625 0.918852075117371 0.7306165671875 0.9250147723004695 0.7296927546875 0.9180900422535211 0.78216136875 0.8932132934272301 0.7917261671875 0.8991965633802816 0.7932658546875 0.9107377769953051 0.7848369234375 0.9318932394366197 1 0.8787659507042253 1 0.6854068755868545
1 0.5666995625 0.3839298427230047 0.58126048125 0.40396298356807514 0.5981711765625 0.4653355211267606 0.6096960828125 0.46320957981220656 0.6144189484375 0.4531032511737089 0.6126724515624999 0.41472568309859154 0.6095725765625 0.37679672535211267 0.5847932328125001 0.3674595469483568 0.5666995625 0.3839298427230047
1 0.6191364687500001 0.35791080046948354 0.6266265062499999 0.354321338028169 0.623752896875 0.31916089436619716 0.606469475 0.27235634741784037 0.583287103125 0.2434016924882629 0.5654124406250001 0.24669894366197184 0.5574749234375 0.25793503755868546 0.49917556249999995 0.27655199295774646 0.487101234375 0.31288001877934274 0.49895634375000003 0.34276924178403756 0.5222083265624999 0.3557896103286385 0.563671415625 0.3305222723004695 0.5755464531250001 0.3543917464788733 0.589932 0.3606220492957746 0.61325539375 0.3597888262910798 0.6191364687500001 0.35791080046948354
1 0.5495783265624999 0.3399931150234742 0.55516994375 0.4574341713615024 0.570787759375 0.47891832159624415 0.5855453328125 0.4685504530516432 0.6102066484375 0.47321052816901404 0.6159129437499999 0.47195479342723 0.637130271875 0.43939786150234744 0.6393116734375 0.39856948591549296 0.6152346578125 0.3326649765258216 0.6316717984375 0.30768691549295774 0.6380521156250001 0.230333058685446 0.6792115390625 0.16075296009389672 0.7012582453125 0.1503062840375587 0.7002556953125 0.13803944366197182 0.699396959375 0.13376332863849766 0.69006723125 0.12750943427230046 0.6691239718750001 0.13923853286384977 0.6685197359374999 0.1488652276995305 0.6322146640625 0.18058888732394365 0.6221987546875 0.20652731455399062 0.6098069265625 0.17009266431924883 0.6139750984375001 0.16442854929577463 0.6074514671875 0.14687669953051644 0.6123262765625 0.14817737323943664 0.6111792890625 0.10570801877934272 0.5948332484375001 0.10409913145539906 0.589272659375 0.10512486619718309 0.5937999640625 0.12139969483568075 0.6048604609375 0.12133913849765257 0.5967596625 0.13498896713615022 0.6070212890625 0.22054773004694836 0.5802814921875 0.2608468802816902 0.5570851734375 0.26595149765258214 0.5346262359375 0.2471595352112676 0.531215903125 0.26808418075117374 0.534513546875 0.30058653286384973 0.5495783265624999 0.3399931150234742
1 0.1597211234375 0.36321876525821595 0.173829471875 0.36819192018779345 0.1741100375 0.39668590375586854 0.185691475 0.4070204577464789 0.19369324062499998 0.4074965117370892 0.20239715 0.3744846267605634 0.2100479375 0.37861428873239433 0.220716715625 0.4141566572769953 0.2073101453125 0.42805701173708915 0.205274496875 0.44401179342723 0.210831228125 0.4516148075117371 0.22545436875 0.44813525352112676 0.23278941562500002 0.4350845985915493 0.22310334531249998 0.39454826995305164 0.224858246875 0.3762802276995305 0.26978061875 0.35369071126760565 0.29041694375 0.3273597723004695 0.3034723515625 0.3432937535211268 0.3234065359375 0.35045075352112676 0.33182933281250004 0.367487058685446 0.3552731359375 0.3642887018779342 0.38332195625 0.3243840023474179 0.3781721640625 0.2613730117370892 0.35759044375000004 0.21974356103286385 0.3405341515625 0.2035715516431925 0.289575428125 0.21569710093896716 0.29006669218750003 0.2262904835680751 0.298068459375 0.22676653755868545 0.29490981875 0.23346828638497655 0.2506897703125 0.19638914084507042 0.21935486875 0.18991710328638498 0.20972876875000002 0.19169278169014084 0.18520148593750002 0.21316200938967136 0.21720836875 0.2412469483568075 0.22184079843750001 0.26632534741784036 0.2163655796875 0.31284934507042256 0.1962205171875 0.34977366666666665 0.1710920453125 0.36527319483568077 0.16189705468749999 0.3615109741784037 0.1665998984375 0.35444178403755866 0.160423084375 0.35591154694835686 0.1597211234375 0.36321876525821595
1 0.3005002046875 0.331880234741784 0.3047307359375 0.38364348826291084 0.309602009375 0.39115669953051646 0.3218441046875 0.38460874178403753 0.3338318828125 0.39584456103286386 0.335706725 0.3954987183098591 0.3524493453125 0.3682388544600939 0.388621284375 0.37229266197183103 0.4055292375 0.36504916197183096 0.41654326875000003 0.3480575070422536 0.42231781718750006 0.29996661032863847 0.40834718593749997 0.28433795305164317 0.3374584953125 0.27365190375586856 0.33502164375 0.3082569741784038 0.327018090625 0.3224383474178404 0.3005002046875 0.331880234741784
1 0.1887897140625 0.12140023474178405 0.19665375937500001 0.12673096713615023 0.20180728750000002 0.15198888967136148 0.225437590625 0.19589019248826292 0.23917536718750002 0.19335605164319247 0.245563009375 0.17975609389671363 0.24070204374999998 0.12027907981220658 0.2272333234375 0.1027728896713615 0.1887897140625 0.12140023474178405
1 0.1860537796875 0.5880664530516432 0.17549718125 0.584101161971831 0.16956565625 0.5982030774647887 0.17361946718750002 0.6092805234741784 0.16159348125 0.6162289906103287 0.17141489062499998 0.6593531666666667 0.1585722484375 0.694832838028169 0.160448971875 0.737057485915493 0.173508528125 0.7523863028169014 0.235134334375 0.7552087746478873 0.262449953125 0.8293990563380282 0.29099055625000003 0.8607925328638497 0.3237012921875 0.8565323286384976 0.33520345625000003 0.8544105821596244 0.3597453859375 0.8256417253521127 0.3720442515625 0.7642468521126761 0.3382258453125 0.6971687230046948 0.3328940609375 0.6319309483568075 0.2899609546875 0.5688992089201879 0.2636642234375 0.5483257887323943 0.2626156359375 0.5485192159624414 0.2560600890625 0.5585974107981221 0.25736554843750004 0.5938322957746479 0.239570971875 0.6361380422535211 0.2256947578125 0.6493404272300469 0.21981721406250002 0.6929954671361502 0.20322013593750002 0.7114298521126761 0.191330590625 0.6911551150234742 0.2069490703125 0.6125925610328639 0.20036481562500003 0.6090770328638497 0.1944882625 0.5853280633802816 0.1896177953125 0.6027818192488263 0.1860537796875 0.5880664530516432