0 0.485280984375 0.22441249765258214 0.48368365156250004 0.22643863849765258 0.4825927109375 0.24517219483568076 0.49834864375 0.2577173122065728 0.51147258125 0.2633681690140845 0.5138741890625 0.2634941643192488 0.5177385828125 0.24830311737089203 0.540083434375 0.2553154225352113 0.5400869015625 0.2551662723004695 0.5147569328125 0.245579044600939 0.49197327812499997 0.22476359624413145 0.485280984375 0.22441249765258214
0 0.30054839843750003 0.303202441314554 0.3130611015625 0.3029837018779343 0.31588396875 0.282237072769953 0.315932025 0.2801696408450704 0.3075130703125 0.2550335328638498 0.29512857656249997 0.2379249929577465 0.271702690625 0.23669599765258215 0.270556565625 0.23692947652582158 0.28739802812500004 0.24835388262910799 0.30054839843750003 0.303202441314554
0 0.49417504531249995 0.2851024272300469 0.4776241828125 0.2292272957746479 0.47899900625 0.18252794600938968 0.41439729375 0.17178501173708918 0.411611259375 0.25578640375586853 0.39911155 0.24174240610328637 0.35553088125 0.23605094366197185 0.3414366734375 0.3263766854460094 0.341318159375 0.3314753192488263 0.3427577109375 0.3522509530516432 0.352089278125 0.35162465258215964 0.3976275546875 0.2602498427230047 0.442837784375 0.2850230868544601 0.45055798593749996 0.27001365962441315 0.49417504531249995 0.2851024272300469
0 0.3455187171875 0 0.3404745453125 0.08456294131455398 0.32794447656250003 0.16694811267605633 0.3276767453125 0.1784663028169014 0.3357002859375 0.2006419718309859 0.37492907343750004 0.21175380046948358 0.38174907187499996 0.20636614553990612 0.38222821093750003 0.18575287793427228 0.378630603125 0 0.3455187171875 0
0 0.5919468421875 0.3109842582159625 0.601934684375 0.3445134248826291 0.6487612484375 0.3533078943661972 0.6456861796875 0.36478146713615023 0.66365213125 0.37222484741784034 0.6651791140625 0.37243258920187794 0.68971411875 0.3737197723004695 0.6969649671875 0.36676778638497654 0.6975086859374999 0.34337610563380283 0.697000175 0.3170167441314554 0.6503105890625 0.3129313215962441 0.5919727265625 0.309870734741784 0.5919468421875 0.3109842582159625
0 0.6962012625 0.2699282159624413 0.6958557453124999 0.3145382136150235 0.7036175953125 0.32005323943661973 0.66688413125 0.326768352112676 0.6430097031249999 0.28548845539906104 0.6433915875 0.2361826690140845 0.627977 0.21106524647887323 0.6250759328125 0.18256281690140846 0.6127260765625 0.16481677699530514 0.609861378125 0.13161855633802816 0.6036591734375001 0.12626737558685447 0.61002504375 0.11048750234741783 0.5960791750000001 0.09727340375586856 0.5949196 0.04545587323943662 0.6075058609374999 0.032679286384976525 0.6060735140625 0.01608017605633803 0.6093318875 0.007610713615023474 0.5743764062500001 0.003938488262910799 0.5728481796875 0.07368464084507043 0.56650049375 0.08711661971830986 0.5659913140625 0.15285767136150236 0.5706338765625001 0.15804500234741786 0.5658094640625 0.176336617370892 0.570452025 0.1815239483568075 0.56050145625 0.2513084014084507 0.560286184375 0.2605697276995305 0.5634314921875 0.2818280281690141 0.57350553125 0.2911106666666667 0.7204673765625 0.37063548591549295 0.753119534375 0.3723485211267606 0.7542726203125001 0.3227409507042253 0.75394445625 0.2712947816901409 0.6774240218750001 0.1751382863849765 0.67342489375 0.1876420868544601 0.6809139671875 0.22837553051643192 0.6899626875 0.2692728262910798 0.6962012625 0.2699282159624413
0 0.6128361921875001 0.3755106948356808 0.589871309375 0.4169267089201878 0.594818659375 0.42579013145539907 0.6143847765625 0.4284889765258216 0.680802628125 0.4319734647887324 0.6829668984375 0.4308893122065727 0.682989340625 0.42992383098591547 0.67197874375 0.39750778169014084 0.614440915625 0.38809254225352113 0.613840553125 0.3756338661971831 0.6128361921875001 0.3755106948356808
0 0.551720409375 0.3784774342723005 0.5497688703125 0.37894518309859154 0.5364984078125 0.4239353661971831 0.51307994375 0.4318971784037559 0.49824825156249997 0.4251171220657277 0.4896614796875 0.482138265258216 0.5208860984375 0.48639855868544596 0.5208860984375 0.5004916525821596 0.5482076390625 0.5009897417840375 0.5606974859375 0.43128885915492954 0.5661617953125 0.4140069976525822 0.5720164109375 0.41338670657276994 0.5720164109375 0.41054851408450704 0.558355640625 0.37888361737089205 0.551720409375 0.3784774342723005
0 0.52172289375 0.23806859624413143 0.516202703125 0.23777899061032864 0.5096082546875 0.2406000821596244 0.5013209828125 0.28077975821596246 0.5075253328125 0.285255734741784 0.5185329484375 0.28017789671361504 0.52122234375 0.2596030798122066 0.52172289375 0.23806859624413143
0 0.412698509375 0.42495442957746477 0.4020462484375 0.45910090375586854 0.41070851093750005 0.4680476220657277 0.40852452968749997 0.4961192276995305 0.42025578281250003 0.5003503521126761 0.4214658296875 0.44829222535211266 0.4170416265625 0.44678867605633804 0.4215796375 0.4433960375586854 0.42191768124999995 0.4288528403755868 0.41900713749999996 0.43154901643192484 0.41506647812499997 0.425078661971831 0.412698509375 0.42495442957746477
0 0.289092425 0.26955754225352113 0.300558140625 0.30258762910798126 0.3130861359375 0.3017110093896713 0.31583364999999997 0.2844018591549296 0.315991515625 0.2776102723004695 0.3043317671875 0.24749179342723004 0.2850206328125 0.23504584976525822 0.27609351718749997 0.23457750704225352 0.273393559375 0.24265682863849766 0.2901105109375 0.2508201643192488 0.289092425 0.26955754225352113
0 0.32557123125 0 0.321073659375 0.19349273004694836 0.33148788906250004 0.19755324178403755 0.336412728125 0.19781161267605635 0.3460271109375 0.19419428169014086 0.3501973328125 0.1770701971830986 0.37764359999999997 0.1698547863849765 0.37409150156250004 0.14708087089201877 0.35157678125 0.13844126525821596 0.3473724375 0.10735746009389673 0.35234034375 0.0891555 0.3480632828125 0.06276557981220657 0.36100803125 0.033784863849765256 0.3659399625 0 0.32557123125 0
0 0.3924852921875 0.1848115821596244 0.36272523125 0.18715473239436617 0.34782020625 0.14673541314553992 0.34617397968749997 0.14664904694835681 0.3366044375 0.1979560633802817 0.3349541453125 0.2689542910798122 0.35711514843750003 0.2722409530516432 0.36035698437499997 0.28609312676056337 0.4120455109375 0.28202344600938967 0.4144768890625 0.2924125774647887 0.40673629375000003 0.3047782112676056 0.411188984375 0.37378910798122067 0.4818371359375 0.3893877746478873 0.48713321875000004 0.38092725821596246 0.48718657812500005 0.37863169483568077 0.42088776250000004 0.31071771126760567 0.4297214828125 0.23713386150234742 0.4186662515625 0.22624810798122064 0.42287381249999995 0.162433441314554 0.41736439687500004 0.15934037089201877 0.3924852921875 0.1848115821596244
1 0.032337034375000004 0 0.024917184375000002 0.10043430281690141 0.0354882453125 0.14907374882629107 0.0465749078125 0.16943096244131453 0.034282703125 0.19734654929577466 0.018002882812500003 0.19402550469483568 0.02026489375 0.26992282394366196 0.029977615625 0.37278695539906104 0.042970168749999996 0.39930092723004695 0.06339498437499999 0.418373117370892 0.126826428125 0.4217009295774648 0.1352801015625 0.41734024413145543 0.1600403453125 0.3804321877934272 0.17943011250000002 0.3310057441314554 0.1828872625 0.2842101431924883 0.17820821874999998 0.2623326361502347 0.20037411249999998 0.24988983333333334 0.22184262968750001 0.2042803661971831 0.24539287031249998 0.18375076995305165 0.2410625140625 0.17845659624413146 0.2608054296875 0.17750782159624412 0.27019224375 0.16283926995305165 0.27215353124999997 0.07846153990610329 0.268756875 0.06987793896713615 0.2580203859375 0.07673550469483567 0.250751453125 0.11121758920187794 0.234818834375 0.11384843192488263 0.2301457359375 0.13449670892018778 0.241750971875 0.14783458215962442 0.2389807921875 0.1533767253521127 0.21646472343749998 0.1386047511737089 0.20485800156249998 0.1146354295774648 0.20935973125000001 0.1069583779342723 0.19706306406250002 0.10297962441314554 0.18251181875 0.07626078169014085 0.18545485781249998 0.06837885915492958 0.2282324125 0.07518272065727699 0.224420628125 0.06286920422535211 0.236708375 0.0030592816901408447 0.22744266249999998 0.0006601643192488262 0.2221752296875 0 0.032337034375000004 0
1 0.3040731484375 0.36002130516431924 0.291529584375 0.37483573474178405 0.30206098125 0.46906887793427227 0.2935566125 0.5391701666666666 0.27332939375 0.5513692934272301 0.2509958953125 0.5447217910798122 0.24585745781249999 0.4952630469483568 0.2492934984375 0.43202439671361503 0.2645556421875 0.35277292253521125 0.2559247609375 0.3251244906103286 0.24911925625000003 0.32476745070422536 0.24395769218750002 0.32858643896713613 0.2370155046875 0.3987423544600939 0.217020709375 0.4930813849765258 0.218190059375 0.5435746525821596 0.27285540468749997 0.5888986737089202 0.2875403015625 0.6210915680751175 0.2910354 0.657586427230047 0.30872845312499997 0.6488186220657277 0.331524890625 0.6613488661971831 0.3359919703125 0.694357781690141 0.351613796875 0.6949040375586854 0.362432865625 0.6542164647887324 0.38447678750000003 0.6373876197183099 0.3940040703125 0.6208076690140845 0.3950213421875 0.5770430258215962 0.382265346875 0.5340589131455399 0.35972343125 0.516844323943662 0.33747109062499997 0.5231060821596244 0.32294850625 0.5167317065727699 0.313018359375 0.38262700938967137 0.3040731484375 0.36002130516431924
1 0.4281213265625 0.8127503427230047 0.4608270640625 0.8252504225352112 0.4678354359375 0.8181980657276995 0.4538186921875 0.8111631384976525 0.46783543749999995 0.8079373051643192 0.46783543749999995 0.7947095774647888 0.4577122328125 0.7848006103286386 0.4060838890625 0.7532905446009389 0.40407871562500003 0.7529561901408451 0.382956259375 0.7676376948356808 0.37049693125 0.789048647887324 0.342463440625 0.7867230375586856 0.30508545468750004 0.7405600023474179 0.296519665625 0.7520503638497652 0.2856177546875 0.8042560399061033 0.24207190937499998 0.8345232816901408 0.24123722656250002 0.8704326173708921 0.272618646875 0.9061659319248826 0.334807534375 0.9094285539906103 0.368939515625 0.8850917511737089 0.38840721718750004 0.8848146291079813 0.385292384375 0.8514113638497652 0.3759478875 0.8451555117370892 0.3891859234375 0.822699983568075 0.4281213265625 0.8127503427230047
1 0.4636753640625 0.6245994389671362 0.4462794703125 0.6276327042253521 0.42980494687500004 0.5813201408450704 0.41985438437499994 0.5921322793427231 0.4140526609375 0.6916198004694836 0.42582339999999996 0.7068771784037559 0.41984377031250003 0.7321957699530516 0.42450705937500005 0.7426685164319248 0.42740180156249996 0.7428203849765258 0.4959154578125 0.7312804671361502 0.511384965625 0.7198226525821596 0.514101503125 0.7004774671361502 0.5146245046875 0.6779771291079812 0.5091744625 0.6548741361502347 0.4636753640625 0.6245994389671362
1 0.665836878125 0.5222897957746478 0.650660984375 0.5510344976525822 0.6446228703125 0.6261819201877934 0.6614849125 0.6546961713615024 0.6783368765625 0.663319941314554 0.7100012328124999 0.6525753356807512 0.724621796875 0.6180046408450703 0.7281256515625001 0.44702355164319246 0.7314779890625001 0.42899350704225353 0.7322235578125 0.3969179295774648 0.725116115625 0.382623617370892 0.6901880265625 0.3807911807511737 0.6900699453125 0.38082396713615024 0.6405942921875 0.4882916197183098 0.6523775515625 0.48660647417840375 0.665836878125 0.5222897957746478
1 1 0.02592679342723005 0.819709340625 0.01646818075117371 0.819770328125 0.06740428873239437 0.7990501953125 0.09337684272300469 0.743764825 0.07389036854460095 0.67890448125 0.09244180985915494 0.6221314046875001 0.13845331455399063 0.5921592921875 0.14522154460093897 0.574898340625 0.16394556103286384 0.5688916125000001 0.19239181690140844 0.575338775 0.20478591549295774 0.6114658234375 0.1999225046948357 0.6470084203125 0.17408052582159625 0.71991688125 0.15029493896713614 0.77939409375 0.21386252112676057 0.8107923765624999 0.27705937089201876 0.823647553125 0.2691533661971831 0.849178934375 0.2907218192488263 0.8540600984375001 0.3032254953051643 0.8508931421874999 0.3209633145539906 0.9108765109375 0.340121058685446 0.9135722656249999 0.34927440845070423 0.8901563781249999 0.3660936103286385 0.8687469234374999 0.42364358920187795 0.8644935468750001 0.515025544600939 0.8690125703125 0.552077265258216 0.8632239625 0.5758372699530516 0.8778674499999999 0.6133483004694836 0.9471769015625 0.6668859037558685 0.9675348953125 0.665461396713615 0.9969080046875 0.6461343732394366 1 0.5131117769953052 1 0.24280049061032863 0.9949958593750001 0.24315064553990612 0.990114696875 0.23064696948356808 1 0.16057783568075118 1 0.02592679342723005
1 0.5680158234375 0.6020231737089202 0.619117915625 0.6032781854460094 0.6307785296875 0.5909875046948356 0.63089930625 0.5857914600938967 0.628911759375 0.578638690140845 0.5881097015625001 0.5563624131455399 0.5767187171875 0.5376198403755869 0.5747960765625 0.5373501901408451 0.5631359390624999 0.5635015563380281 0.5680158234375 0.6020231737089202
1 0.49568186562500005 0.7230958403755869 0.49521820156249996 0.729055485915493 0.4970145296875 0.7361962723004696 0.5124480124999999 0.7393548098591549 0.5379787781250001 0.7336476877934272 0.5520709312500001 0.7238171877934272 0.5627524296875 0.6973658122065728 0.605565784375 0.7113561784037559 0.6281936734375 0.6925780938967137 0.63349211875 0.6760312136150235 0.634099928125 0.6498823004694835 0.6246101187499999 0.6277967511737089 0.5652712875 0.6246836502347417 0.54731046875 0.6058313967136151 0.5458875796875 0.605756748826291 0.5169306359375 0.6515081572769954 0.49568186562500005 0.7230958403755869
1 0.6851264953125 0.6816396150234741 0.7012699421875 0.6628755258215963 0.718494846875 0.6042377441314554 0.7248122718750001 0.6018922323943662 0.73039324375 0.5690550774647887 0.7291992656249999 0.5660480305164319 0.7128581609375 0.5651907253521127 0.7094958234375001 0.5901646784037559 0.667687521875 0.6617027699530517 0.61708450625 0.6828123708920187 0.6022500515625 0.7109585070422535 0.556046246875 0.6851578826291079 0.5292130953124999 0.694539927230047 0.5086202890625 0.7332408638497653 0.5152924750000001 0.7754600657276994 0.509965965625 0.7989151760563381 0.5258414859375 0.8188520234741784 0.6042685671875 0.8094699788732393 0.6319654031249999 0.8258885563380282 0.6538537359375 0.8258885563380282 0.6673657359375 0.817679265258216 0.6525582109375 0.7871876197183099 0.6535124406249999 0.7520049530516432 0.6774229984375 0.7062674835680751 0.735207121875 0.7086129929577465 0.7434060765625 0.694539927230047 0.744524221875 0.7109585070422535 0.7560911296875 0.7153412957746479 0.7562212374999999 0.7097438685446009 0.7531048671875 0.6828123708920187 0.7248354921875 0.6875033943661971 0.7262081 0.694539927230047 0.713891325 0.6875033920187793 0.710573575 0.694539927230047 0.6851264953125 0.6816396150234741
1 0.20386680781250002 0.600820558685446 0.1934641109375 0.6387928920187793 0.1930866390625 0.655032323943662 0.2015404078125 0.7005382441314554 0.23187505625 0.7603042863849766 0.2278786984375 0.7660350727699531 0.2264983171875 0.7542457417840376 0.219450315625 0.755173396713615 0.218250428125 0.8326224530516432 0.23118355937500001 0.8553827136150235 0.2713276265625 0.8873132136150235 0.302716721875 0.8790179624413146 0.326150115625 0.8293508004694836 0.32513333437499997 0.794092058685446 0.3127813140625 0.7842672887323944 0.3054067234375 0.7558308661971831 0.293163784375 0.7389652723004696 0.30776883125 0.7042527887323944 0.31667055 0.6341176830985916 0.3284778203125 0.6286600211267606 0.35648802812499997 0.6366841056338027 0.365316375 0.6217294319248826 0.3656072546875 0.6029539014084507 0.35870469374999997 0.5944937910798123 0.34845960625 0.6000060798122065 0.3410843625 0.6220562042253521 0.31623488125 0.6117944295774649 0.31249304375000003 0.6010966291079812 0.33309230156249997 0.5830312347417841 0.33171192031249996 0.5712419014084508 0.32335625625 0.5556863450704226 0.30453734374999997 0.5597247183098591 0.30039486875 0.5435516103286385 0.298651796875 0.5434601643192488 0.302248609375 0.556122368544601 0.2953817546875 0.5958018638497653 0.27372870625 0.6314420046948357 0.24379271406249997 0.6468327065727699 0.2266450640625 0.643884882629108 0.20386680781250002 0.600820558685446
1 0.2946329015625 0.5432493192488262 0.294510415625 0.5511553591549295 0.2983598046875 0.5434448450704226 0.2946329015625 0.5432493192488262
1 0.34494230625 0.6257495633802818 0.33468379062500003 0.6372724295774648 0.322327025 0.6331306244131455 0.3140110875 0.6475400422535211 0.3116337125 0.6932931267605634 0.34038253125 0.6978888615023474 0.3485404359375 0.7104076525821597 0.351267125 0.7442327089201878 0.42243013124999995 0.7200530563380281 0.4358820203125 0.7024935328638497 0.4359631140625 0.699004779342723 0.4301569328125 0.655338265258216 0.41895073125 0.6406117417840376 0.4018988375 0.6366751807511738 0.36557570781250004 0.6476269366197183 0.3501028234375 0.6260203004694835 0.34494230625 0.6257495633802818
1 0.22829231718749998 0.8364683215962442 0.21672007187500003 0.8531292816901408 0.21268036875 0.9021063615023474 0.23056487812499998 0.9364641572769954 0.23180296562499997 0.9369084953051643 0.236520321875 0.9371559812206574 0.2589365875 0.887360809859155 0.26179470625 0.8618102253521126 0.2633500890625 0.8607730798122065 0.2635115546875 0.8538265516431925 0.233664771875 0.837221809859155 0.22829231718749998 0.8364683215962442
1 0.17902080781250002 0.18723707276995305 0.159726025 0.2287661103286385 0.15670646093750001 0.2942386525821596 0.1782582296875 0.33200485211267605 0.228466209375 0.3617654178403756 0.23146929843750003 0.4527072370892019 0.2419767953125 0.46984882159624414 0.27030555624999997 0.46652370422535216 0.293848940625 0.4423551056338028 0.3229238015625 0.4506765657276995 0.327363046875 0.43184506572769954 0.33485921875 0.4362520117370892 0.3442019625 0.4254199131455399 0.3413543609375 0.41034501643192484 0.331429240625 0.40719027230046945 0.343037209375 0.3974462323943662 0.327016915625 0.3921700868544601 0.324542365625 0.3829184788732394 0.2721790484375 0.41743297417840375 0.25837837656249996 0.40274107746478877 0.270431915625 0.37547245070422536 0.2995793 0.36044603286384974 0.3081759421875 0.3379673568075118 0.3362041734375 0.30547106807511737 0.35762371875 0.30260633802816905 0.35840705 0.2689061478873239 0.35232390625 0.2535476502347418 0.30931156875 0.19902286619718312 0.265499290625 0.2005548708920188 0.22681169375 0.16622426525821596 0.211915646875 0.1654427723004695 0.17902080781250002 0.18723707276995305