1 0.501970775 0.9260719154929578 0.5119840109375 0.8682062089201877 0.49382955156249997 0.8404551455399061 0.5340509921875001 0.7658574460093897 0.623784928125 0.843868220657277 0.6508934671875 0.8303008708920188 0.6588553125 0.7328826197183098 0.6253348125 0.6871758028169014 0.5711155140625 0.6851573192488264 0.548434440625 0.5990979061032864 0.502713728125 0.5529357018779343 0.448194096875 0.5277128004694835 0.40856295156250005 0.7931058051643192 0.4440707421875 0.8984528075117372 0.48321943437500003 0.9098852723004696 0.4928671828125 0.9243926220657276 0.501970775 0.9260719154929578
1 0.7639467796875 0.7315828333333334 0.7799836328125 0.7550412018779343 0.810804565625 0.76072658685446 0.8379796390625 0.6115999953051644 0.8395924499999999 0.5991347253521127 0.8139672046875001 0.5870183122065727 0.79465765 0.6286872723004695 0.7736256390625 0.6298827183098592 0.7397702015625 0.6136521830985916 0.71461705625 0.6669783873239437 0.7128353515625 0.6887786854460094 0.7195082640625 0.698539748826291 0.7639467796875 0.7315828333333334
1 0.8887906437499999 0.7230812699530517 0.9112308703125 0.6210784084507043 0.9151856546875001 0.6001405680751174 0.919504990625 0.5677636197183098 0.9198728203125001 0.563262985915493 0.8882807250000001 0.5846878849765259 0.875041975 0.6318182863849765 0.8442317906250001 0.6109250305164319 0.83243109375 0.6315568474178405 0.8309534656249999 0.6496365798122066 0.8393194609375 0.6737997018779344 0.86876773125 0.6701648450704225 0.86721866875 0.7165127558685447 0.8739856671874999 0.7203502699530516 0.8887906437499999 0.7230812699530517
1 0.1449600453125 0.6612135352112676 0.1664046109375 0.6903856408450705 0.17110261875 0.690837941314554 0.205819115625 0.6708977676056339 0.2217778609375 0.4756323497652582 0.20684714999999998 0.3820672840375587 0.1968858546875 0.38022977230046945 0.1876107625 0.39081487558685446 0.2007805765625 0.4933064859154929 0.146538021875 0.6030331478873239 0.13508230937500001 0.6053615093896714 0.125644675 0.5752868122065727 0.1095974171875 0.5788888849765258 0.0752766859375 0.5841629389671361 0.0786375796875 0.6702692746478873 0.1217701515625 0.6761374859154929 0.1449600453125 0.6612135352112676
1 0.240802125 0.4211879483568075 0.23484779374999998 0.5102148427230047 0.24219185 0.5115695657276995 0.2661287875 0.5064201690140845 0.2746135625 0.4893683521126761 0.307649053125 0.503602014084507 0.30895618593749996 0.48760841079812206 0.3092367234375 0.45067364788732395 0.240802125 0.4211879483568075
1 0.39282614374999997 0.6032125868544601 0.4429152046875 0.6124522699530517 0.4457622578125 0.5864275328638497 0.391977009375 0.541946603286385 0.41357907968749996 0.4708284788732395 0.3794831046875 0.4561055774647887 0.3621077734375 0.47805791784037555 0.3644219140625 0.5200778615023474 0.3413416546875 0.5536337370892018 0.3407055921875 0.5614163615023474 0.3446814109375 0.584707323943662 0.39282614374999997 0.6032125868544601
1 0.4595986296875 0.4954671103286385 0.4336032203125 0.48781738967136146 0.43139944999999996 0.5270653450704225 0.46439826562500003 0.5285266690140845 0.4824979765625 0.5395043685446009 0.4841643828125 0.5396648028169014 0.4898782234375 0.46975232629107977 0.4854044 0.46892706338028173 0.4595986296875 0.4954671103286385
1 0.0056125234375 0.4012622488262911 0.0069902234375 0.4008998755868544 0.0085126734375 0.46889818075117373 0.027126212500000003 0.5015807417840376 0.0344998640625 0.5511159084507042 0.0454266875 0.5531315258215962 0.0599850453125 0.3750007323943662 0.029318931250000003 0.36606313145539904 0.0056125234375 0.4012622488262911
0 0.7070684218750001 0.8171260117370892 0.7079919484375 0.8058260751173708 0.68923056875 0.8010250093896714 0.6929723296875 0.8435501690140845 0.66315503125 0.8878793943661972 0.6310434578125 0.8640742441314554 0.6164097671875 0.7927819342723005 0.597947559375 0.7932534319248827 0.585405059375 0.8284008732394367 0.6494625562499999 0.9792945093896713 0.6538618140625 0.9801060187793428 0.7070684218750001 0.8171260117370892
0 0.43675863593750003 0.5882521854460093 0.4552776203125 0.6194627957746478 0.46313690156250004 0.620912558685446 0.48445976875 0.6130976150234742 0.48467522343749997 0.6104613755868545 0.4475464859375 0.5763774507042253 0.445983153125 0.5759492136150235 0.43675863593750003 0.5882521854460093
0 0.205934025 0.5025162159624413 0.2371879328125 0.49895963615023475 0.23730989062500002 0.4974674061032863 0.2172113921875 0.47763234976525826 0.18384343125 0.485241382629108 0.1911852359375 0.49979557981220657 0.205934025 0.5025162159624413
0 0.29317369375 0.5326766079812206 0.32773952500000003 0.5510005892018779 0.33484250000000004 0.5523108403755869 0.35420802500000004 0.550299558685446 0.354592253125 0.5455982746478873 0.337128921875 0.5255041150234742 0.3367588390625 0.5254259741784038 0.29317369375 0.5326766079812206