1 0.35083395781250004 0.8803308474178404 0.4025627625 0.860226161971831 0.43954340312499995 0.7897595258215963 0.491438596875 0.816416441314554 0.5414944984375001 0.7837946150234741 0.541580653125 0.783202631455399 0.5518079171875 0.7050043356807512 0.51804708125 0.665521352112676 0.4187775921875 0.692921690140845 0.3939176015625 0.6002640117370892 0.41614614687499996 0.583257396713615 0.417125825 0.513553720657277 0.416125915625 0.51331579342723 0.396275978125 0.5281700093896714 0.3570177171875 0.5184765046948356 0.3099604734375 0.5919536009389671 0.30197893750000004 0.667662058685446 0.2944947359375 0.8757404319248826 0.35083395781250004 0.8803308474178404
1 0.23358239374999998 0.46209841549295777 0.1813827890625 0.4860273849765258 0.1817938 0.5395631244131456 0.1749112859375 0.5692082394366197 0.1442128125 0.582852352112676 0.14299191875 0.5985449976525822 0.143097634375 0.6194700023474179 0.1789179515625 0.6279933896713615 0.2595381859375 0.635064603286385 0.261829259375 0.6133327370892019 0.2601155625 0.5916124483568075 0.2489770046875 0.5583227699530516 0.24100815781249998 0.48429152816901405 0.23358239374999998 0.46209841549295777
1 0.12957777343750002 0.5192355563380282 0.12352164531250001 0.4672513239436619 0.15651105468749998 0.46618544835680753 0.1792163203125 0.4260609201877934 0.138788228125 0.4195671338028169 0.0678117046875 0.41289304460093895 0.06654974687500001 0.4248632769953052 0.06645183593750001 0.42654458450704225 0.0679688203125 0.44633135915492955 0.0977311234375 0.4616869178403756 0.0885461828125 0.5024245422535212 0.1072621296875 0.5319890821596245 0.12957777343750002 0.5192355563380282
1 0.9460657093749999 0.6009291267605634 0.889609734375 0.5864104647887324 0.8813358625 0.6370675657276995 0.8767161984375 0.6606278215962442 0.8952821312499999 0.6780361737089202 0.8921449625 0.6948820375586854 0.812038853125 0.7637560046948356 0.7461187890625001 0.7327851784037559 0.73171949375 0.7548043333333334 0.7315969156250001 0.7572346338028169 0.762139846875 0.773900176056338 0.9044604265625 0.8077651384976526 0.9231236031250001 0.8063418450704225 0.9389939671875001 0.7626442605633803 0.9429467031250001 0.7251507887323944 0.9308280312500001 0.6989458615023475 0.94392885625 0.6659712887323944 0.9460657093749999 0.6009291267605634
1 0.7340861125 0.6246241103286385 0.732986215625 0.5770990516431925 0.74605663125 0.5689497629107981 0.7580535453125 0.5247058380281691 0.6971254671875 0.5108684342723004 0.699568075 0.6164105962441314 0.7340861125 0.6246241103286385
1 0.6200237140625 0.5003111431924883 0.589563409375 0.5261036338028169 0.563525453125 0.5114712981220657 0.5460136078125 0.5287188215962442 0.54371753125 0.5504981455399062 0.5429769875 0.5835087652582159 0.5949513078125 0.5715942605633803 0.6062861984375 0.6583846431924882 0.6305367234375 0.6641550187793428 0.6368295828125 0.5151189953051644 0.6200237140625 0.5003111431924883
1 0.565026603125 0.48758476995305167 0.5453388578125 0.4938352981220657 0.5139716671875 0.4875185469483568 0.5099460484375 0.5257033403755869 0.534805625 0.524668396713615 0.55856999375 0.5614702136150235 0.5591306796875 0.5616036267605634 0.56565434375 0.5275616525821596 0.5672297328125 0.48791319483568074 0.565026603125 0.48758476995305167
1 0.974270175 0.6268874178403756 0.9409908093749999 0.6096864389671361 0.9278060937499999 0.6065491572769953 0.9045155609375 0.6245088732394366 0.8992973359375 0.6740060821596244 0.9799818390624999 0.6997713708920188 0.9813807140625 0.7001042300469483 0.9875084718749999 0.660228572769953 0.974270175 0.6268874178403756
0 0.295992090625 0.7702159014084506 0.334553584375 0.7443732676056337 0.35958103124999996 0.7648473169014084 0.364077503125 0.7330663051643193 0.23473951249999997 0.7502450657276996 0.2340822140625 0.7564798356807512 0.3039602609375 0.8998962089201878 0.3048845609375 0.9001998215962441 0.3306420046875 0.8953750492957747 0.33776405625 0.8697076690140846 0.2988988515625 0.8236833286384976 0.295992090625 0.7702159014084506
0 0.5196312765625 0.571218234741784 0.5179559296875 0.5708195892018779 0.5091621171875 0.5781565492957746 0.508286603125 0.5864611948356807 0.5158486734375 0.6463718896713615 0.5165577984375 0.6465406244131455 0.5335511734375 0.609557145539906 0.5196312765625 0.571218234741784
0 0.77771439375 0.5946018544600938 0.77489085625 0.5939300000000001 0.7533844078125 0.6024970093896713 0.7532083828125 0.6041666830985916 0.7863423265625 0.6251750023474179 0.796160515625 0.6275112253521126 0.8064654015625001 0.6167115399061033 0.77771439375 0.5946018544600938
0 0.6551517234374999 0.6018019530516432 0.658676653125 0.6565908004694835 0.6587809484375 0.656615617370892 0.673228590625 0.5975171737089202 0.673720825 0.5928481150234741 0.6634316859375 0.558141558685446 0.6632936375 0.5581111784037558 0.6557436640625001 0.5933408004694836 0.6551517234374999 0.6018019530516432