1 0.605136278125 0.09349970187793427 0.5564072765625 0.12382377230046948 0.52784008125 0.20114823474178403 0.47372116562500005 0.18511752112676055 0.4280396015625 0.22752308920187794 0.42802085781250004 0.2281276338028169 0.4266816890625 0.30775365492957746 0.46436361406250004 0.34014685915492954 0.559125959375 0.2930458497652582 0.5939792578125 0.37997515258215964 0.5739748828125 0.4013063497652582 0.580661221875 0.46924636854460094 0.5831256125000001 0.4693109953051643 0.5997122390625 0.45196664788732394 0.6394823796875 0.4537051549295774 0.6796981125 0.3669384647887324 0.680076921875 0.33433452112676054 0.6611684421875 0.08674839201877935 0.605136278125 0.09349970187793427
1 0.787547828125 0.3345787253521127 0.7399224390625 0.3513110117370892 0.7281982859375 0.3621792018779343 0.7281098015625 0.36979512206572773 0.7493528640625 0.44080926995305164 0.7845370593750001 0.4367522159624413 0.805008396875 0.4451912910798122 0.8179952703125 0.4895567676056338 0.839376084375 0.49011745070422535 0.8454271328124999 0.48945640140845076 0.8453780656250001 0.4767855399061033 0.8364185640624999 0.3104599014084507 0.828636978125 0.309847220657277 0.8079134218749999 0.31570015023474174 0.787547828125 0.3345787253521127
1 0.8486769140625 0.418684058685446 0.85218234375 0.5295048051643193 0.8741267984375 0.5226851666666666 0.880996078125 0.4766517323943662 0.908901778125 0.486881441314554 0.922366590625 0.4632202535211268 0.9225793265625001 0.44491016431924885 0.915494171875 0.4237989154929578 0.88183706875 0.4374384460093897 0.87750970625 0.3879951877934273 0.8499542765625 0.3589194248826291 0.8485273828125001 0.35888200704225354 0.8486769140625 0.418684058685446
1 0.1519510609375 0.26207291314553993 0.129692584375 0.24362225117370892 0.0864760890625 0.24268549530516434 0.0784823109375 0.32763658215962443 0.1123327234375 0.3382528122065728 0.128098709375 0.34434442018779343 0.1391098421875 0.3159687816901408 0.150377890625 0.32007613145539904 0.1984004640625 0.4375060070422535 0.179765709375 0.537185 0.1928964640625 0.5553365845070423 0.1969837296875 0.5554437676056339 0.2225391046875 0.4391944694835681 0.22431394375 0.28643507981220656 0.2234302984375 0.269866279342723 0.17955255 0.23676320657276995 0.17485549375 0.23647567136150235 0.1519510609375 0.26207291314553993
1 0.25219048593750004 0.4230682863849765 0.243044846875 0.42282845539906105 0.24286555 0.4382605610328638 0.25164389374999996 0.5283497417840376 0.2869500671875 0.5351836596244132 0.28178930156250004 0.48222051408450706 0.2941701 0.471969603286385 0.30283730468750003 0.4260736056338028 0.25219048593750004 0.4230682863849765
1 0.44001742187500004 0.4009136713615023 0.42653740625000003 0.3777992558685446 0.4069572609375 0.376429176056338 0.389475778125 0.3786149953051643 0.40543255624999996 0.4547801150234742 0.3486173796875 0.48253070892018785 0.3482475609375 0.5143608990610329 0.3483673828125 0.5187629460093897 0.4490861328125 0.5107098873239436 0.454865853125 0.4888987863849765 0.45461620312499995 0.4808460516431925 0.434476646875 0.441461603286385 0.44001742187500004 0.4009136713615023
1 0.46421533125 0.49451026291079814 0.483240928125 0.4629000798122066 0.48337165000000004 0.4516489436619718 0.46576179218749997 0.44834617605633803 0.43812542031249996 0.4523060680751174 0.4431475765625 0.4837180117370892 0.439132603125 0.5330543802816902 0.46533609374999996 0.5340913333333334 0.46421533125 0.49451026291079814
1 0 0.5297967605633803 0.0001312453125 0.5328380680751174 0.00972205 0.5340986690140845 0.016134235937499998 0.5342668192488264 0.024371442187500002 0.48839624882629107 0.0436677546875 0.4620156643192488 0.0465162609375 0.3954415962441315 0.0470561578125 0.39575203521126756 0.0470126015625 0.39462851643192487 0.0254661640625 0.3552767511737089 0.014178165625 0.35379307511737085 0.0016264140625 0.35346007042253524 0 0.49344457276995307 0 0.5297967605633803
0 0.678297565625 0.17627510328638496 0.6416880046875 0.21737125117370892 0.615170590625 0.20830464788732395 0.613030971875 0.24069997183098593 0.7398053171875 0.17019251643192487 0.7399051640625001 0.16159873708920186 0.6647419078125 0.060590568075117375 0.6517180234375 0.06024903521126761 0.63441915 0.07082766666666666 0.6292041171875 0.09846659624413145 0.6714363453125001 0.12620033802816902 0.678297565625 0.17627510328638496
0 0.48417507656250003 0.3824984953051643 0.47158137499999997 0.35838823708920187 0.46715240312499995 0.3582720938967136 0.4588762453125 0.3686095234741784 0.47274748125 0.4316921784037559 0.483992846875 0.398182896713615 0.48417507656250003 0.3824984953051643
0 0.222286959375 0.4608964342723005 0.22266459843750003 0.42839329577464785 0.2182875171875 0.41044035211267604 0.2170105546875 0.4104068661971831 0.2043401890625 0.4724438309859155 0.204326184375 0.47265587323943664 0.21434468906249998 0.4913013661971831 0.222286959375 0.4608964342723005
0 0.33176582187500003 0.4415894647887324 0.34618439218749997 0.4419675704225352 0.3601554046875 0.43098732863849765 0.3601910421875 0.42792007276995303 0.33556920625000003 0.41725278873239435 0.33493508906249997 0.4171750211267605 0.296949003125 0.4243469507042254 0.33176582187500003 0.4415894647887324