1 0.5320951515625 0.8365735352112676 0.51246799375 0.8461799061032864 0.5095855109375 0.8855162112676057 0.5091291609375 0.9247940539906103 0.5764463156249999 0.9913449201877934 0.5840261390625 0.9949063051643192 0.602954378125 0.9935818403755869 0.6098905640625001 0.8605715258215962 0.6101456062499999 0.8386202957746479 0.5320951515625 0.8365735352112676
1 0.4405136234375 0.9867773427230047 0.5454970546875 0.989530382629108 0.5519557359375 0.9308661807511737 0.5500751140625 0.8646277957746479 0.543773034375 0.8284936408450704 0.528538009375 0.7995149577464788 0.5089815625 0.7982953521126761 0.4454406171875 0.9272333192488263 0.4291557765625 0.9483552253521127 0.42894032656250003 0.9668988403755869 0.43742797656250004 0.9863648920187793 0.4405136234375 0.9867773427230047
1 0.7658563046875 0.8427035868544601 0.6699310359374999 0.8401880845070422 0.6480483078125 0.8538301924882629 0.6528227890625 0.8558106549295774 0.6468120359375 0.8633530469483568 0.655450778125 0.99945708685446 0.6663539171874999 0.9997430070422535 0.7349200390624999 0.994853176056338 0.80842811875 0.9890655399061034 0.8096842234375 0.880953309859155 0.793020840625 0.8506631525821596 0.7658563046875 0.8427035868544601
1 0.4736156453125 0.4760759953051643 0.4871601296875 0.5202735962441315 0.622896415625 0.6718764976525821 0.654993046875 0.740112103286385 0.670200028125 0.7548626126760564 0.787650628125 0.7889613051643192 0.8004006578125 0.7885154671361502 0.83744335625 0.7783080845070423 0.8417090296874999 0.4111640305164319 0.8364618531250001 0.4022591244131456 0.842222109375 0.36700355399061035 0.8431721781249999 0.28523167370892016 0.831840584375 0.2707581784037559 0.82762173125 0.2238833661971831 0.8440724109375 0.20774923943661971 0.8442079 0.19608770187793428 0.843354584375 0.19394426760563382 0.83079299375 0.19203239906103287 0.8297109765625 0.17913909154929578 0.8448039984375001 0.14478189671361502 0.8451271078125 0.11697197183098593 0.8172782296875001 0.11624167370892019 0.7881005609375 0.2064563896713615 0.787376446875 0.3099308474178404 0.7639905453125 0.34719090375586853 0.6265229171875 0.3567000399061033 0.5744401546875 0.3373611948356807 0.5462994375 0.3383452065727699 0.5200497265624999 0.35336979577464783 0.48604784375000004 0.4051077676056338 0.4736156453125 0.4760759953051643
1 0.1950815640625 0.5158818169014084 0.1939132046875 0.5022978262910798 0.1851571703125 0.49422672300469483 0.1688588234375 0.5003860492957747 0.15721876875000002 0.545235044600939 0.156702078125 0.5992886431924883 0.160432421875 0.6014407699530517 0.165229484375 0.6015665657276995 0.1806646015625 0.5448251807511737 0.19495259375000001 0.5269822769953052 0.1950815640625 0.5158818169014084
1 0.21829649999999998 0.6258893497652582 0.220370828125 0.6258168169014084 0.22147922343749998 0.5304178615023474 0.216646046875 0.5183949765258217 0.209296321875 0.5182022417840375 0.194331159375 0.5402417253521127 0.1754506234375 0.6185625 0.21829649999999998 0.6258893497652582
1 0.3330165921875 0.8020184530516431 0.338691303125 0.810846748826291 0.362083403125 0.8099655046948356 0.38700836875 0.8077845258215962 0.4314614578125 0.7700922394366198 0.4451412890625 0.7502455399061033 0.446015190625 0.7361818028169014 0.4242791578125 0.7229308708920188 0.4255900125 0.7018352676056339 0.4179329359375 0.6873524014084507 0.3955953859375 0.6963006126760563 0.3621240609375 0.7341975798122066 0.3497739984375 0.7201253615023475 0.3652016359375 0.6721511901408451 0.3658031515625 0.6499520492957747 0.32855057187500003 0.64854929342723 0.2954462015625 0.6304650821596244 0.26714264062500004 0.6352729061032864 0.25368956875 0.6085818568075118 0.230696296875 0.6079788896713615 0.2206686546875 0.6195241666666668 0.18739406249999999 0.7168498075117371 0.1555627203125 0.7033166291079812 0.1538133328125 0.705215720657277 0.152531440625 0.8155474882629108 0.23289957656250002 0.8107788685446009 0.249999365625 0.7859704929577465 0.2657883 0.782257720657277 0.30969731875 0.8017277183098591 0.3330165921875 0.8020184530516431
1 0.1891151578125 0.4255225680751174 0.181876440625 0.4419035680751174 0.18148943281250002 0.4752130868544601 0.264965525 0.47740212910798124 0.2693169296875 0.4747999577464789 0.289944890625 0.478057176056338 0.31799101093750004 0.4787926455399061 0.32812379062499997 0.4604642699530517 0.3375921921875 0.4595972112676056 0.3534066375 0.4797213708920188 0.385557640625 0.48056448356807513 0.384427121875 0.44927648591549296 0.3672366234375 0.4134919882629108 0.36985608124999997 0.3572140704225352 0.356299196875 0.2771225281690141 0.3399818515625 0.22257872535211268 0.3229709984375 0.19981440845070422 0.2884354328125 0.1990854295774648 0.2512417671875 0.2723443755868545 0.20929797187500002 0.32949930281690143 0.1891151578125 0.4255225680751174
1 0.9944021921875 0.7920695821596244 0.9951207375 0.7920067089201878 0.9957870328125 0.7346590492957747 0.974109 0.7850682511737089 0.9944021921875 0.7920695821596244
1 1 0.40980966901408455 0.9370746499999999 0.4081595399061033 0.9457717140625 0.5938141854460094 0.94602906875 0.5938051854460094 0.977516265625 0.5120827300469484 1 0.41316150234741783 1 0.40980966901408455
1 0.9981521109375 0.6656021971830987 0.9889358406250001 0.6539723403755868 0.9249949859375001 0.651281927230047 0.9166627390625001 0.6588297159624412 0.9121087156250001 0.6877705352112676 0.9188638703124999 0.7047100516431924 0.965407025 0.7563732769953051 0.99708783125 0.7572040610328639 0.9981521109375 0.6656021971830987
0 0.6885340046875 0.7759808450704225 0.5884431593749999 0.7879693051643192 0.58806118125 0.8138806408450704 0.5905898546875 0.8253983568075118 0.685987234375 0.8138617629107981 0.6942099421875 0.8389446854460094 0.7199330234375 0.830587617370892 0.7194927390625 0.9905818427230046 0.7426537171875001 0.9883520234741784 0.74838471875 0.7455202863849765 0.7504372312500001 0.7346534460093898 0.7531744312499999 0.49906419953051645 0.7525792515624999 0.490189103286385 0.731540384375 0.4896373873239437 0.7303744328125 0.493213072769953 0.7252446984375001 0.6677721690140844 0.7090540953125 0.6846204295774648 0.65647990625 0.6285239436619718 0.584404196875 0.5778333122065727 0.5862961765625 0.5988212582159624 0.5966654828125 0.6107602370892018 0.6895525765625 0.6900262840375586 0.6917720484375 0.7321527957746479 0.6885340046875 0.7759808450704225
0 0.46111058437499997 0.3321110610328638 0.4598400015625 0.2944450211267606 0.4513337375 0.2832812441314554 0.45308027187500005 0.4541618638497652 0.4631544234375 0.454426044600939 0.463288140625 0.4543891126760563 0.4625811515625 0.3439568145539906 0.4674759921875 0.3402354835680751 0.46751404531249996 0.33696028873239436 0.46111058437499997 0.3321110610328638
0 0.1801673921875 0.38695845774647886 0.19197930624999998 0.3793794694835681 0.19198902812500002 0.3785427276995305 0.1849975828125 0.3720029647887324 0.143946209375 0.37092645070422536 0.104767303125 0.37811625352112677 0.1090322625 0.3931125070422535 0.1801673921875 0.38695845774647886
0 0.10681208281250001 0.22105562676056337 0.1013508390625 0.2097728215962441 0.09588959687500001 0.2196199953051643 0.09588959687500001 0.2736188309859155 0.1005706609375 0.4127528497652582 0.105413565625 0.42391482159624416 0.10999263125 0.4240349014084507 0.11020309218749999 0.42360515258215964 0.11179629843750001 0.2864788098591549 0.10681208281250001 0.22105562676056337
0 0.7942442390625 0.4114573427230047 0.8017031890625 0.41596589201877937 0.86256433125 0.4143698943661972 0.948261834375 0.4085944882629108 0.9979567921875001 0.39788301173708923 0.9985401812499999 0.39568473239436625 0.8965958546874999 0.3930113896713615 0.796220175 0.4008211901408451 0.7942442390625 0.4114573427230047
0 0.9970799250000001 0.6233806549295775 0.9973330468749999 0.6015944906103285 0.9176433125000001 0.5981132629107981 0.9196441796875 0.6159175422535211 0.9301527625 0.6216255868544601 0.9970799250000001 0.6233806549295775
0 0.185277078125 0.5633956103286385 0.193077259375 0.5645583967136151 0.19635816718750002 0.5451674600938967 0.21531228125 0.530451779342723 0.21502090156250003 0.5210530352112676 0.22371036718749998 0.5258566267605634 0.2191759484375 0.5298583286384977 0.225634628125 0.5378376150234742 0.2393162953125 0.9791534530516431 0.245615603125 0.9793186431924883 0.2386796421875 0.7081777676056339 0.246115596875 0.6975921220657276 0.245186646875 0.5173639976525821 0.3935509078125 0.5196008568075118 0.4029567140625 0.5132141455399061 0.40297375312500006 0.5117476009389671 0.40091401875 0.5066655281690141 0.33056670625 0.49150109624413146 0.27603829062499996 0.48571128873239433 0.2577549265625 0.49701871830985916 0.177974553125 0.47810925821596245 0.12277538750000001 0.4757276995305164 0.1256617765625 0.493699176056338 0.1912561359375 0.5058162535211268 0.199114015625 0.533884145539906 0.185277078125 0.5633956103286385