1 0.5926481703125 1 0.6001421578125 0.8985622276995305 0.5963328515625 0.8650173192488263 0.546029203125 0.8544253685446009 0.48900563437500005 0.9560703333333332 0.4795633796875 0.9856037840375587 0.4790486125 0.9944433333333333 0.521324446875 1 0.5926481703125 1
1 0.4590785515625 0.9800365774647888 0.49450843281249995 0.9793098943661972 0.5185710453125 0.9708963544600939 0.5379872906250001 0.948864014084507 0.53902486875 0.9195387276995305 0.45416443125 0.820403455399061 0.4358276015625 0.7871820751173709 0.41500082968749996 0.8066589295774648 0.40427424062500006 0.9666545352112675 0.44246503906249995 0.9778529248826291 0.4590785515625 0.9800365774647888
1 0.7392696515625 1 0.75238345625 0.954417528169014 0.763550284375 0.8592735093896714 0.7598522578125 0.828702631455399 0.757312221875 0.8283687723004695 0.7567804796875001 0.8299104154929577 0.7561327437500001 0.8282137441314554 0.7070576484375 0.8217633943661973 0.6609242359375 0.8230633943661971 0.6591228250000001 0.8379875446009389 0.6496880875000001 1 0.7392696515625 1
1 0.63914924375 0.23765032159624414 0.5811726296875 0.1966080915492958 0.5683917703125 0.19810216431924882 0.5523960437500001 0.21783240845070423 0.5210699296875 0.21458072300469483 0.511419246875 0.18114045539906104 0.50394308125 0.1851831854460094 0.5007282140625 0.20341935680751172 0.4921239671875 0.20240869483568077 0.46835566562500003 0.16773806338028172 0.44496541875 0.16413482159624415 0.43810799375 0.18919037089201876 0.43775020624999994 0.1953342840375587 0.5034894640625 0.2696407910798122 0.571071371875 0.29169981455399063 0.5917911421875 0.33392857511737084 0.5765183078125 0.5396676830985916 0.5557229765625 0.6129639201877934 0.5519667625 0.6548851314553991 0.5576918531249999 0.6968502676056337 0.5843695 0.7537970023474179 0.6717546734375001 0.7652827676056339 0.7821462328125001 0.6089646713615023 0.83180588125 0.5752166807511737 0.8438336734374999 0.5556622136150235 0.8863830421875001 0.38072678638497653 0.8847468328125 0.2754843521126761 0.8791079500000001 0.2722545868544601 0.802608775 0.25267833568075115 0.727989228125 0.23417867370892018 0.6494652640624999 0.22837841784037557 0.63914924375 0.23765032159624414
1 0.1697864796875 0.5114337159624414 0.1592838078125 0.48572129342723 0.1435832171875 0.4850538661971831 0.137106746875 0.49682666901408445 0.138983621875 0.5220554413145541 0.16606395000000002 0.5456506056338029 0.2042317328125 0.5506673169014085 0.20646570625 0.5445753873239436 0.1697864796875 0.5114337159624414
1 0.17600417968749998 0.594084823943662 0.1855770484375 0.5953430680751174 0.19933331406250002 0.5795454225352112 0.2202778515625 0.5091827723004695 0.2204342359375 0.5064973685446009 0.176115903125 0.4870424741784038 0.171472421875 0.580234514084507 0.17600417968749998 0.594084823943662
1 0.3560097578125 0.6894971948356807 0.3575608078125 0.667287985915493 0.32076963125 0.6564231525821596 0.2888004015625 0.6298071103286385 0.2605944546875 0.6274689319248826 0.244320865625 0.5869148145539906 0.2300953796875 0.5869078145539907 0.21529894375 0.5998133075117371 0.178191171875 0.6894097018779343 0.147285275 0.6677010352112677 0.14506616249999998 0.6694999295774648 0.1386413359375 0.7798264718309859 0.2191617828125 0.795572866197183 0.237145884375 0.7749212769953052 0.25292475468750003 0.7751872957746478 0.29552265 0.8059406596244131 0.3185783953125 0.8121501338028169 0.320381753125 0.8157106525821596 0.3845707265625 0.8241475469483568 0.4173384953125 0.804967572769953 0.43172577656250005 0.7884463004694836 0.43319593125000005 0.7745012276995306 0.41226452187499996 0.7556382769953052 0.4144697546875 0.7347206690140844 0.40751880625 0.718188896713615 0.38503634375 0.7215351572769954 0.3502932671875 0.7512174436619719 0.3386821671875 0.7339086126760563 0.3560097578125 0.6894971948356807
1 0.391819121875 0.16234880046948358 0.3665585328125 0.16330265492957746 0.342502515625 0.18803352347417843 0.30518324531249996 0.182470279342723 0.2517733421875 0.2004655751173709 0.21527756718750002 0.22334202347417842 0.2028159390625 0.24343157276995303 0.199477021875 0.3007671643192488 0.24678221718749999 0.35782441079812205 0.2840029734375 0.42236657511737086 0.3474063265625 0.4554156549295775 0.368890534375 0.4780544178403756 0.377823475 0.4792285469483568 0.379409146875 0.4778844460093897 0.3867437375 0.40739891314553994 0.3898177328125 0.36978661267605634 0.38151154374999996 0.33661319014084506 0.38722765312499996 0.26667296713615024 0.3730117140625 0.24803556807511737 0.3725999671875 0.233815720657277 0.39818027968749997 0.19043413145539906 0.3983401421875 0.16922026291079814 0.391819121875 0.16234880046948358
1 0.979696221875 0.8293219483568075 0.9827089125 0.8297179319248826 0.9842389734375001 0.8034438779342723 0.9842506046875 0.8031104460093896 0.9532142859375 0.797760147887324 0.979696221875 0.8293219483568075
1 1 0.5077657558685446 0.9080367421875 0.4965535211267606 0.9596928437500001 0.5563617676056338 0.9969652999999999 0.5849085516431924 1 0.532796955399061 1 0.5077657558685446
1 0.8988755078124999 0.7664816103286385 0.9206974406249999 0.8003597816901408 0.9823779859374999 0.8084669741784037 0.9857743250000001 0.7501453544600939 0.9505609171874999 0.7018829507042254 0.9033310109375 0.6918276995305164 0.8988755078124999 0.7664816103286385
0 0.636210365625 1 0.6352363890625 0.8606441244131455 0.652456396875 0.8502204154929577 0.6487036109375001 0.8110525281690141 0.7626609828124999 0.8247367347417841 0.9033886296875 0.7816310915492958 0.9104327921875001 0.7754467676056338 0.8688796218749999 0.7699850868544601 0.8690671765625 0.7718610915492957 0.7799630765625001 0.7931163544600939 0.5942310578125001 0.7620014741784037 0.569295703125 0.7482586784037558 0.5287107703125 0.7427073309859156 0.461583571875 0.7350661877934273 0.42097127656250005 0.7365803990610329 0.4123521515625 0.7441474389671361 0.41229742812500003 0.7582785539906103 0.42552752031249996 0.7699217863849764 0.5410188406249999 0.7907944812206572 0.5510715875 0.8163229741784037 0.510176559375 0.8908479460093897 0.471509490625 0.9949971314553991 0.4855704 0.9937483098591549 0.4942168859375 0.9791157112676057 0.553299546875 0.8459471877934271 0.58141224375 0.8458047300469483 0.6102736734375 0.8539668849765258 0.6112200265625 1 0.636210365625 1
0 0.40836960156249996 0.3512859436619718 0.41012078281250003 0.3667091854460094 0.48359323125 0.37014242253521124 0.4863109953125 0.37858698356807513 0.48788807656250005 0.3787111572769953 0.49149067031250004 0.36841263145539904 0.516562515625 0.3680350610328639 0.520650584375 0.36133120422535214 0.4588561828125 0.3532090469483568 0.40836960156249996 0.3512859436619718
0 0.11302554218750001 0.3524563943661972 0.184043371875 0.3593651009389671 0.197243559375 0.3538116079812207 0.1851525359375 0.33844134976525825 0.17421799531249998 0.3370041314553991 0.1111067015625 0.3369063755868545 0.11099838125000001 0.33876643192488265 0.11302554218750001 0.3524563943661972
0 0.186013240625 0.28956361502347416 0.17653009687500001 0.2778491244131455 0.149752446875 0.2725576924882629 0.119618053125 0.2672661150234742 0.0491264109375 0.2672630845070422 0.042075935937499996 0.27427519014084506 0.04827248125 0.28274790375586856 0.159716403125 0.29739591079812205 0.17636600625 0.29903501877934274 0.185945334375 0.29072968309859154 0.186013240625 0.28956361502347416
0 0.910964715625 0.2949630915492958 0.9052221921875001 0.2917030539906103 0.9041239015625001 0.29155869483568075 0.8987587921875001 0.3051490751173709 0.8817613703125 0.5970272746478873 0.8869801890625 0.6010575821596243 0.910964715625 0.2949630915492958
0 0.9511359859375 0.601849176056338 0.944531459375 0.623422544600939 0.9390273171875 0.7179391854460093 0.9535279390625 0.7198451244131455 0.9571563640624999 0.6810581338028169 0.9630832500000001 0.6008111267605634 0.9511359859375 0.601849176056338
0 0.2789185375 0.9218965586854461 0.273190109375 0.9134704530516432 0.30296865624999997 0.46260226995305165 0.29844089375 0.4597868474178404 0.2968898953125 0.4594316737089202 0.276560065625 0.7434986830985916 0.268049465625 0.7534069671361502 0.251525421875 0.932223676056338 0.1023964203125 0.9182307910798122 0.09586438281250001 0.921849265258216 0.09533429843749999 0.9309518333333334 0.1172147546875 0.9374589436619718 0.2340765765625 0.9528190704225351 0.23690310781249999 0.9514038615023475 0.246396140625 0.9544383333333334 0.3699028078125 0.9706718474178404 0.3695484828125 0.9651791995305165 0.3046940265625 0.9479562840375587 0.2995031734375 0.9194960657276996 0.3162904875 0.8913259084507043 0.3085513515625 0.8895536690140845 0.3033702921875 0.9085244389671361 0.2828652546875 0.9216146244131455 0.28224808125 0.9309590446009389 0.2739664703125 0.9255054225352113 0.2789185375 0.9218965586854461