1 0.45139489375 0.8484407417840376 0.37956176875000003 0.9127561549295774 0.378617815625 0.9940016197183098 0.46124921875 0.9990599812206573 0.469646928125 0.9992801971830986 0.47887133281249994 0.8360035868544601 0.45139489375 0.8484407417840376
1 0.5623106234375 0.8182765563380281 0.5438212 0.7953170938967137 0.5220949828125 0.8250908708920188 0.43121805 0.9053604131455399 0.43074438437499996 0.9461285258215962 0.4421274796875 0.9632183920187793 0.4650133109375 0.9757623004694835 0.5048071515625 0.9836127981220657 0.5123573171875 0.9838768098591549 0.55561530625 0.978930427230047 0.5623106234375 0.8182765563380281
1 0.1985490921875 0.9727508896713616 0.2704880265625 0.9834749366197183 0.3227193609375 0.971799838028169 0.342069140625 0.9381206830985915 0.344509878125 0.8346909225352113 0.33854140625 0.8338456384976525 0.18493592187500002 0.8298175539906103 0.181459015625 0.8813430352112677 0.1806166734375 0.9538428661971831 0.18286881875 0.956849469483568 0.1805725265625 0.9576425140845071 0.1805427984375 0.9602012605633802 0.1985490921875 0.9727508896713616
1 0.28848946249999996 0.5838383755868545 0.2642940875 0.6178994882629109 0.1956104421875 0.6159825352112677 0.1230243171875 0.6665148192488263 0.128487790625 0.698735781690141 0.14604895 0.702187309859155 0.1524555203125 0.7028041009389671 0.17843953125 0.6777193450704225 0.1870249859375 0.6797197981220657 0.1885859796875 0.6986522863849766 0.19561044375 0.705198 0.208098378125 0.6758791948356807 0.2393182171875 0.683580427230047 0.25336714374999997 0.7084107394366198 0.2642940875 0.7135713356807512 0.2672386875 0.7138548262910798 0.326733765625 0.694344117370892 0.33609971562499996 0.7069847018779343 0.410897246875 0.7276855258215963 0.5706387546875 0.7430646079812206 0.5725899937500001 0.7426655187793427 0.5774035625 0.6976220046948357 0.578477875 0.6051565211267605 0.556980075 0.45473407511737085 0.546833628125 0.4314533638497653 0.5007843656250001 0.3812383591549296 0.3969784015625 0.17285743896713615 0.3876010078125 0.166016161971831 0.3298954203125 0.16450291549295776 0.320489796875 0.16784128873239437 0.2869284703125 0.21743512676056337 0.27756251875000004 0.2564456009389671 0.2775625203125 0.298705558685446 0.291611446875 0.37753470657276994 0.28848946249999996 0.5838383755868545
1 0.8310418765625001 0.5187345 0.8147467484375 0.5128680399061033 0.805992621875 0.5210810845070423 0.8042539968750001 0.5413061079812207 0.8042129484375 0.544839072769953 0.8192392 0.56331958685446 0.834508625 0.619117455399061 0.83988405 0.6192584178403755 0.84319770625 0.6172910117370892 0.8426802703125 0.56331958685446 0.8310418765625001 0.5187345
1 0.816514375 0.6444711126760563 0.8251130734375 0.6446966009389672 0.8265425359374999 0.6405037136150235 0.8270670953125 0.5953551690140845 0.8230684953124999 0.53756670657277 0.777940271875 0.5461704976525822 0.80131546875 0.6240688403755869 0.816514375 0.6444711126760563
1 0.7429929171875 0.7272079882629108 0.75623060625 0.7107824061032864 0.7876535640625 0.7432649835680751 0.8095814390625 0.7483926830985916 0.81812614375 0.7323777464788733 0.8180443078125 0.7112456220657277 0.8406679671875 0.6939987488262911 0.841400121875 0.6810162323943661 0.8280260437500001 0.6622216056338028 0.784088459375 0.6308340798122066 0.7371677 0.6372885399061032 0.7309467578125 0.6472281220657277 0.707490925 0.6516293568075118 0.662216328125 0.6790790610328639 0.646563953125 0.6780998615023475 0.6308297421875 0.6559885375586855 0.5479294296874999 0.6655912723004694 0.5420398640624999 0.7611029131455399 0.54208908125 0.7738120046948357 0.5468015515625 0.7784328192488263 0.5795887984375 0.7591222112676056 0.604036565625 0.8408078708920187 0.647648540625 0.8419515328638498 0.654967525 0.8276883403755869 0.683134528125 0.8275724882629109 0.7174679187499999 0.8034289718309859 0.7549936125000001 0.7954477863849765 0.7556893984374999 0.7730732136150235 0.7429929171875 0.7272079882629108
1 0.8047783640624999 0.2705620117370892 0.7692803171875 0.24446615258215965 0.7166710265625 0.22177351643192486 0.6791386203124999 0.2240710985915493 0.6561513765625 0.1972093779342723 0.6309475484375 0.19404077230046946 0.6241380015625 0.20034697887323943 0.6233941578125 0.22159419483568074 0.6471102953125001 0.26725723239436616 0.646093115625 0.28145395070422535 0.6310923953125 0.29886243192488265 0.633825746875 0.3693673708920188 0.6241118421875 0.4018430633802817 0.625581778125 0.4397590539906103 0.6291641015625 0.49869159389671364 0.6541249640625 0.49934615727699533 0.66284879375 0.49126716431924883 0.7276193890625 0.46374474647887326 0.7675655531250001 0.40240584976525823 0.8126772515624999 0.3543372488262911 0.8134660890625 0.2864423920187793 0.8047783640624999 0.2705620117370892
1 0 0.7481454530516433 0.02856474375 0.7249728286384975 0.028564954687499998 0.7249546854460094 0.011884975 0.7219774225352114 0 0.7216657558685446 0 0.7481454530516433
1 0 0.508018192488263 0.006179165625 0.5081802323943662 0.039927959375 0.48671911267605633 0.0944724140625 0.4324959953051643 0.000689846875 0.43406989671361507 0 0.49344461971830983 0 0.508018192488263
1 0 0.6928158309859155 0.000889421875 0.7310801807511738 0.0362756984375 0.7320081361502347 0.08105038437499999 0.6826302253521127 0.085459265625 0.6702365938967135 0.0855810765625 0.6597525023474179 0.0807670296875 0.6368138497652581 0.0719799796875 0.6286667558685446 0.0078466078125 0.6268776244131455 0 0.6368820962441315 0 0.6928158309859155
0 0.16557706562500002 0.7800786713615023 0.2019467796875 0.8624207605633802 0.1904659078125 0.8857933943661972 0.0743509140625 0.883353852112676 0.0704520421875 0.8858680680751173 0.0701004125 0.9161326267605633 0.1082046109375 0.9252664272300469 0.17543411874999998 0.9311510962441315 0.2161348796875 0.9337824014084508 0.2417400296875 0.9251222183098591 0.42833294375 0.9314847441314554 0.5157536687500001 0.9705263145539906 0.5122027515625 0.9925113849765258 0.517473475 0.9966978474178403 0.556151925 0.9931810023474178 0.558604125 0.9769613309859154 0.5504671375 0.9677032488262911 0.41295065624999994 0.8965575352112677 0.298778328125 0.8872760633802816 0.3047814453125 0.849071323943662 0.28825270468749997 0.8352440281690141 0.296086259375 0.7153435422535211 0.2709495375 0.7146843685446009 0.2630297046875 0.8368709061032864 0.2338417265625 0.8391915633802817 0.2058798484375 0.8334023873239437 0.1628706140625 0.7118501525821596 0.145571590625 0.7113965093896714 0.16557706562500002 0.7800786713615023
0 0.493155584375 0.3794665399061033 0.5182084859375 0.38072169953051643 0.5197412296875 0.38547669014084507 0.5250557140625001 0.38561605399061033 0.5260625343750001 0.38272869014084504 0.59958493125 0.3818650633802817 0.6015545734375001 0.36750985211267606 0.6015663499999999 0.3664961924882629 0.48591955625 0.36685608920187796 0.493155584375 0.3794665399061033
0 0.8105001859375 0.4072120657276995 0.8189940218749999 0.41210637089201874 0.8927026765624999 0.4140392746478873 0.8976314703125 0.3989079859154929 0.8255305953125 0.39134102582159624 0.8105161765625001 0.4058357276995305 0.8105001859375 0.4072120657276995
0 0.9085139312500001 0.44497498356807513 0.9108859499999999 0.2408166338028169 0.9051128281249999 0.23076804225352113 0.90004935625 0.24167884741784038 0.8965529625 0.33344558920187795 0.9005489953125 0.4365204882629108 0.9048446312499999 0.44487876056338027 0.9085139312500001 0.44497498356807513
0 0.002713825 0.36722283333333333 0.00329535 0.3704669530516432 0.20815661875 0.4007835821596244 0.2047542359375 0.38750822300469484 0.1551662015625 0.3733175657276996 0.1363299953125 0.3707267276995305 0.002713825 0.36722283333333333
0 0.0779189328125 0.5938239835680751 0.0803319359375 0.5761559671361502 0.0006179796875 0.5747594342723005 0.000356753125 0.5972430140845071 0.06705939375 0.5989921948356807 0.0779189328125 0.5938239835680751
0 0.608355303125 0.6939208169014085 0.6035555625 0.6847318990610328 0.60051035625 0.6919140657276994 0.5980149859375 0.6790998896713616 0.6042691140625001 0.6788264976525822 0.6156545312499999 0.6489577511737089 0.6288763390625001 0.6425055633802818 0.6287399078125 0.6307631103286385 0.607891440625 0.653996469483568 0.5897880359375 0.6442142629107981 0.587078490625 0.5456459906103286 0.5753110703125001 0.5426358638497653 0.5723708937499999 0.6261781643192488 0.5784530765625 0.7457461572769953 0.569399315625 0.7743381384976525 0.5687907937500001 0.8566036713615023 0.5722701703124999 0.9409291854460093 0.5828081921875 0.9412055305164319 0.5930747000000001 0.7251346807511737 0.713384815625 0.712826410798122 0.7210660453125 0.7007422159624414 0.9072262265625 0.6903109741784037 0.9073361343749999 0.6808512159624414 0.608355303125 0.6939208169014085