1 0.248564228125 0.5515030394431555 0.1811138125 0.4858127958236659 0.2124040390625 0.42508474245939676 0.20179146406249998 0.3737794222737819 0.1675193296875 0.3435269211136891 0.15592085312499998 0.34439216241299303 0.10967358593750001 0.3479911856148492 0.10219531875000001 0.40440776334106726 0.0995225640625 0.4976660069605568 0.0882794203125 0.5106673039443156 0.0775127984375 0.5844793225058005 0.0754059984375 0.6166942737819026 0.0791742203125 0.7234628631090487 0.2476642328125 0.731783958236659 0.2516148078125 0.731373747099768 0.25122833125 0.6820541554524362 0.248564228125 0.5515030394431555
1 0.5145561468750001 0.5962969930394432 0.5323908671875001 0.6204824501160092 0.5803616328125 0.625507361948956 0.61910855 0.5942067262180974 0.6183593093749999 0.5729777726218097 0.6119373828125 0.5070700510440835 0.5641547734375 0.4717485498839907 0.5091051421875 0.4950984663573086 0.471978903125 0.43657621345707653 0.34789301875 0.4003010092807424 0.34655950468749996 0.6743450417633411 0.3468537671875 0.682682656612529 0.34688094375 0.682683596287703 0.47665777968749995 0.6725841948955916 0.5145561468750001 0.5962969930394432
1 0.9403326249999999 0.7405778422273782 0.9238307796875 0.27301556844547564 0.85090154375 0.27869101624129927 0.8077877296875 0.33698856844547564 0.7726562234375 0.44792259396751744 0.7022311640625001 0.416393331786543 0.6573564140625 0.47935646171693735 0.65745176875 0.48045668213457077 0.6869378046875 0.5973666566125291 0.7734074828125 0.588973747099768 0.7887369734375 0.6069910858468678 0.9403326249999999 0.7405778422273782
1 0.3935046578125 0.49718336426914156 0.394418325 0.4970327819025522 0.3950538421875 0.3832762621809745 0.3944105625 0.30118510440835267 0.39331547499999997 0.27015693271461716 0.37868401406249996 0.27129557076566124 0.34754699375000003 0.3008363225058005 0.316402675 0.37528357076566127 0.261857559375 0.35553316705336424 0.23373778281250002 0.3821452575406033 0.2324181140625 0.41054972157772623 0.23446919843749997 0.4686650139211137 0.26061296875 0.4859139628770302 0.32955226406250004 0.4627179025522042 0.3935046578125 0.49718336426914156
1 0.5359922515625 0.2660237494199536 0.500300265625 0.30497055452436195 0.4898756859375 0.3904684315545244 0.49195993125 0.4495233480278422 0.5435805031250001 0.44824806496519726 0.563107596875 0.4457112320185615 0.5669821640625 0.40872115081206495 0.5673020859375 0.3923944988399072 0.5369334078125 0.33126077726218095 0.5382151203125 0.2658507633410673 0.5359922515625 0.2660237494199536
1 0.7655319703125001 0.2653728863109049 0.6994256953125 0.25929609976798146 0.6699106421875001 0.28552140139211135 0.6751446921875 0.3966681832946636 0.6133140375 0.48297022505800463 0.7354796671875 0.4944531995359629 0.754616309375 0.49296396287703015 0.7435182234375 0.397518415313225 0.764720978125 0.33988486542923435 0.7657014125 0.2701738468677494 0.7655319703125001 0.2653728863109049
1 0.49370159999999996 0.3516965081206497 0.511441084375 0.39571968677494196 0.5666503796875 0.39142322969837584 0.56068955 0.28330353364269145 0.5830396203125 0.2372199350348028 0.583035075 0.2370911554524362 0.558964340625 0.23442155684454757 0.5457024374999999 0.27773497679814385 0.4838327984375 0.26549543851508123 0.48409723906249996 0.17627758468677496 0.46190509999999996 0.1587102180974478 0.46185682968749997 0.15870854988399072 0.45756305468749997 0.2285774222737819 0.457589546875 0.22932806728538283 0.500672896875 0.2913303897911833 0.49370159999999996 0.3516965081206497
1 0.38310503906250004 0.255995150812065 0.32987075 0.2483117354988399 0.3069091140625 0.19434709976798142 0.244941309375 0.21775336194895592 0.2746764453125 0.4094982784222738 0.27755065 0.40927460556844547 0.3326589359375 0.35959809280742455 0.3867310234375 0.3495886960556845 0.383540471875 0.25918782598607887 0.38310503906250004 0.255995150812065
1 0 0.3514129234338747 0.020049773437499998 0.33654314849187933 0.043397954687500004 0.31631295823665895 0.0887254359375 0.2853741740139211 0.088694871875 0.28426036194895593 0 0.2830879118329466 0 0.3514129234338747
0 1 0.6527673549883991 0.00893491875 0.7298933225058005 0.010260190625 0.7866786473317865 0.0321287375 0.8181669651972158 0.999408571875 0.6922121531322506 1 0.6920991299303945 1 0.6527673549883991
0 0.2107058859375 0.5490098863109049 0.272227578125 0.5537377749419954 0.4207791765625 0.5421772969837587 0.403648678125 0.5229481670533642 0.2423278828125 0.5109411647331786 0.21069454375 0.5486885197215777 0.2107058859375 0.5490098863109049
0 0.652690971875 0.4374156473317865 0.6433953781249999 0.3436301786542923 0.643239565625 0.34364230394431555 0.624956865625 0.4056586473317865 0.6435052265625 0.6214222900232019 0.66022343125 0.6508398584686775 0.652690971875 0.4374156473317865
0 0.8963315625 0.5864509002320185 0.8963339703125 0.5864869466357309 0.897555678125 0.5862855962877029 0.9187156468750001 0.5714090719257541 0.9132154640625 0.41556721809744784 0.9123657749999999 0.415633343387471 0.890427428125 0.48305695823665895 0.8963315625 0.5864509002320185
0 0.8668031875000001 0.3744166450116009 0.8997789078125 0.38408569373549883 0.9242085328125 0.3821845475638051 0.9242633375 0.3793877238979118 0.9216626890624999 0.35263981670533645 0.8441736203125 0.35704968677494203 0.8668031875000001 0.3744166450116009
0 0.6613807640625 0.3910212969837587 0.68227626875 0.38903292343387474 0.6822202468749999 0.3874455730858469 0.6755472890625 0.3738050742459397 0.5578443609375 0.378908 0.5634343937499999 0.39864361020881667 0.6613807640625 0.3910212969837587