1 0.25554377968750003 0.32673761484918795 0.255890678125 0.31869932482598606 0.0740455765625 0.3097990951276102 0.071880259375 0.4940046914153132 0.1319321375 0.5555036380510441 0.0976012125 0.6161446542923433 0.1055849203125 0.6673557146171694 0.138001934375 0.6972971415313226 0.1965773921875 0.6912149234338747 0.2065789703125 0.636724373549884 0.21399469375 0.543625180974478 0.22588146562500003 0.5306399767981438 0.24038804374999997 0.456949 0.25554377968750003 0.32673761484918795
1 0.60176611875 0.6576396728538283 0.6098477203125 0.6573603573085847 0.616067065625 0.46389135498839906 0.6169299546875 0.3904846055684455 0.4925863453125 0.3872616983758701 0.44866997656249996 0.47430144779582367 0.43151748124999995 0.4512652645011601 0.38373643749999997 0.4495411461716937 0.34292485156249997 0.4847073596287703 0.3489486953125 0.5705761484918793 0.3957113953125 0.6027156334106729 0.45134134843749996 0.5754761902552205 0.48682332500000003 0.63163456612529 0.60176611875 0.6576396728538283
1 0.9203425968750001 0.4867681368909513 0.8337425078124999 0.4884329048723898 0.8196111328125 0.46923463341067284 0.6662030062500001 0.31286340371229693 0.665431553125 0.3128434083526682 0.6621257046875 0.8001998770301624 0.66214895625 0.8011886519721578 0.706159353125 0.806206060324826 0.7269242124999999 0.804590109048724 0.783742434375 0.7375920208816705 0.825659059375 0.6294568329466357 0.8937882875 0.6664425220417632 0.9298778656250001 0.6223171763341068 0.9308061421874999 0.5433478770301624 0.9203425968750001 0.4867681368909513
1 0.40156385781250004 0.4986088677494199 0.404200175 0.2743348932714617 0.3592705328125 0.30507438979118334 0.32910503750000003 0.3709980348027842 0.2739269609375 0.3366356914153132 0.24605612031250002 0.35563740603248256 0.243459790625 0.437898090487239 0.2747133796875 0.46640769141531324 0.3436997484375 0.4617809489559165 0.38963436093750003 0.49829966357308586 0.40156385781250004 0.4986088677494199
1 0.5766573828125 0.3253451183294664 0.4812775453125 0.29991319953596285 0.4728250796875 0.41881132482598604 0.4728174921875 0.4194568027842227 0.49479806249999997 0.4244476496519722 0.510370303125 0.4248512714617169 0.5544560374999999 0.38007794663573086 0.5982816234375 0.3815926380510441 0.598326103125 0.3778086890951276 0.5766573828125 0.3253451183294664
1 0.77590430625 0.2822447006960557 0.7627064265625 0.2805566241299304 0.7038747453124999 0.27903174477958237 0.6788881250000001 0.29906419953596286 0.6753962359375 0.4103918839907193 0.6110762750000001 0.4896318747099768 0.611012321875 0.4950725034802784 0.73451961875 0.5111310835266821 0.7470225765625 0.5104827494199536 0.7434070703125 0.413601403712297 0.7690309515625 0.35669931786542924 0.775902921875 0.2822888909512761 0.77590430625 0.2822447006960557
1 0.581776334375 0.3137035754060325 0.61189266875 0.2872368723897912 0.6125318359375 0.232862343387471 0.6113559140625 0.2056086890951276 0.5339939359375 0.21366425522041763 0.5055005031250001 0.18338899071925754 0.5021289921875 0.18330160324825984 0.50100131875 0.21566049883990718 0.53058091875 0.23580681206496518 0.5237548375000001 0.32733862645011597 0.463458021875 0.3259247262180974 0.452139953125 0.3585044709976798 0.4521399546875 0.35868230394431555 0.49231450624999995 0.3647638167053364 0.5009421078125 0.3642417981438515 0.5408199765624999 0.3026826751740139 0.581776334375 0.3137035754060325
1 0.32018245 0.17626512761020882 0.30003168125 0.17983245475638052 0.2917665046875 0.25803022273781906 0.25413074375 0.2876335452436195 0.265981634375 0.37906771229698377 0.2753971328125 0.3793117563805104 0.3954592421875 0.35321635034802784 0.39556120156249996 0.3445424988399072 0.3667868875 0.26296685150812066 0.3629904796875 0.17737468213457075 0.32018245 0.17626512761020882
1 0.0070877296875 0.18713781902552204 0.0070877296875 0.19051414153132248 0.010996896875 0.19561758004640373 0.034371096875 0.2655381438515081 0.0480128671875 0.30051788399071927 0.0671722109375 0.36274843155452435 0.06927708125000001 0.18368505568445478 0.05170374062500001 0.18322956612529 0.0070877296875 0.18713781902552204
0 0 0.7748742552204176 0.9708641328125 0.8544840023201856 0.9943393515625001 0.8550924663573085 0.9950489593749999 0.7947254941995359 0.9769258671875001 0.7632563619489559 0 0.6789960672853829 0 0.7748742552204176
0 0.3328230640625 0.68014973549884 0.341353184375 0.43598742227378195 0.342440978125 0.3434476937354989 0.31524745 0.39410646403712296 0.30718118437499997 0.6325253225058004 0.331537796875 0.6801164222737819 0.3328230640625 0.68014973549884
0 0.6254889859375 0.6357892296983758 0.651887246875 0.6977018306264502 0.652386946875 0.6977147819025522 0.652818121875 0.6610343480278422 0.6503194890625 0.36100867981438517 0.6264866671875 0.4186979907192575 0.6254889859375 0.6357892296983758
0 0.895050696875 0.6274266798143852 0.9163734781249999 0.5746558584686775 0.91770138125 0.4616898259860789 0.9170037625 0.46159919489559165 0.8887403812500001 0.47266104176334106 0.8947194625 0.6274180951276102 0.895050696875 0.6274266798143852
0 0.8770369 0.46452204176334105 0.8772992296875 0.46452883990719257 0.8891435296875001 0.43468883758700694 0.9032795796875 0.35913007656612533 0.9034124 0.3478309814385151 0.8789480671875 0.3542494501160093 0.8779176718749999 0.38959395591647333 0.8770369 0.46452204176334105
0 0.6251450078125 0.48734397679814384 0.6252434734375 0.49048326450116014 0.628636359375 0.49057120649651975 0.6330003093750001 0.48574389095127607 0.6351069171875 0.3065329118329467 0.6350853640625 0.30584578190255224 0.620839775 0.3152243039443155 0.6251450078125 0.48734397679814384