1 0.9327406515625001 0.4494165336426914 0.93770410625 0.3651733178654292 0.8443416312500001 0.3292976751740139 0.7643443453125001 0.3189049419953596 0.76199703125 0.34872590719257546 0.7534085921875 0.47888793503480276 0.8141366781249999 0.566037385150812 0.7781338718749999 0.615929078886311 0.7841708875 0.6702148074245939 0.8152957015625001 0.7114011183294663 0.8725644562499999 0.7260704686774943 0.8847995578125 0.6725062320185615 0.89543709375 0.5810247935034802 0.907616271875 0.5718319605568446 0.92454810625 0.502260030162413 0.9327406515625001 0.4494165336426914
1 0.4377241328125 0.4764890788863109 0.41660868906250004 0.6375607215777263 0.41542977812500004 0.6575700162412993 0.6044726218750001 0.6890479628770302 0.6057414640625 0.6186863201856148 0.6070511078124999 0.5072738027842227 0.5450452890624999 0.42988605104408356 0.5612298640625 0.4058835754060325 0.5643345281250001 0.33502584686774944 0.543102096875 0.27429436426914156 0.528182825 0.2730040440835267 0.48438499375 0.2756133781902552 0.4608749921875 0.3430127911832947 0.476921546875 0.4273812296983759 0.4377241328125 0.4764890788863109
1 0.03683280625 0.561202283062645 0.0367150453125 0.563201 0.3618888640625 0.6359294593967517 0.37171066875 0.5480432598607888 0.3717695796875 0.5455381693735498 0.33001503125 0.4478533781902552 0.26149669375 0.3710396218097448 0.2920935140625 0.2757872088167053 0.260492525 0.20453774477958236 0.23076538906250002 0.20067578654292342 0.1745031546875 0.21165940835266822 0.1680936921875 0.33950825754060326 0.1540555546875 0.3576619303944315 0.03683280625 0.561202283062645
1 0.6828435953125 0.7178312018561485 0.7453798 0.769434030162413 0.7597523640625 0.5325808306264501 0.7546706890625 0.5319206519721578 0.7095842203125 0.5614389489559165 0.6745633843750001 0.6274299141531323 0.6214465859375 0.5936315916473318 0.5921713734375 0.6127350649651973 0.5871348265624999 0.6982188723897912 0.6130736265625 0.7230277076566125 0.6828435953125 0.7178312018561485
1 0.5009940328125 0.5896131670533643 0.5032121703125 0.5519653781902552 0.447565590625 0.5427371693735499 0.42797087187500005 0.5415515754060325 0.4215216625 0.5775469999999999 0.420057484375 0.5936983805104409 0.4459630484375 0.6601645498839906 0.44017897812499995 0.7239687494199536 0.44322718906249997 0.7243647517401393 0.4805435171875 0.6932202088167054 0.5009940328125 0.5896131670533643
1 0.35933624218750004 0.7064790348027842 0.3855613859375 0.5522309489559165 0.388536471875 0.5017357076566125 0.3261503125 0.5098736751740139 0.29158242031250003 0.4740545823665893 0.2583335890625 0.46898055916473314 0.2416361078125 0.46869204640371226 0.22580100625 0.5623612273781903 0.225680778125 0.5637484570765661 0.23765043281249998 0.6089779489559165 0.312882178125 0.6102778515081207 0.35821561874999996 0.7063334524361948 0.35933624218750004 0.7064790348027842
1 0.5447714718750001 0.6452261716937355 0.51737600625 0.6361776589327146 0.50212485625 0.6341963271461717 0.457161703125 0.6873820092807424 0.41772736874999994 0.6694202157772622 0.3821104078125 0.6924619675174013 0.37744776562500004 0.7713949187935034 0.45487031250000004 0.7767254106728537 0.4828769453125 0.8155981531322506 0.487742434375 0.7804241972157772 0.46050110625 0.7553812923433875 0.47656631093749996 0.6658971647331787 0.5361282375 0.6776709164733179 0.5438043718750001 0.661640475638051 0.5447714718750001 0.6452261716937355
1 0.662729859375 0.8403695359628771 0.7270302046875 0.8323021879350347 0.72468311875 0.63749013225058 0.7210004921875 0.6370117099767982 0.6605807234375 0.6720322993039443 0.5983019953125 0.6684087354988398 0.5967697203125 0.694415596287703 0.5963636250000001 0.7615597262180974 0.647699371875 0.7818980858468677 0.662729859375 0.8403695359628771
1 0.9884096187500001 0.6787389257540603 0.9765892375 0.6783303921113688 0.9270428515625 0.6792293201856149 0.9266661031250001 0.6856237494199535 0.928257059375 0.6879851809744779 0.9475090890625 0.7592425707656613 0.959087053125 0.7950255754060325 0.9764145125000001 0.8658335150812064 0.9765869265625 0.8658559141531322 0.9887421249999999 0.6787821229698375 0.9884096187500001 0.6787389257540603
0 0.508777796875 0.005633466357308585 0.42324247187499997 0.9509058352668214 0.4222051015625 0.9685128236658933 0.485810009375 0.9767759628770301 0.5614671453125 0.12226521345707655 0.5681246468750001 0.009269445475638051 0.5515036531249999 0.00711015313225058 0.508777796875 0.005633466357308585
0 0.568917596875 0.47518212993039444 0.5607082109375 0.48249238515081205 0.5606078265625001 0.4837063967517401 0.788056946875 0.5511373039443156 0.7529652296875 0.49918616473317867 0.7523937578125001 0.49901817169373547 0.568917596875 0.47518212993039444
0 0.43455171562499995 0.44719772621809745 0.288499578125 0.43687777958236657 0.2541858546875 0.4669008839907193 0.355001803125 0.47999824361948956 0.47308900156249994 0.48496945939675173 0.43455171562499995 0.44719772621809745
0 0.1567425796875 0.44273212296983755 0.15676683281249998 0.4423204709976798 0.1211883484375 0.3960545939675174 0.049904553125 0.38679386078886313 0.053657712499999996 0.4174512761020882 0.1567425796875 0.44273212296983755
0 0.06853354375000001 0.5289569211136891 0.0676859515625 0.5433428584686775 0.0688809046875 0.556148505800464 0.1453965265625 0.570406505800464 0.1230552421875 0.5475300696055684 0.09517682656250001 0.5324182459396751 0.06853354375000001 0.5289569211136891
0 0.3085490875 0.5815226078886311 0.3135869 0.5933993526682134 0.34694149687500003 0.5977325661252899 0.43143634999999997 0.6079531392111369 0.42641050468749997 0.5870952320185615 0.40244352499999997 0.583981596287703 0.30878585 0.577504120649652 0.3085490875 0.5815226078886311