1 0.1607323390625 0.4105438125 0.16467450156250002 0.456845575 0.16617132031249998 0.669479715625 0.1721343359375 0.68613388125 0.18159069375 0.688382028125 0.2122637109375 0.666750653125 0.2708674453125 0.583066046875 0.3043896625 0.551782196875 0.31762801406249996 0.49579111875 0.3169918828125 0.473947215625 0.352295340625 0.369466034375 0.3510994140625 0.32839949375 0.3440458890625 0.2742986375 0.3263385953125 0.230577259375 0.27758676875 0.22260247500000002 0.227760453125 0.123986103125 0.205118565625 0.1078435375 0.19976966093749998 0.10821711249999999 0.1929579625 0.13817959062500001 0.19300076875 0.30088480624999997 0.185460815625 0.33757093125000004 0.1618573484375 0.36010828125 0.160113321875 0.375091096875 0.1607323390625 0.4105438125
1 0.5907102328125 0.008782775 0.5377592328125 0.065445271875 0.517757571875 0.116615671875 0.5076630671875 0.1977463875 0.439205784375 0.33384893125000004 0.42941165468750003 0.3805627125 0.45032584218749994 0.493709540625 0.4788382125 0.54287951875 0.4951250984375 0.553497853125 0.5129761890625 0.55225110625 0.5446664421875 0.5287642406249999 0.592135215625 0.467279990625 0.598582715625 0.44552390624999993 0.674080746875 0.44124282187499997 0.66656065 0.010547971875000001 0.5907102328125 0.008782775
1 0.1312965328125 0.75658936875 0.14655485625 0.7433799343749999 0.15006001875 0.702594521875 0.16063179375 0.6896032437499999 0.1788868703125 0.591292396875 0.1781430203125 0.5657495531250001 0.1634704703125 0.43792565312500004 0.139624465625 0.43825449687500007 0.112203953125 0.4395309375 0.06680899375 0.442701390625 0.05576209375 0.47262501874999996 0.051884782812499995 0.52748930625 0.010904529687500001 0.516897803125 0.0002307078125 0.530668290625 0.0023224703125 0.650468803125 0.015448324999999999 0.6729256968749999 0.0329958375 0.68460800625 0.0516511546875 0.68061480625 0.07001655 0.72038213125 0.11392212500000001 0.77770928125 0.12617252343750002 0.78251488125 0.1282723515625 0.782368228125 0.1312965328125 0.75658936875
1 0.1913620828125 0.5758504249999999 0.1805949890625 0.6526991718749999 0.18196240156250001 0.73101428125 0.184690778125 0.76141186875 0.2122912234375 0.76576678125 0.231600534375 0.784532340625 0.3041392390625 0.7794661281249999 0.30727019375000003 0.772455075 0.28738200625 0.691634734375 0.2648139171875 0.634225890625 0.2374220015625 0.618957740625 0.2179353765625 0.575541225 0.1913620828125 0.5758504249999999
1 0.38991444531249997 0.372872628125 0.40542611562499997 0.4126646625 0.42070039687499994 0.425958290625 0.46136849062499996 0.3469619 0.46115886875 0.334956328125 0.453737021875 0.33042248750000003 0.437569590625 0.36096790625 0.438289146875 0.28749909375 0.4070415140625 0.24383235937499997 0.40135355625 0.2442296125 0.38991444531249997 0.372872628125
1 0.4476428921875 0.535835315625 0.4256273265625 0.529590390625 0.41047610937499995 0.497585159375 0.377680834375 0.497585159375 0.3452551015625 0.498365775 0.339078371875 0.540519009375 0.31847682499999996 0.580224853125 0.31851594843750003 0.5824655562500001 0.3519444609375 0.6732236375 0.4040473140625 0.69820333125 0.42657179999999995 0.72942795 0.4414646609375 0.738606059375 0.45760217656249996 0.737478990625 0.46484457656249994 0.727866721875 0.46838985781250003 0.6716624062500001 0.46073651250000003 0.602968246875 0.47267159531249997 0.5748660875 0.454405621875 0.560815009375 0.4476428921875 0.535835315625
1 0.5665394015625 0.299209021875 0.57973639375 0.2978367625 0.5762932140625 0.31105874375 0.5999783187500001 0.411691278125 0.5989932718750001 0.44928293437500005 0.5230015046875 0.631215634375 0.5129171015625 0.69107086875 0.5139819937500001 0.7095209812500001 0.5218511593749999 0.70465976875 0.547590690625 0.6678019500000001 0.6076754625 0.6202057625 0.6327594171875 0.57882184375 0.6676355109375 0.43027931875 0.66530991875 0.297086853125 0.6375469171875 0.287144696875 0.6345530796875 0.287353790625 0.5881790515625 0.3006342875 0.577105065625 0.29136605000000004 0.5653295828125 0.29218846875 0.5665394015625 0.299209021875
1 0.802586840625 0.275810390625 0.8014972703125001 0.267244603125 0.7966394 0.267244603125 0.785276325 0.27306508125 0.7855625828125 0.28945973125 0.7933635140625 0.33499219999999996 0.8369711921875 0.317860625 0.835584465625 0.3069587125 0.8173454765624999 0.3022864625 0.822911721875 0.275810390625 0.802586840625 0.275810390625
1 0.8398494031249999 0.48233832187500003 0.8585199546875 0.47921776562499996 0.8497073765625001 0.389501725 0.8460054078124999 0.389501725 0.8061267046875 0.398083259375 0.77089430625 0.423047721875 0.741633809375 0.46517525312499997 0.7361070062499999 0.49013971874999995 0.74134261875 0.508863065625 0.737742771875 0.5463097593749999 0.7091276859375 0.583756453125 0.6975288265625 0.614962034375 0.69669238125 0.639926496875 0.730333484375 0.694536259375 0.7537852703125 0.6945362625 0.7777099984375 0.657089565625 0.7993071421875 0.700777378125 0.79989251875 0.7010652875 0.8146561515625 0.7000341718749999 0.8185322312500001 0.689855425 0.816896465625 0.633685384375 0.83033140625 0.611841478125 0.824969728125 0.4277285625 0.836550025 0.44957246562500003 0.8398494031249999 0.48233832187500003
1 0.7759000140625 0.42492835624999997 0.9652103296875 0.391142328125 0.9755723250000001 0.225436578125 0.9826806937500001 0.219430215625 0.9853508625 0.240767815625 0.991028453125 0.22878969374999997 0.994190721875 0.2640729375 0.994612340625 0.26352297187499996 0.9901724171874999 0.0092375 0.9418561859375 0.012611978125000001 0.9067125265625 0.062044378125 0.87990121875 0.082647509375 0.8228246015625 0.17908902499999999 0.8060925421875 0.23836311562499998 0.7920579046875 0.39383650625 0.7759000140625 0.42492835624999997
1 0.1493145484375 0.6620762250000001 0.14055913125 0.7118827750000001 0.11233445156249999 0.736296078125 0.11067172656249999 0.76698925625 0.11081875000000001 0.77540959375 0.11801278125 0.797010590625 0.1493536578125 0.79904020625 0.183265909375 0.8473192968750001 0.1839469046875 0.8472717375000001 0.1977823515625 0.8239012656250001 0.199725965625 0.78322491875 0.2160135125 0.724867303125 0.1958094984375 0.675592940625 0.15802196562499998 0.661468084375 0.1493145484375 0.6620762250000001
1 0.27893607187499997 0.7427749593749999 0.26509496875 0.7518139125000001 0.257935684375 0.79033399375 0.2454375359375 0.77993063125 0.2297625390625 0.7849097781250001 0.2210557703125 0.8170471875 0.225661834375 0.8487053687499999 0.23892917656249998 0.8638638437499999 0.2608577984375 0.86252260625 0.27407965 0.89331878125 0.273443246875 0.9129399843750001 0.2766218296875 0.9127179875 0.289763746875 0.8852120906250001 0.28677795 0.834916259375 0.30881574375 0.79604454375 0.311033415625 0.78072205625 0.3104156375 0.7453403468750001 0.27893607187499997 0.7427749593749999
1 0.34865310781250003 0.676116896875 0.3439862 0.6766782 0.3374357171875 0.690387221875 0.3361603046875 0.7432694375 0.2995546453125 0.839646775 0.2995876328125 0.841536059375 0.3204729140625 0.8530936718750001 0.3221111046875 0.832927559375 0.33044443437500004 0.825529953125 0.3387398953125 0.8617295374999999 0.34911701875 0.873258859375 0.39430341874999997 0.870102971875 0.40249521406250005 0.808641584375 0.39951269843750004 0.768018 0.37673407187499997 0.7420439562500001 0.378118546875 0.692281028125 0.36476265625000004 0.676866803125 0.34865310781250003 0.676116896875
1 0.4000635109375 0.85012115 0.40570117968749997 0.8894294 0.42336100625000006 0.9026691437500001 0.43712273125 0.8637345875 0.429973184375 0.8216419687500001 0.43747884218750005 0.769598625 0.436852084375 0.733702609375 0.4320450046875 0.7298832281250001 0.39632676718750004 0.732377846875 0.3776585703125 0.789575084375 0.37738534218750003 0.808355596875 0.3824036859375 0.836881403125 0.4000635109375 0.85012115
1 0.7183493734375 0.8676652656250001 0.733887971875 0.8684328125 0.743672471875 0.845221821875 0.7424940046875 0.77772800625 0.7072994390625 0.704405225 0.70021993125 0.70489966875 0.68591571875 0.721142359375 0.6924550875000001 0.79196739375 0.707611040625 0.81465 0.7183493734375 0.8676652656250001
1 0.7807931734375 0.638526046875 0.8122620359375 0.6782990875 0.8279651796874999 0.7178675375 0.841484340625 0.7200656624999999 0.8610549921875 0.717985753125 0.8611971828125 0.70694059375 0.8333114453125001 0.647609509375 0.8048171343750001 0.618299709375 0.7946058828125 0.617008084375 0.7698725203125 0.6187355 0.7521964796875 0.63442075625 0.7464920296875001 0.6485335906249999 0.7470587203125 0.680989346875 0.7520713265625 0.71314848125 0.7695603796875 0.6484937375000001 0.7807931734375 0.638526046875
1 0.8520897015625 0.6949929874999999 0.8166351515624999 0.7758235874999999 0.8196560640625 0.813536221875 0.8329179859375 0.8283843031250001 0.8736545843749999 0.815114584375 0.8851731546874999 0.826439159375 0.896858446875 0.8256230406249999 0.8980449171875 0.821777653125 0.8973343593750001 0.78108219375 0.8777354984375 0.757482778125 0.869518996875 0.6913151656250001 0.8650149484374999 0.69105305625 0.8520897015625 0.6949929874999999
1 1 0.591765315625 0.999928821875 0.58904899375 0.9962595640625 0.575822575 0.9898116328125001 0.5758976 0.9260070671875 0.602397696875 0.9037004796874999 0.676027640625 0.905917915625 0.70097899375 0.8826146156249999 0.743931140625 0.882797315625 0.7543948281249999 0.8867330109375 0.8042329875 0.9127292046875001 0.811735865625 0.9160236359375 0.78828145 0.938489209375 0.750554315625 0.941865428125 0.73022109375 0.9475408703125 0.737960415625 0.9508398890624999 0.684845575 0.9594008234375 0.653524521875 1 0.60160643125 1 0.591765315625
1 1 0.6323831281250001 0.9909902296875 0.47821610625 0.9541176578125 0.48079134375 0.9310263203125 0.505465515625 0.9067396562500001 0.54902379375 0.8987115093750001 0.5872029999999999 0.8988732890625 0.643986484375 0.8749101765624999 0.679577275 0.8653249328125 0.7181204812499999 0.9518348078125 0.699475740625 0.95440300625 0.68940516875 0.9565060984375 0.69838375 0.9751912609375 0.6940157874999999 0.978689671875 0.645846890625 0.9821071984374999 0.690820703125 1 0.688082190625 1 0.6323831281250001
1 0.701715234375 0.708048703125 0.693944296875 0.7185181218750001 0.6924392187499999 0.7374938625 0.6917276015625 0.76104994375 0.701130934375 0.7753725625000001 0.705125534375 0.8076530906249999 0.7362820359375 0.790785571875 0.78939483125 0.688027915625 0.788619384375 0.643616146875 0.7799519562499999 0.63053915625 0.7441545984375 0.6330393 0.725064425 0.689145528125 0.7156974671875 0.6873279875 0.7048618046875 0.71699126875 0.701715234375 0.708048703125
1 0.501812521875 0.7326288 0.5058468781250001 0.7480543281250001 0.5117316125 0.7415350562499999 0.5119515140625001 0.758699484375 0.5188903359375 0.756815146875 0.5231066921874999 0.77535486875 0.5312437015625 0.767169421875 0.526663346875 0.7424013125 0.51201980625 0.7196629812500001 0.501084528125 0.720172025 0.471145253125 0.690339053125 0.4555234265625 0.691066259375 0.44746422968750005 0.714686925 0.44796059218749995 0.7431148249999999 0.461749278125 0.8109990781249999 0.44952084374999995 0.8324743437500001 0.44959780625 0.8368822437500001 0.45125380000000004 0.845836971875 0.45754958593749995 0.8469243343749999 0.458463990625 0.8468604687499999 0.468726003125 0.823164971875 0.466253828125 0.807666725 0.48078366250000004 0.7882543562500001 0.483832225 0.7600084500000001 0.4957457890625 0.7360338750000001 0.501812521875 0.7326288
1 0.505741165625 0.850930384375 0.5355867062499999 0.8359926625 0.5485156328125 0.8583868406249999 0.55047040625 0.88480171875 0.567689484375 0.880272096875 0.57808794375 0.8622296281249999 0.5782197578125 0.8608710281249999 0.577811534375 0.837491015625 0.5716771703125 0.82054601875 0.5141848546875 0.806473034375 0.510614475 0.7712993875 0.5028335140625 0.771842821875 0.5020137734375 0.785580284375 0.505741165625 0.850930384375
1 0.6303794218750001 0.68242229375 0.6575897937499999 0.660821446875 0.6561465546874999 0.57816359375 0.6286300734375 0.5439556125 0.59982795 0.5229319218749999 0.6117686953125 0.602754721875 0.5629862703125 0.819160471875 0.61543631875 0.774552025 0.6303794218750001 0.68242229375
1 0.6563098859375 0.7548699875 0.630952584375 0.75664098125 0.6140809625 0.7657039625000001 0.614194978125 0.77223393125 0.6284424515625 0.8254703093750001 0.6646801984375 0.8058233343750001 0.664435571875 0.801168409375 0.6563098859375 0.7548699875
1 0.66265590625 0.8614276000000001 0.6519937359375 0.8083288156249999 0.64633364375 0.808724125 0.6344713859375 0.8305908437499999 0.6399974109375 0.8760166281249999 0.6627853015625 0.8688384375 0.66265590625 0.8614276000000001
1 0.057951835937499994 0.9271310500000001 0.07976428906250001 0.890751940625 0.0794276046875 0.8259020625 0.1057362390625 0.8365850281249999 0.1070054640625 0.8256417062500001 0.10563395625000001 0.747091984375 0.093304575 0.731653046875 0.08493666718750001 0.732237475 0.0632543828125 0.765301775 0.0673414015625 0.8495101249999999 0.048922878125 0.899115534375 0.057951835937499994 0.9271310500000001
1 0.004355175 0.7668868343749999 0.051796534375 0.780361190625 0.060266690624999994 0.721452846875 0.0036309453125000003 0.725408371875 0.004355175 0.7668868343749999
0 0.3121988234375 0.07412059374999999 0.31304832031249996 0.027540559375000002 0.23629061875000001 0.020390468749999998 0.2248045484375 0.140234921875 0.2262526390625 0.22317067499999999 0.2454945640625 0.282539146875 0.245161415625 0.29650585937499996 0.23356636874999998 0.300091684375 0.232900071875 0.3280251125 0.2441952171875 0.31507952499999997 0.24479501875 0.3337990625 0.2520252140625 0.315808903125 0.26475314375000003 0.32321575 0.2699842234375 0.315926503125 0.267185375 0.3016680375 0.305288184375 0.394776590625 0.3087866515625 0.39453225000000003 0.299504809375 0.26268539375 0.279180065625 0.23746253125 0.271383315625 0.21340666874999997 0.283011165625 0.040295609375 0.29157417812499997 0.0395379625 0.3121988234375 0.07412059374999999
0 0.0684088046875 0.28265798750000004 0.060274165625 0.477336884375 0.061048364062500006 0.52167715625 0.071839025 0.5752547406249999 0.0904825375 0.584885615625 0.09472048125 0.58458963125 0.077947534375 0.42932055937499997 0.0952578859375 0.34312855625 0.094788125 0.33238978750000003 0.0837945625 0.257708184375 0.0832301484375 0.2576819125 0.0684088046875 0.28265798750000004
0 0.342835171875 0.45306020625 0.35801128437499996 0.49398164375000003 0.4752062625 0.513206990625 0.512751528125 0.48534988749999997 0.5128500984375 0.46185483125 0.44493252656250004 0.46820075625 0.4287029140625 0.43931449687499996 0.4110220390625 0.44054935625 0.40088121250000003 0.46080757187500004 0.375734996875 0.45747448437499993 0.3694247234375 0.443454578125 0.36501806718749996 0.44376234375 0.34278515625 0.45019565625 0.342835171875 0.45306020625
0 0.7632495703125 0.2050502375 0.7584304109375 0.18873173125 0.7532165328125 0.1887924 0.7045182343749999 0.214531540625 0.705059315625 0.24552061875 0.715452871875 0.310091790625 0.713354453125 0.369376590625 0.7197118171875 0.38957590625 0.73214361875 0.35200364375 0.75419541875 0.337711703125 0.7632495703125 0.2050502375