1 0.17634839687499998 0.6480201125 0.1814140203125 0.6743643593749999 0.206513959375 0.693521865625 0.2166754328125 0.72901009375 0.22846043749999997 0.8910688812500001 0.237951003125 0.921711 0.24049770625 0.9216220937499999 0.2640855609375 0.9003552406249999 0.3064437203125 0.795190296875 0.354322871875 0.7804532375 0.3600782515625 0.762091340625 0.358771478125 0.6123612875 0.32734099843750003 0.5393617125 0.3263854046875 0.517516740625 0.3091564390625 0.46359511875 0.27356154374999997 0.43710849375 0.2092266765625 0.3619266875 0.177165528125 0.3446567625 0.16792942187499998 0.348213771875 0.16321288437499998 0.365632184375 0.1771821046875 0.577622340625 0.17634839687499998 0.6480201125
1 0.4843372515625 0.9930062875000001 0.5959049890625 0.975837059375 0.652031340625 0.96485543125 0.6519714359375001 0.808256121875 0.6626427390625 0.7942350874999999 0.6919504546875 0.696171684375 0.704227715625 0.62280371875 0.70405063125 0.60251338125 0.6970820984375 0.563903546875 0.6717120078125001 0.5095068031250001 0.648340928125 0.4948214 0.5910655359375 0.496820890625 0.5256599828125 0.639558090625 0.485460115625 0.6639731062500001 0.460501765625 0.706615546875 0.4142457359375 0.8947495375000001 0.41201491093750003 0.938911675 0.41147218125 0.989102040625 0.4249619703125 0.9981779812499999 0.4577394609375 0.9935939312500001 0.462231065625 0.9835693031250001 0.4843372515625 0.9930062875000001
1 0.0680943609375 0.57252079375 0.08880651875 0.61075303125 0.12271881093749999 0.60521655625 0.139984728125 0.584338984375 0.1461200875 0.559782428125 0.13680325 0.47964645937499994 0.163698340625 0.46426331249999997 0.17292297968749998 0.446746 0.1713614140625 0.267821971875 0.170304103125 0.244909371875 0.159865553125 0.2430832 0.08299194374999999 0.24576686875 0.0454513796875 0.285706903125 0.040037148437499996 0.30857540625 0.0201052421875 0.321251425 0.015045790625 0.35348396875 0.0020770703125 0.363452859375 0.006262445312500001 0.391035453125 0.0391052625 0.47047125625 0.06069282031249999 0.501494103125 0.060551434375000004 0.539205040625 0.0680943609375 0.57252079375
1 0.30087468125 0.245594771875 0.29842327343749997 0.24137160624999998 0.2242477203125 0.24396108437500003 0.2073852359375 0.26429978125 0.180294509375 0.27184375625 0.18135137343750002 0.356413003125 0.20589860624999998 0.455769725 0.232440871875 0.45298768125000005 0.2474481390625 0.407506528125 0.2732164265625 0.38912412500000004 0.289869078125 0.329357171875 0.3009171234375 0.2504578 0.30087468125 0.245594771875
1 0.42459300468750005 0.57764389375 0.419946640625 0.5778060968750001 0.407028678125 0.5932227812499999 0.390402765625 0.6386759875 0.3986468140625 0.7660782375 0.40211382812499996 0.76595720625 0.43674915312499996 0.707541021875 0.4379565828125 0.633922615625 0.45339325312499995 0.6589617 0.4653457109375 0.647657446875 0.4653321640625 0.646105171875 0.42459300468750005 0.57764389375
1 0.42123645937500004 0.4821586125 0.443174240625 0.47437803437500004 0.4497124875 0.448927753125 0.46783677343749996 0.433603003125 0.45566997656249997 0.40633490625 0.4627176546875 0.337110178125 0.45868727812500004 0.281155975 0.44764618125 0.267416978125 0.44164305312499996 0.267626546875 0.42044171406249997 0.28226500312499997 0.39821283125 0.31505955 0.34638278906250003 0.34367308125 0.31653895 0.428879940625 0.316673803125 0.444331328125 0.3346846921875 0.47726880312500003 0.3410743671875 0.51805001875 0.3906097 0.516320734375 0.406379778125 0.5152193281249999 0.42123645937500004 0.4821586125
1 0.520460225 0.33225024687500004 0.5067518859375 0.378338534375 0.50712229375 0.42077990625000006 0.544619384375 0.608929259375 0.5682360421875 0.64743536875 0.6270738015624999 0.6880666468750001 0.6367800875 0.7015064062499999 0.660356140625 0.7006833625 0.6536197593749999 0.648552146875 0.584562071875 0.475259221875 0.585217334375 0.437730634375 0.6136647859375 0.334186771875 0.6107548703125001 0.32134934375 0.6240776078125 0.321179221875 0.6283429640625 0.301261109375 0.6020700328124999 0.32513869687499997 0.553635403125 0.3169288875 0.520460225 0.33225024687500004
1 0.8239651531250001 0.713724609375 0.8321100671874999 0.635540196875 0.8321839125 0.6270791625000001 0.802635646875 0.6161345875 0.7982252796875 0.649533303125 0.7982661156249999 0.6542122906250001 0.8030753078125 0.655142215625 0.8027205890625 0.6957857875 0.8161158593750001 0.6804805093749999 0.8180146328125 0.713932340625 0.8239651531250001 0.713724609375
1 0.74858571875 0.28439625625 0.725147028125 0.28466898125 0.6937504234375 0.33971532187500003 0.69560386875 0.36469079375 0.7084680875 0.395787409375 0.7385933953125 0.43293244062499997 0.7437174343749999 0.47036837499999995 0.7392478453125 0.48916816250000006 0.7457890296875 0.5140890875 0.7767501640625001 0.5559113375 0.81298035625 0.5804868125 0.8360899093749999 0.585156815625 0.8571240328125 0.5844225093750001 0.8611205843749999 0.5146781687499999 0.86097949375 0.4985119625 0.8432502671875 0.49576959687500005 0.8412881593750001 0.528601040625 0.8306046140625 0.5505977625 0.8284594703125 0.3662695625 0.814141746875 0.34456375 0.8134872984375001 0.28832802812499997 0.8062557187499999 0.271226709375 0.7938278015625 0.277620571875 0.7740232875 0.32159583125 0.74858571875 0.28439625625
1 1 0.7605994375 0.997962453125 0.737105634375 0.981534471875 0.68287628125 0.9248694375 0.604071659375 0.8981053359375 0.5918533312500001 0.8599598109375 0.5497965687499999 0.8213884218749999 0.54191338125 0.8089636562500001 0.54234713125 0.7795460015625 0.558538015625 0.7824695140625 0.8132350374999999 0.7952301375 0.830377846875 0.7980794343750001 0.81123438125 0.8091881687500001 0.8223294750000001 0.8125679968749999 0.785904584375 0.8181905359374999 0.796137965625 0.820994384375 0.77387060625 0.8280870203124999 0.77765614375 0.8374526890625 0.939983359375 0.9323164 0.927825075 1 0.918591840625 1 0.7605994375
1 0.2102996921875 0.293566328125 0.2076137265625 0.25637266875 0.17900240625 0.23594959062499998 0.16919901406249999 0.18649880000000002 0.1633445921875 0.18670317812499998 0.1231955203125 0.2074467625 0.1040856265625 0.25887861874999996 0.10409670468750001 0.260148025 0.1211594828125 0.3154013375 0.12380906093749999 0.355721740625 0.1367348421875 0.3751606875 0.13997265625 0.37504765624999997 0.1717383046875 0.3241530875 0.2030008875 0.317753346875 0.2102996921875 0.293566328125
1 0.22945815625 0.16214525625 0.212870659375 0.189371253125 0.2128980140625 0.19250550625 0.22430927031249998 0.192759434375 0.23878672500000003 0.22141828437500002 0.236585159375 0.264978359375 0.24323937343750002 0.292543103125 0.24421600781250002 0.29327160625 0.27196806875 0.292302778125 0.2754283890625 0.2892112875 0.27901262656250003 0.25837828749999997 0.2746826359375 0.232705309375 0.29444545624999996 0.221368790625 0.30035391875 0.192427559375 0.3013547890625 0.12363214375 0.2950961984375 0.12275685624999999 0.275378871875 0.1309663125 0.25440153125 0.171900528125 0.22945815625 0.16214525625
1 0.346064978125 0.34442858125 0.362144275 0.343305578125 0.37495801875 0.327564634375 0.371834446875 0.277775178125 0.39369945156249997 0.25124428125 0.39526123750000003 0.21050401562499998 0.38363349687500004 0.14150715 0.34312683437499997 0.14292124374999998 0.32966622343749996 0.158826703125 0.3226381875 0.195260528125 0.3140483625 0.18804676250000002 0.311705684375 0.1678947875 0.290926878125 0.18012677500000002 0.29093499375 0.181056571875 0.331228009375 0.277485715625 0.33435158125000003 0.330400653125 0.3413796203125 0.34397444374999997 0.346064978125 0.34442858125
1 0.4208320453125 0.27772949062499996 0.43077022343750004 0.267168753125 0.430385971875 0.22314133749999998 0.42228511874999997 0.179290734375 0.42793087500000004 0.135518815625 0.41286880156250005 0.09979253125000001 0.39575051562499997 0.11716201562499999 0.3915125421875 0.15779568125000001 0.3743942578125 0.175165165625 0.3703957890625 0.204869484375 0.3713245625 0.22358991874999998 0.3927950984375 0.2787082625 0.4208320453125 0.27772949062499996
1 0.74748523125 0.20749450625 0.7019168953125 0.1310769375 0.67223693125 0.132458553125 0.66140849375 0.15328854375 0.6643357296875 0.18442293125 0.6926963890625 0.20655571562500002 0.70655835 0.2371810875 0.7413387484375 0.2504156 0.7433304296875 0.250322884375 0.7476733609374999 0.22905040625 0.74748523125 0.20749450625
1 0.8490807109375 0.30755723437500004 0.855045628125 0.248634734375 0.8457976593750001 0.231639125 0.7943626890625 0.233434725 0.7920961 0.23459854375 0.7652753406249999 0.2742523125 0.7423734843750001 0.3380245125 0.7425091703125 0.353571521875 0.7607340296875 0.34849736249999996 0.7740352640625 0.34117619062500004 0.7876639328125 0.296337878125 0.8169202468749999 0.24527722500000002 0.8285523015624999 0.250771359375 0.8490807109375 0.30755723437500004
1 0.8758296640625 0.128365978125 0.86217701875 0.124801134375 0.8560678375 0.12501440625 0.817378309375 0.19657916250000002 0.8151548109375 0.23114613125 0.8491832468749999 0.24597537187500002 0.86282308125 0.288819428125 0.8807427078125001 0.286003721875 0.8856354 0.2795909875 0.885511490625 0.26539338749999997 0.877871725 0.23615088750000002 0.8835532109375 0.15441739375000002 0.8758296640625 0.128365978125
1 0.8975894265625 0.38610486875 0.9221264890624999 0.29364909375 0.937237496875 0.27200036562499996 0.96351535 0.257680390625 0.9593284734375 0.247479475 0.969265184375 0.23777946874999997 0.9867601609375001 0.1874445625 0.9972686234375001 0.17831225312500001 0.9971692843750001 0.1669299125 0.9939543421874999 0.13582814999999998 0.9589809546874999 0.13704907500000002 0.9426655578125 0.179987896875 0.9301021671875 0.17919568125000002 0.8947058531250001 0.234441859375 0.8843462078125001 0.377581446875 0.89519703125 0.3861883875 0.8975894265625 0.38610486875
1 0.9050329578125 0.281495896875 0.8820665999999999 0.298352075 0.8833763296875 0.335812065625 0.888166059375 0.338059828125 0.8837037609375 0.3451770625 0.8905105546875 0.5175041031250001 0.89111214375 0.51739178125 0.9076650234375 0.49152140624999996 0.9206860062500001 0.437246559375 0.9485512390625 0.42575981250000006 0.9657840546875001 0.40211902187500004 0.9826509531250001 0.345555090625 0.9967570718750001 0.2549441375 0.99777571875 0.23641513125000002 0.99761334375 0.217810184375 0.9910557046875 0.204164903125 0.97723223125 0.21302994375 0.9562339734374999 0.19965449375 0.918535765625 0.20097054375 0.9151518375000001 0.234046984375 0.88021115 0.24528375625 0.8823555484375 0.284158928125 0.9050329578125 0.281495896875
1 0.7228973734374999 0.288978640625 0.74388135625 0.341463221875 0.7830572421875 0.340095584375 0.7845630625 0.33752641250000004 0.784073178125 0.28139545625 0.7287360671875 0.18690836875 0.6968398796875 0.1718792 0.6945556078124999 0.20432134999999998 0.6859464859375 0.21915704374999997 0.6878893781250001 0.24262130625 0.6903820031250001 0.26146918124999996 0.6986656421874999 0.27146661875 0.7013289546875 0.262361290625 0.7136690671875 0.29133405 0.7228973734374999 0.288978640625
1 0.4653145046875 0.21622884999999997 0.4683474921875 0.20042284999999999 0.47461345312500003 0.20318410937500003 0.4880263359375 0.22584780312500002 0.49287579218750005 0.2536986875 0.508604321875 0.271538778125 0.5071332796875 0.28725388125 0.51898421875 0.31000846875 0.5260038796875001 0.30803701875 0.5274931031250001 0.29544675625 0.5133083375 0.27439093125 0.52529484375 0.18616820625 0.5125129421875 0.155760809375 0.4950777796875 0.156369471875 0.468274771875 0.187923484375 0.45734115937500003 0.18855975625000002 0.44420098125 0.21276868124999998 0.44143844374999996 0.23612385625 0.4414561 0.23814696249999998 0.4498586828125 0.24526138125000002 0.45287348906249997 0.22633054062500002 0.45991133125 0.22748392812499998 0.459030365625 0.21034275 0.4653145046875 0.21622884999999997
1 0.544830478125 0.22186908437500003 0.5314271500000001 0.107677175 0.5197955796875 0.09299705 0.51714826875 0.09308946875 0.50986475625 0.09657656875000001 0.5019896109374999 0.11806798437499999 0.5016293640625 0.15262459687500002 0.5150601609375001 0.15545164375 0.52769413125 0.18034864374999998 0.5235245359375 0.240533446875 0.5483532296875 0.24411915624999997 0.561822609375 0.242235415625 0.5616914468750001 0.22720686875 0.544830478125 0.22186908437500003
1 0.532098271875 0.41759111562499995 0.63627900625 0.326511675 0.6753540734375 0.351016440625 0.6753901531250001 0.348536425 0.6658945703125 0.29345770937500004 0.6452563140625001 0.22439929374999998 0.6112011484375001 0.21931612500000003 0.59687826875 0.28833484375 0.550675846875 0.31715952187499996 0.5319583375 0.4015574375 0.532098271875 0.41759111562499995
1 0.6499683890625 0.24472650312500002 0.6506685890624999 0.215872065625 0.6501948 0.16158525937499998 0.619491228125 0.146731803125 0.617588228125 0.22145759062499998 0.646820015625 0.2448364125 0.6499683890625 0.24472650312500002
1 0.6530711218749999 0.133037321875 0.6381770828125 0.110715725 0.6275924328125 0.17674717812500002 0.6516524703125001 0.17590723749999998 0.6532814359375 0.15713499375 0.6530711218749999 0.133037321875
1 0.0899801203125 0.31115790625 0.0906532328125 0.31113440625 0.0983943 0.28759272812500003 0.0984549359375 0.2771706 0.08301558906249999 0.235895478125 0.0893443625 0.15067573125 0.06454458125 0.116542003125 0.037660874999999996 0.154146625 0.044715771875 0.23056605624999998 0.07147341406249999 0.214632125 0.069428265625 0.27970259375 0.0899801203125 0.31115790625
1 0 0.37993411875 0.0024102578125 0.379849978125 0.027779215625 0.3578139125 0.0278418765625 0.3470437875 0.013659546875000001 0.212675890625 0 0.2105362375 0 0.37993411875
0 0.32341233125 1 0.32175731406249997 0.956951825 0.301852915625 0.991146128125 0.29328128593749997 0.99018268125 0.27813936250000004 0.816284740625 0.285440309375 0.79234329375 0.3052355453125 0.767529225 0.3123355296875 0.62531948125 0.312183640625 0.62532478125 0.2721483796875 0.72766331875 0.27465480468750003 0.71342934375 0.269279525 0.705994246875 0.2567124609375 0.7131203625 0.24912185781249999 0.694905271875 0.2489035296875 0.71366575 0.23735388125 0.7004134718749999 0.23858817499999999 0.7284451125 0.2502469890625 0.73231715 0.2508641359375 0.746332971875 0.23384599218750002 0.802139290625 0.23472396406249998 0.90273718125 0.24595922187500002 1 0.32341233125 1
0 0.0861494859375 0.485027440625 0.068745515625 0.459641303125 0.06328960312500001 0.5429569375 0.08858417187499999 0.63194893125 0.08442542187499999 0.789502140625 0.0859927296875 0.789392675 0.10663671562499999 0.77777964375 0.1070233609375 0.7745424562500001 0.10588912187499999 0.6445813968749999 0.0861494859375 0.485027440625
0 0.4335250734375 0.490014646875 0.4300102453125 0.355545978125 0.42460240000000005 0.355734765625 0.41830225781249997 0.357461003125 0.40815498124999994 0.435617903125 0.42928426875000003 0.666008346875 0.4516640265625 0.691536725 0.451160725 0.633868409375 0.4456898546875 0.6261281249999999 0.4415500859375 0.576592625 0.45046585468749994 0.554250334375 0.45016493593750007 0.519771065625 0.4335250734375 0.490014646875
0 0.7641478375 0.770682240625 0.760844153125 0.711304421875 0.77396755625 0.617336578125 0.7160628578125 0.588302209375 0.71093805 0.6071248687499999 0.7226866453125 0.739892953125 0.7450162421875001 0.753705403125 0.7560100234375 0.784857403125 0.7600589375 0.78471605625 0.7641478375 0.770682240625