1 0.8797380046875001 0.622549359375 0.8649398875 0.6024041718750001 0.7847550296875 0.5742203375 0.7678555390625 0.55296441875 0.7604396046875 0.5024611 0.747678871875 0.491611984375 0.7123288078125001 0.49121440937500005 0.607312571875 0.45722583125 0.598173471875 0.46610193750000006 0.5955872609374999 0.48437596562499996 0.6014515281249999 0.548675509375 0.63352793125 0.678884815625 0.64370333125 0.750485021875 0.6692250890625 0.786342275 0.6800888171875 0.78888185 0.7260206640625 0.8766474531249999 0.7460339984375 0.881562109375 0.774242496875 0.8769669312499999 0.798555871875 0.84961303125 0.8101073421875 0.75477393125 0.8664933140625 0.67356206875 0.8795205265625 0.626091796875 0.8797380046875001 0.622549359375
1 0.565488534375 1 0.5670829000000001 0.9555014281249999 0.5669219078125 0.91101658125 0.5297405703125 0.713406759375 0.5069403203125 0.665426146875 0.4681572921875 0.632243609375 0.4107608046875 0.478085609375 0.3485539796875 0.462809534375 0.329176178125 0.4704969 0.3014532234375 0.519093309375 0.29161967187500004 0.5607551156249999 0.2909995890625 0.5708554375 0.3003964375 0.651986346875 0.3249376890625 0.756134515625 0.3348821609375 0.772454084375 0.32753835468750003 0.9284408375 0.382761340625 0.951751953125 0.49275013437500004 0.99344751875 0.5151406781250001 0.9889193593750001 0.5191345640625 0.999895671875 0.5194206578125 1 0.565488534375 1
1 1 0.46421268125 0.9938063046875 0.459420815625 0.9892053609374999 0.427319446875 0.9694334515625 0.41468644374999997 0.96434245625 0.3919101375 0.91535691875 0.33923875312499996 0.9121674750000001 0.33871805 0.8399359359374999 0.3512220625 0.8284129374999999 0.540577215625 0.8433898875000001 0.569670025 0.8700938765625 0.5850022625 0.8596123109375 0.66480164375 0.8654009374999999 0.689259359375 0.8730818687499999 0.69866530625 0.9193645453125001 0.7100309031250001 0.9375429328125 0.6775244875 0.9455742375 0.64435041875 0.945975834375 0.6067957093749999 0.9680346515625 0.5759117500000001 1 0.501606546875 1 0.46421268125
1 0.7176508296875 0.301061634375 0.7103298625 0.31433986875 0.7243009515625001 0.39761328125 0.7426583765625 0.457845921875 0.7689112 0.476605175 0.7828935296874999 0.5159459562500001 0.8123030859375 0.523168034375 0.8270355 0.45531563124999996 0.8324287781249999 0.367466175 0.8319929328125 0.341072921875 0.804735190625 0.3331874125 0.7856118578125 0.31054830624999996 0.7176508296875 0.301061634375
1 0.5373893109375001 0.586708634375 0.5237747671874999 0.7019226062499999 0.5228536953125 0.721655459375 0.5361639328125001 0.764213746875 0.5478458078124999 0.77936925 0.5528334421875 0.780594059375 0.5970363625 0.71435959375 0.5972042703125 0.711624603125 0.5862098640625 0.700390728125 0.5693825921875 0.724777853125 0.5720210578125 0.651445934375 0.5373893109375001 0.586708634375
1 0.675302865625 0.37768414375 0.6699326859375 0.35183766875 0.648299315625 0.3425383 0.6346174140625 0.307687071875 0.569788278125 0.300188946875 0.561291084375 0.341349140625 0.5380205515625 0.3788747625 0.566797875 0.47543880937500005 0.617432209375 0.50761564375 0.6381924296875 0.5418883375 0.6527155671875 0.55324456875 0.6665555890625 0.55664325 0.6764874062499999 0.5456755625 0.6831344984375 0.49014044375 0.6792923359375 0.42059064062499996 0.69039378125 0.39887340937500004 0.6907927375 0.392374946875 0.675302865625 0.37768414375
1 0.4544741515625 0.64754230625 0.45793582656250004 0.649261934375 0.4705286953125 0.652652259375 0.49628686718750004 0.632019084375 0.507490484375 0.5688723312499999 0.5087640140625 0.47154592187500005 0.51968538125 0.435773028125 0.5203443609375 0.425039115625 0.513135815625 0.428614215625 0.511587678125 0.45497770312499997 0.5055752015625 0.44705774375 0.451373884375 0.48602592187500004 0.4327902328125 0.48102271874999997 0.3549001703125 0.31512409375 0.3322541765625 0.295086459375 0.31773860468750004 0.29152188125 0.3176415796875 0.294853596875 0.3184616671875 0.306889215625 0.3324914421875 0.36107634375000003 0.3460670234375 0.48445487187499997 0.3624652734375 0.537704346875 0.4544741515625 0.64754230625
1 0.192897046875 0.553096809375 0.16264113593750001 0.56330520625 0.1622968171875 0.571741334375 0.166336365625 0.644752225 0.17300351249999998 0.646389471875 0.17615774687500002 0.616919853125 0.18887119531250002 0.6324950031250001 0.1905251640625 0.591971078125 0.1952979875 0.591176503125 0.19562550781250002 0.585841609375 0.192897046875 0.553096809375
1 0.2973874703125 0.32343743125 0.31404031718750003 0.323763178125 0.3154699640625 0.30047611875 0.313384284375 0.23217881875000002 0.269450684375 0.2334006 0.23270811249999998 0.251672559375 0.20076288125000002 0.288118534375 0.19359179531249998 0.311911725 0.1975518453125 0.33150016875 0.19146439843750002 0.36806173124999997 0.160474646875 0.39997383124999997 0.146841609375 0.42884354687500004 0.1455906578125 0.441176034375 0.14506745625 0.45498528125000004 0.1741774796875 0.51405591875 0.197523390625 0.5184147875 0.22384395937499998 0.4856309125 0.2424224421875 0.5330808218749999 0.24520739531250002 0.53503331875 0.256491628125 0.5378043781249999 0.262291028125 0.52579515625 0.2644184234375 0.469645153125 0.279253290625 0.450424359375 0.2862264234375 0.266377121875 0.2962938609375 0.290247375 0.2973874703125 0.32343743125
1 0 0.776656075 0.0491048140625 0.79739425625 0.0501677265625 0.81182338125 0.038750259375 0.815316540625 0.043195628125 0.827427825 0.024658943750000002 0.830746959375 0.028897125000000003 0.8538270000000001 0.0190305078125 0.857701003125 0.0250969546875 0.8808364531249999 0.153002909375 0.9122462062500001 0.1656394859375 0.849625084375 0.166307653125 0.7553351187499999 0.1497827984375 0.6757138874999999 0.14680124375 0.621457753125 0.1141193234375 0.501661459375 0.08901144062500001 0.46401105625000005 0.014984859375000001 0.4237931375 0.0038346578125000004 0.389570309375 0.0014653625 0.414968528125 0 0.43883736874999996 0 0.776656075
1 0.832004509375 0.31135795 0.8020476015625 0.32829273125 0.7969812562499999 0.36490348125 0.8027449375 0.3897675125 0.8336429687500001 0.39977086875 0.860028915625 0.44987938437499997 0.8676298390625 0.451745934375 0.8796230968750001 0.436706759375 0.8848527921875 0.396987653125 0.905735075 0.343447725 0.8897118546874999 0.28957705312500004 0.845652953125 0.260929175 0.832004509375 0.31135795
1 0.7502496171875 0.338218121875 0.7622298984375 0.335727275 0.7708440890625 0.312071403125 0.7720987578125 0.26808079375 0.7884006375 0.24741359687500003 0.8013699875 0.25404408125 0.7857824578125 0.214625484375 0.7607829671874999 0.21126071875000002 0.7435871828125 0.1600973 0.7391709640624999 0.155729075 0.7182305390625 0.150586753125 0.7146591265625 0.2087603875 0.7180147734375 0.23911250625 0.7363365015625 0.26053189374999997 0.730128340625 0.283534615625 0.73120898125 0.315724996875 0.7442042984375 0.33586794062499997 0.7502496171875 0.338218121875
1 0.648972246875 0.316782240625 0.6544430515624999 0.35507560625 0.6670131875 0.374528453125 0.6873527234375 0.38170126875 0.696116890625 0.38443990625 0.7071819546875 0.38715714375 0.7176791359375 0.339063903125 0.7212877062499999 0.2802850125 0.701008553125 0.248175509375 0.70612595625 0.199386703125 0.693475265625 0.179140771875 0.67324743125 0.174173440625 0.6660632359374999 0.18525842812499999 0.66081860625 0.23716445625000002 0.6166845765625 0.322787375 0.6370410734374999 0.3410335 0.6401793687499999 0.321586628125 0.648972246875 0.316782240625
1 0.6105219078124999 0.1232212375 0.5881281031250001 0.17573970625 0.587148 0.19438983125 0.5910202796874999 0.225315303125 0.6079439234375 0.24699844999999998 0.6120193484375 0.28900260625 0.6264686625 0.30751555625 0.63001285625 0.3083859 0.6439943625 0.278330215625 0.63853254375 0.23281882187499997 0.6533360578125 0.15630218125 0.6534437015625 0.154548796875 0.6330748953125 0.12745091875 0.6105219078124999 0.1232212375
1 0.2979090203125 0.136947690625 0.26931971875 0.15472571875000002 0.26711435781250004 0.190648165625 0.2720750375 0.20159661562500003 0.306755090625 0.21011296562499998 0.356229334375 0.138434346875 0.34982590468749997 0.099629909375 0.3128059515625 0.10838835 0.2979090203125 0.136947690625
1 0.1925861296875 0.26634510625 0.21931227187500002 0.2138646875 0.242219059375 0.19198599375 0.2464757234375 0.166186884375 0.2500842796875 0.1276897 0.2447579171875 0.124999825 0.20938626718750003 0.16624151250000002 0.188439521875 0.215226121875 0.185881815625 0.23170931874999998 0.181786546875 0.29841588125 0.1838462875 0.321036171875 0.190849403125 0.33907351874999997 0.2017797796875 0.34175768125 0.2220211640625 0.338482228125 0.19477269375 0.29035818125 0.1925861296875 0.26634510625
1 0.208176021875 0.07370355625 0.201004565625 0.063202659375 0.183172515625 0.057881428125 0.16959145312499999 0.099064546875 0.135725784375 0.10924632812499999 0.13793241875 0.144311446875 0.17672836875 0.222260971875 0.1798747796875 0.22303363437499998 0.196087759375 0.221020365625 0.1998954828125 0.20858271875 0.20214730468750003 0.171903475 0.1981387953125 0.1129293625 0.2080300015625 0.07608205 0.208176021875 0.07370355625
1 0.0574586796875 0.053807409375000004 0.0275996671875 0.0562560625 0.0221926859375 0.10733644375 0.033679671875 0.116653134375 0.051057437500000004 0.16594706875 0.0609824796875 0.17506356875 0.0567589890625 0.18550449375 0.083038925 0.198286025 0.098112140625 0.219044575 0.12141934375 0.306281296875 0.1274327234375 0.307757996875 0.127703128125 0.3075287375 0.1316693484375 0.242924196875 0.1257504890625 0.158262375 0.0904558875 0.10510322187500001 0.07786929687500001 0.10662783125 0.0574586796875 0.053807409375000004
1 0.111627925 0.43598456875 0.126903703125 0.265910884375 0.12282307968749999 0.25784085 0.1276916609375 0.256658978125 0.13084349687500002 0.219651353125 0.10886446718750001 0.197805 0.13125778125 0.205456475 0.13530859687500002 0.167223884375 0.10115811562499999 0.148332215625 0.09945556718750001 0.11512805 0.060648614062499995 0.105598259375 0.0405336953125 0.11371903750000001 0.0272412171875 0.10184481249999999 0.019930725 0.11419192812500001 0.0189601578125 0.1300011875 0.01906916875 0.15114521875 0.0286032890625 0.24447069375 0.0425619015625 0.304506540625 0.058510715625 0.331843703125 0.085620978125 0.3494242125 0.0958726453125 0.406333003125 0.11103593281249999 0.43574009374999995 0.111627925 0.43598456875
1 0.2982792046875 0.314034975 0.3156579203125 0.283139759375 0.3185890921875 0.223928721875 0.2938555234375 0.17494579062499999 0.296813003125 0.15689119375 0.2845639921875 0.130854415625 0.28966769531250003 0.126140634375 0.2862128140625 0.1092200375 0.2820535046875 0.106444503125 0.26350175781249996 0.10188876875 0.2565850890625 0.114078471875 0.2401751515625 0.11660830625 0.23988815468750002 0.121283125 0.241247978125 0.18043803125 0.28283716718749996 0.30914341562500003 0.2982792046875 0.314034975
1 0.49860170468750004 0.306613596875 0.5437128296875 0.2981531125 0.55136578125 0.326854225 0.55868858125 0.328652478125 0.560519665625 0.315620265625 0.5508818859375 0.288126790625 0.5429350187499999 0.2883149375 0.536239246875 0.253975403125 0.52315223125 0.2395003625 0.513768065625 0.208920703125 0.5132438671874999 0.195996340625 0.521444346875 0.192722 0.5193814984375 0.179218028125 0.5277172703125 0.18394896875 0.5280892046875 0.169771315625 0.5378283359375 0.1670765875 0.5359622390625 0.153054309375 0.523725725 0.15004939687500002 0.52256015 0.15018904375 0.5088645578125 0.172074584375 0.5070892640625 0.19367790625 0.49118277499999996 0.233345628125 0.488163934375 0.282518584375 0.49860170468750004 0.306613596875
1 0.5186625312500001 0.120241265625 0.5112570390625 0.09886518749999999 0.5020734390625 0.094451534375 0.489369503125 0.109885946875 0.4732927703125 0.223421346875 0.45245774843750003 0.22989536562500001 0.452441059375 0.23644353749999997 0.482079890625 0.24372191875000002 0.4942374390625 0.241996990625 0.49144067500000005 0.1821493125 0.50468880625 0.157403134375 0.5180540515625001 0.154638678125 0.518272534375 0.151079865625 0.5186625312500001 0.120241265625
1 0.4627915609375 0.165053215625 0.4085682140625 0.1959949875 0.38920697031249996 0.283736553125 0.35638479375 0.30072461875 0.352298928125 0.367278034375 0.35223637343749997 0.370716775 0.38412013906250003 0.42178763124999996 0.41157115468749994 0.449948390625 0.4116470546875 0.44996703125000004 0.40374199062500005 0.36765883125 0.4627915609375 0.165053215625
1 0.39967539375 0.12331425625 0.36841593281249996 0.13039530625 0.3683908265625 0.13080425 0.36803274375 0.1402554125 0.37089591093749996 0.216418565625 0.371843784375 0.216651334375 0.40192548749999996 0.19998164062499998 0.40236724218750003 0.1927860375 0.39967539375 0.12331425625
1 0.367984871875 0.08613230937500001 0.375383771875 0.148254346875 0.3787856703125 0.149089746875 0.3935677265625 0.131487646875 0.3911843546875 0.083775725 0.368408259375 0.07923586875000001 0.367984871875 0.08613230937500001
1 0.9255237812500001 0.39453715 0.9289784796875 0.395880203125 0.9546110656250001 0.372648890625 0.9560122234374999 0.286546703125 0.9771593046874999 0.2471969375 0.9704201031249999 0.215665190625 0.9691754187500001 0.21535953437500002 0.9465296234375 0.23868725624999998 0.942707875 0.303460890625 0.9177201296874999 0.27845598125 0.913746628125 0.29937328750000003 0.9098329515625 0.363121959375 0.9255237812500001 0.39453715
1 1 0.324869428125 0.98624948125 0.30770950625000004 0.9841076718749999 0.30718354375 0.9839755671875 0.309335359375 0.976100784375 0.47804334375 0.9910519343749999 0.480406759375 1 0.42547641562500005 1 0.324869428125
0 0.8116814609375 1 0.811390946875 0.99867414375 0.8003922343750001 0.9993781187499999 0.77177451875 0.97100729375 0.7561911718750001 0.8920568937500001 0.68090460625 0.8360264562499999 0.6491303046875 0.82740046875 0.6165421828125 0.8579121656250001 0.609616984375 0.854802178125 0.6082415953125 0.83090586875 0.5943912015625 0.8246858906250001 0.6004257984375 0.8496164531250001 0.5911073828125 0.84754795 0.59978965625 0.865202578125 0.595665690625 0.889450875 0.5991030640624999 0.9012230375 0.6062827171875 0.898098575 0.5534037953125 0.96499719375 0.6245137390625 0.9697730343750001 0.6377521125000001 0.93339335 0.649972659375 0.9219514625 0.7355450171875 0.975546940625 0.7356217953125 0.992864053125 0.7320084234374999 1 0.8116814609375 1
0 0.8902286796875 0.796917009375 0.8989791921875 0.86396668125 0.9196081375 0.880004990625 0.9205877390625 0.8802803375 0.9209226953125 0.87482434375 0.9143592406250001 0.7202051968750001 0.9349775203125 0.6458896125 0.9365997500000001 0.61946561875 0.9310555734375001 0.550032446875 0.91426399375 0.572093884375 0.8902286796875 0.796917009375
0 0.61000969375 0.589795559375 0.6126612390624999 0.590635484375 0.6141898218749999 0.5910108593750001 0.651896946875 0.58014410625 0.6536965015625 0.56070648125 0.6539196390625001 0.5570718625 0.5869473734375 0.534279034375 0.5723228296875 0.49572097499999995 0.5566737265625 0.49187804062499996 0.5444352609374999 0.5081669843750001 0.5200907984375001 0.49413264999999995 0.516430984375 0.48199566562499996 0.488078409375 0.475033146875 0.4995649734375 0.5224059249999999 0.61000969375 0.589795559375
0 0.2584577265625 0.577610703125 0.23517181874999998 0.588453071875 0.2141688421875 0.718672828125 0.21563793750000002 0.7261254687500001 0.23674052968749998 0.731307615625 0.275706028125 0.7173987125 0.276758696875 0.700252096875 0.2713241484375 0.621707078125 0.2787672625 0.56321896875 0.2742487703125 0.5422218375 0.2584577265625 0.577610703125