1 1 0.3554705166666666 0.9815522921875001 0.3533185625 0.9565180812499999 0.3517639125 0.9424047124999999 0.3514073125 0.9266604453125 0.3888987104166667 0.9216520484374999 0.4364141729166667 1 0.4481654145833333 1 0.3554705166666666
1 0.7976855406250001 0.60315578125 0.7762711109375 0.5836819187500001 0.7425008734375 0.5834199583333334 0.7005264 0.6003147833333333 0.6748818234375 0.6315064229166667 0.666003121875 0.76681844375 0.689044815625 0.8089581229166666 0.724809778125 0.82593415 0.7750845328125 0.8200621645833334 0.7874073046875 0.8326816958333333 0.8267083656249999 0.8267245875 0.834802284375 0.8570535708333333 0.8329067218749999 0.8758247833333334 0.8629204734375 0.9647760854166666 0.9586958937500001 0.9759484354166666 0.970673753125 0.9760413499999999 0.9707079765625 0.975519775 0.97533488125 0.7104655208333334 0.958938096875 0.7066855104166667 0.900022396875 0.6686566625 0.8740277781250001 0.6308831875 0.8538666562499999 0.6182028520833334 0.8381535187500001 0.6201682875 0.82269540625 0.6075244333333334 0.7976855406250001 0.60315578125
1 0.278803315625 0.424879175 0.2552715828125 0.4246727458333333 0.25156771093749997 0.44394355208333336 0.24861479218750002 0.50853871875 0.2522463875 0.5239301895833334 0.266723903125 0.5413540541666666 0.2807168453125 0.5208589479166666 0.2972359015625 0.45877143125 0.2988873015625 0.4336039854166666 0.28540449375 0.42268481874999997 0.2797579625 0.4220261416666667 0.278803315625 0.424879175
1 0.4188893359375 0.9784381 0.4411334125 0.9393118187499999 0.44544540312500003 0.9002507104166667 0.436435178125 0.8379557104166667 0.4175252359375 0.8189999812500001 0.4110233359375 0.8021733791666666 0.42177354375 0.7820227375000001 0.4768434640625 0.7401499604166666 0.43422265937500004 0.7317891583333334 0.4161837453125 0.7098407041666667 0.37281928125 0.7003049020833333 0.345283284375 0.6830111916666667 0.31279639375 0.6491570208333334 0.29286471875000003 0.6013148270833334 0.2505632453125 0.5963802958333333 0.247248896875 0.6468911958333333 0.252520846875 0.6828047854166667 0.2726633796875 0.71244596875 0.31836565625 0.7475204041666667 0.33100789375 0.7674954333333334 0.31288683125 0.8502723916666667 0.311358434375 0.90028509375 0.31951817031249996 0.9393914645833333 0.332033040625 0.96353421875 0.34728836093750004 0.9745310770833334 0.40622656093750004 0.984644425 0.4188893359375 0.9784381
1 0.13500404531250002 0.7784375541666667 0.1304206015625 0.7890564437500001 0.13430673437500001 0.8393356104166667 0.12281531875 0.8656200833333333 0.10917177812500001 0.8793748375 0.10897209375000001 0.8819079916666667 0.1292162484375 0.9337860083333334 0.16705295625 0.9630711291666666 0.215477371875 0.9687199125 0.234626665625 0.9348691625 0.2373184078125 0.8938468354166668 0.23317825937499997 0.8795828708333333 0.21768293593750002 0.867040025 0.1647617546875 0.8612583979166666 0.151462184375 0.8009450187499999 0.13560896875 0.7784798229166667 0.13500404531250002 0.7784375541666667
1 0.5072723781249999 0.7477219833333333 0.5046501671875 0.7876846562500001 0.53889838125 0.9155966520833334 0.5700431578125 0.93897665625 0.6079358078125 0.94339689375 0.610117971875 0.9435493770833333 0.626866659375 0.9311429333333333 0.6369443859375 0.90469355 0.6348592671875 0.8648618437500001 0.6127936328125 0.8413882208333334 0.579034353125 0.8463398020833334 0.5856072234374999 0.8342666708333333 0.586808540625 0.7883983979166668 0.5696452546875 0.7569123895833333 0.5309238265625 0.73279709375 0.5262931234375 0.7324735145833333 0.5072723781249999 0.7477219833333333
1 0.9683050859375 1 0.9771332671874999 0.8649080416666667 0.9733382765625 0.8244874125 0.9419009015625001 0.76194055 0.9378750968749999 0.7602079416666666 0.917182509375 0.75779411875 0.8965714734375 0.7726945416666666 0.883696421875 0.8293837020833333 0.8832150109375 0.8628490562500001 0.867970434375 0.8814360125 0.8660209953125 0.8977068208333333 0.8652656703125 0.9092180270833333 0.8912134578125 0.9626204354166668 0.887980815625 1 0.9683050859375 1
1 0.5904468859375 0.8904472729166667 0.5947046984375 0.9000111916666668 0.5922527203125 0.9144494166666667 0.6082098671875 0.9227356208333333 0.624507990625 0.94742135625 0.6294214874999999 0.9479945229166666 0.6437568640625 0.9311961937500001 0.6678606390625 0.9472835583333333 0.6834816703125 0.9482536395833333 0.7092833328125 0.9238014916666667 0.715204290625 0.8783133437499999 0.69895629375 0.8491655145833333 0.68349416875 0.8455998541666666 0.6701381859375 0.8447704333333333 0.619834134375 0.8609268 0.5922613796875 0.8758893583333334 0.5912163046875001 0.8787212729166666 0.5904468859375 0.8904472729166667
1 0.8331699218749999 1 0.8336533265625 0.9836063479166667 0.7588714750000001 0.9758936645833334 0.7265864890625 0.9741396479166667 0.72576065 0.9795773000000001 0.724420584375 1 0.8331699218749999 1
1 0.22066974843749998 0.8607307125 0.22889579375000002 0.878268375 0.2635317453125 0.8823087125 0.275116759375 0.8650065958333334 0.2765335828125 0.840076375 0.28507485 0.8415155708333334 0.313797234375 0.8188982333333333 0.3140938453125 0.7585045854166667 0.3033511328125 0.7531110604166666 0.300210178125 0.7527446624999999 0.2952402796875 0.7867889645833334 0.2684357921875 0.8032465541666666 0.2486232796875 0.8346108104166666 0.22070467656249998 0.86019840625 0.22066974843749998 0.8607307125
1 0.0142592234375 0.8279707645833334 0.013567010937499999 0.8676245520833333 0.034150825 0.8942397875 0.0575965515625 0.89088339375 0.06809154218749999 0.8702281770833333 0.065526503125 0.8385352562499999 0.0388653703125 0.8027972604166667 0.025284142187500004 0.7959606020833333 0.0178463828125 0.795092975 0.0077393718750000005 0.8071119479166666 0.0070780234375 0.8171909479166667 0.0142592234375 0.8279707645833334
1 0.293788840625 0.75224180625 0.29562914375 0.7417538208333333 0.29255818125 0.7413955895833334 0.271839925 0.7501936125 0.2693208453125 0.7885845562499999 0.27696009374999997 0.7930345937500001 0.290605609375 0.7696282041666667 0.27855932031249997 0.7597604854166666 0.293788840625 0.75224180625
1 0.17651370625 0.7148678979166667 0.1730117125 0.7504175958333333 0.17064970156249998 0.7864148 0.2451403453125 0.81716731875 0.2670020921875 0.8144660645833334 0.2840926109375 0.7806289104166667 0.278795853125 0.7378930916666667 0.253896765625 0.7013685708333333 0.24285208749999998 0.70793415 0.22058280156249999 0.678625975 0.211551996875 0.6775725166666666 0.19634364843750002 0.6982266916666667 0.175842496875 0.7072762499999999 0.1754060140625 0.7139282729166666 0.17651370625 0.7148678979166667
1 0.0727539203125 0.9289505375 0.0942653734375 0.9342326270833333 0.1019785953125 0.9246316104166666 0.1021358625 0.9222348541666666 0.09780915625 0.9048027416666666 0.094501025 0.9044168416666667 0.085750975 0.91198576875 0.0710226125 0.9016780499999999 0.065438615625 0.9010266666666666 0.0597662359375 0.9112884020833333 0.0727539203125 0.9289505375
0 0.6734507796875 0.5758376520833333 0.692051721875 0.5787835729166667 0.698329534375 0.5489181666666667 0.6958067640625 0.3220979270833333 0.7111379999999999 0.08778961666666667 0.7184426828125 0.054852260416666666 0.733357696875 0.051076431250000005 0.7348992703125 0.0275827375 0.7194616734375 0.025781916666666668 0.6761933515624999 0.023767299999999998 0.655358890625 0.11846995833333333 0.64730794375 0.21064806666666666 0.430934978125 0.18809446666666665 0.42446241249999994 0.19056621875 0.422229953125 0.21888678125000002 0.46832393593750005 0.23143217500000002 0.647168315625 0.25223840416666665 0.6706480765625 0.36252335208333336 0.6612211828125 0.5617492583333333 0.6734507796875 0.5758376520833333
0 1 0.5056372 0.9971892890625 0.50358174375 0.9449257046874999 0.4891625333333333 0.8333266625 0.47614433333333334 0.8139723234374999 0.4765909395833334 0.8076330484375 0.5040534666666666 0.9098076624999999 0.51363228125 0.9619776796874999 0.52849683125 0.9776392859374999 0.5471879458333333 0.9989807578125 0.5446406270833334 1 0.5291073000000001 1 0.5056372
0 0.0222537546875 0.13174393125 0.0353026671875 0.14416693541666667 0.237021771875 0.2397658 0.3057445796875 0.25696998125 0.30575133593750004 0.19727748333333334 0.2162715640625 0.16786243541666668 0.20068955625 0.1451174 0.022738320312499997 0.12435911250000001 0.0222537546875 0.13174393125
1 0 0.70927351875 0.00656830625 0.7114171270833333 0.012010700000000001 0.7121371604166666 0.0257416234375 0.7113377083333333 0.05725723125 0.6579537270833333 0.048826978124999997 0.63800269375 0.05012635 0.61096748125 0.038386254687499996 0.5947642666666667 0.039285820312500004 0.57604758125 0.0468329171875 0.5655353645833333 0.138676075 0.5755934479166667 0.1999196 0.5711388916666666 0.224499259375 0.5806693708333334 0.235839546875 0.6051911145833333 0.24797944843750003 0.6130758020833333 0.281988878125 0.6217609916666667 0.3315201546875 0.6168033229166666 0.34001604375 0.44003461875000005 0.3353789828125 0.45511754791666664 0.3269765765625 0.45086661875 0.3252938078125 0.437040425 0.3166193953125 0.4547284916666667 0.3087167484375 0.44007940416666663 0.314669590625 0.34878132708333337 0.3431473640625 0.2772061666666667 0.3496114015625 0.2403899645833333 0.346645671875 0.20441905208333333 0.33626064218749996 0.19258082499999998 0.337759915625 0.16138634791666667 0.3156069453125 0.11764480625 0.254977859375 0.09080276458333333 0.2423687625 0.08933189375 0.23233824687500002 0.09197828749999999 0.20149445312499997 0.11510474583333334 0.16706881093749998 0.16391801458333333 0.1487204671875 0.22009046458333334 0.10028368750000001 0.31623215416666667 0.0320549859375 0.53114096875 0.0103525453125 0.62454106875 0 0.6454909875 0 0.70927351875