1 1 0.5417658583333333 0.9683430046874999 0.5432969520833333 0.9430455171875 0.5468421166666667 0.9340672734375 0.5517249041666666 0.925144365625 0.5717875395833333 0.927472009375 0.6013155979166667 0.9297437703125 0.6220374291666667 0.9373246546875 0.6396584125 0.9557701890624999 0.6380823541666667 1 0.6304113 1 0.5417658583333333
1 0.757615678125 0.35581474583333333 0.790900303125 0.42811631250000004 0.7969471718750001 0.458386125 0.8785352124999999 0.4469524604166667 0.9006471859375 0.43921506041666664 0.9415552796875 0.43812089375 0.9933530328125 0.4308620083333333 0.9817516703125 0.26516495 0.9052139984375 0.23571561875 0.8914765656249999 0.2410539270833333 0.8683111890624999 0.23490285833333333 0.8693076468750001 0.18195354166666666 0.858890578125 0.16753380833333334 0.8588703296875 0.10006331041666666 0.8431895609375 0.05525205833333333 0.79610500625 0.020986822916666665 0.75151718125 0.03357813958333333 0.7111763468750001 0.06203979375 0.6896638203125 0.101889375 0.6806590484374999 0.16094567708333332 0.6841347140625 0.20503733124999998 0.700211465625 0.23014290833333334 0.705620409375 0.26260888125 0.7163279671875 0.2811775229166667 0.7162378875 0.30228472083333335 0.727381178125 0.3270767270833333 0.757615678125 0.35581474583333333
1 0.29138013125 0.4876014479166667 0.2887040984375 0.46809406249999996 0.2653362859375 0.46736199375 0.263673859375 0.461322725 0.24509793906250002 0.47521337291666665 0.248209503125 0.5146861125 0.25845461875 0.5637072187500001 0.26986720000000003 0.5825259895833333 0.2738906765625 0.58196214375 0.286554359375 0.5679292145833333 0.29095797968750003 0.5526118729166666 0.29138013125 0.4876014479166667
1 0.31648140625 0.3395411020833333 0.319810953125 0.3723304583333333 0.3322330578125 0.3705896375 0.35372675937500003 0.31538296875 0.36872399843750003 0.29786953749999995 0.3810948953125 0.30428005 0.39491705 0.32724565624999996 0.4408645421875 0.33051134791666664 0.4697732859375 0.31902153125 0.49890675624999997 0.28315342083333334 0.5023022734375 0.2701061458333333 0.4954670640625 0.18339591041666664 0.48874793906249997 0.16726776875 0.4710295875 0.15374040208333334 0.44221019375 0.14828822708333333 0.4052355953125 0.15757375625 0.34388472812500004 0.19413040208333332 0.3292475953125 0.17982923958333333 0.3037774625 0.1227773 0.282070859375 0.09967679375 0.21074800312500003 0.09432390625 0.2096075828125 0.10471224166666666 0.21388828906250001 0.15901650208333334 0.21433283281249998 0.16215931875 0.25661156875 0.18643832500000002 0.281310040625 0.22570702916666668 0.293819025 0.26063460625 0.30043904062500004 0.3181905354166667 0.31648140625 0.3395411020833333
1 0.17987266562499998 0.19587366875 0.1992424078125 0.18249464166666665 0.23762770781250003 0.19110501041666667 0.24582888125000002 0.18552434166666665 0.22751434062500003 0.16246254375 0.1810232984375 0.140712675 0.17390486249999998 0.07034026041666668 0.1635804546875 0.04898596041666667 0.1601318671875 0.04696944375 0.1099566734375 0.054000943749999995 0.0951468203125 0.06776873958333333 0.09371725 0.10942580416666667 0.1277734796875 0.18270302083333334 0.16756382187500002 0.21256310208333332 0.17043413125 0.21242945833333332 0.17987266562499998 0.19587366875
1 0.5835602640625 0.16968389166666667 0.5766700765625 0.1585197625 0.6103091546875 0.15877708333333332 0.6314770171874999 0.13222327708333334 0.6323236750000001 0.0920836875 0.6215159515625001 0.0670244625 0.60452173125 0.05694248958333334 0.5674325890625 0.06477494791666667 0.5347334265625 0.09481552708333334 0.5027598953125 0.23604989375000002 0.5049734359375 0.26413048541666667 0.5053115359375 0.2650783854166667 0.515330625 0.27161221874999997 0.5473369578125 0.2671268833333333 0.570099425 0.24929332708333335 0.5861587 0.21540554583333332 0.5835602640625 0.16968389166666667
1 0.9022963484375 0.025021275 0.8871175140625001 0.04746653541666667 0.8624098265625 0.05117797083333333 0.8193835187499999 0.07387801875000001 0.8064984015625001 0.10306659791666667 0.8092900625 0.13848110624999999 0.8467003625 0.17070937083333335 0.9658756437499999 0.15400826666666667 0.9644871187499999 0.047943670833333334 0.959862296875 0.04924071875 0.9223217296874999 0.01821584791666667 0.9022963484375 0.025021275
1 0.6627022546875 0.18392582291666668 0.67296885 0.14622863958333332 0.6846668625000001 0.07165581041666667 0.6798406703125 0.03915720208333333 0.6577882578125 0.020465770833333334 0.624112996875 0.03313655625 0.6065458375 0.07020541041666667 0.607636446875 0.0910006625 0.6201656796874999 0.12156478750000001 0.6084465421874999 0.14175576666666664 0.6090586625000001 0.14952101666666667 0.62729590625 0.168233175 0.6336063109375 0.1880033 0.6362412281250001 0.18763404583333332 0.644508371875 0.18392624791666667 0.647728896875 0.186024175 0.6627022546875 0.18392582291666668
1 0.7182474078125 0 0.72024100625 0.025290429166666666 0.7612680625 0.00776791875 0.7970305484375 0.00303650625 0.8151883328125 0.0137192125 0.8163943703125 0.013559652083333333 0.8216713515625 0.007104102083333333 0.8224552421875 0 0.7182474078125 0
1 0.30596981093750003 0.13025575416666665 0.260727153125 0.13523584791666668 0.246435465625 0.17501985 0.24830585 0.18623040208333333 0.22974984843750001 0.19000162708333335 0.21725030625000002 0.207515575 0.2213901828125 0.25040664166666665 0.23096861093749999 0.25699738958333335 0.241021715625 0.2555885583333333 0.254989409375 0.22280520208333332 0.27666339687499997 0.19416523541666666 0.286515578125 0.15739089166666667 0.31200440625 0.14806097708333335 0.3118793015625 0.14647390833333332 0.30596981093750003 0.13025575416666665
1 0.0003504796875 0.13983628958333333 0.000211353125 0.1661018375 0.0011352109375000002 0.17243895416666666 0.0220722390625 0.19628708958333335 0.051561 0.19169143333333333 0.061258459375 0.20117765833333331 0.0666766421875 0.20041836041666666 0.073234328125 0.18840633125 0.07150084375 0.16641567083333333 0.0678747328125 0.1566066375 0.0385807484375 0.12443052916666668 0.01470159375 0.12395294166666666 0.0003504796875 0.13983628958333333
1 0.267013903125 0.22318752916666668 0.260291840625 0.24941417083333334 0.26072601406249996 0.25492202708333334 0.265237375 0.2542898083333333 0.267685615625 0.2534498416666667 0.2737411046875 0.23286508958333335 0.28076833125 0.24878503125 0.2986497671875 0.22995945625 0.294936140625 0.21783789583333332 0.267013903125 0.22318752916666668
1 0.2452887046875 0.3343313 0.25574887031250004 0.29839247916666667 0.2766435125 0.2704972395833333 0.252009409375 0.23606007083333333 0.257719240625 0.22064498541666666 0.232416921875 0.18943757916666665 0.2030907390625 0.18549104583333334 0.2003397890625 0.18587656041666667 0.1745818453125 0.2107017625 0.17229994531249998 0.22935756041666666 0.1750141234375 0.26378912916666664 0.188498784375 0.34079754166666665 0.24188764687500003 0.3264043104166667 0.2452887046875 0.3343313
1 0.0630458453125 0.07523581458333334 0.0725386046875 0.10052798125 0.06580670937500001 0.11411168749999999 0.06598222031249999 0.11633818958333333 0.07395384687499999 0.11979580208333333 0.0842355546875 0.11835493333333333 0.08893629374999999 0.1116736 0.08548504375 0.0829519375 0.07260792031249999 0.06577090833333334 0.0630458453125 0.07523581458333334
0 0.8093506671874999 0.5927511458333333 0.8225590421875 0.5752484166666666 0.8162001374999999 0.5566231083333334 0.770038725 0.57057526875 0.6923696500000001 0.5785697125 0.6890336046875001 0.6065990895833333 0.6646075312499999 0.6180631083333333 0.4897794734375 0.6507793416666666 0.3200328546875 0.6593014312500001 0.2980912640625 0.6691385000000001 0.298641021875 0.67611264375 0.3006203203125 0.6938787000000001 0.3115153609375 0.7094441604166666 0.46027195781249997 0.68643750625 0.5434546109375 0.7119602833333333 0.5642277609375 0.9492934729166667 0.5718836546875 0.9926804375 0.5971126484375 0.9891448729166666 0.5745622453125 0.7095948208333334 0.6432816921875 0.69403174375 0.7257321875 0.655600775 0.75663980625 0.6490737270833333 0.7694481515625 0.6232478208333333 0.8025011953125001 0.6288791854166667 0.8119961296874999 0.6153135270833333 0.8093506671874999 0.5927511458333333
0 1 0.4658942375 0.9944155406249999 0.442885125 0.9790165515625 0.44125034375 0.8056504828125 0.4655456895833333 0.80859170625 0.4946783625 0.8302583328124999 0.49902197083333333 0.8458194890625 0.48182886041666667 0.8982400875 0.47150044999999996 1 0.47062842083333334 1 0.4658942375
0 0.2220505375 1 0.21849290312499997 0.9548685020833333 0.21258876718750003 0.9083912333333333 0.207428865625 0.9048150229166667 0.211609709375 0.9001492 0.20464825156250002 0.8946940854166667 0.21115364531249997 0.8617639916666667 0.20396140156250003 0.7705244958333334 0.180308528125 0.7429429083333333 0.15988503437499998 0.6241598604166666 0.136817228125 0.6263091833333333 0.1158406703125 0.6292488187499999 0.11637028437500001 0.6359674020833334 0.12706450625000001 0.7199070666666666 0.19493482812500001 0.9856567541666668 0.20267229687500002 1 0.2220505375 1
1 0.1412287703125 0.3794634333333333 0.139707225 0.3745271125 0.0158127578125 0.39188955833333333 0.01412696875 0.4403219854166667 0.021635126562500002 0.4855019 0.0279100109375 0.5016004749999999 0.046662046875 0.5165357291666667 0.054532884375 0.5491691166666667 0.052955290625 0.6306488354166666 0.0631657984375 0.7527385166666666 0.05548547968749999 0.7628391333333333 0.041448684375 0.7641478625 0.0289352234375 0.74863095 0.0234764703125 0.7491399 0.0282014453125 0.7980928416666667 0.0894349671875 0.7721865375 0.248935584375 0.6801536541666666 0.319772303125 0.6151564833333333 0.3614473921875 0.59041635625 0.39712868281249997 0.5443378166666667 0.41361366562499996 0.5031772395833333 0.4147230515625 0.4944539166666667 0.4127082296875 0.46889425625 0.391923478125 0.39258513333333334 0.3584182625 0.3633845125 0.335023603125 0.3655657291666667 0.3258289265625 0.3518248375 0.3136534625 0.3501504645833334 0.27577826562499996 0.35545825625000005 0.2712413890625 0.35691434791666665 0.2182861140625 0.39521890625 0.149861275 0.40368399791666665 0.138626371875 0.39326150625 0.151665696875 0.38161851666666663 0.1412287703125 0.3794634333333333