1 0.011798270312500001 0.6449537270833333 0.00852726875 0.6644689083333333 0.0156411453125 0.7389044458333333 0.042552510937499996 0.7482703541666668 0.081237775 0.7413269708333333 0.0792679234375 0.6632280395833334 0.077988859375 0.6306867229166666 0.0675802203125 0.6261810645833333 0.0249849125 0.6291574979166668 0.011798270312500001 0.6449537270833333
1 0 0.5174572770833333 0.0006852328125 0.5348906375 0.0378459875 0.5322939541666667 0.07051642031250001 0.5268440791666666 0.08491598593750001 0.5290048416666667 0.176000459375 0.5226401291666667 0.1799036546875 0.49452751875 0.20914903125 0.41627392708333333 0.237820353125 0.38187048749999997 0.247577925 0.3550899229166667 0.24628424999999998 0.33414810208333334 0.2559598125 0.3136318458333333 0.25953125625 0.28034379375 0.275611634375 0.24963020416666665 0.2761036828125 0.21204435833333332 0.2627931203125 0.15094223125 0.2389551390625 0.11554622083333334 0.1968912484375 0.09511183958333333 0.1514746015625 0.09126069166666667 0.1062264125 0.13442224791666665 0.0930614140625 0.18196224791666668 0.096887765625 0.24896391458333333 0.0872668734375 0.26530396666666667 0.0912845765625 0.3176889145833333 0.0684122359375 0.32829195625 0.054336267187499995 0.32565669999999997 0 0.3575815541666667 0 0.5174572770833333
1 0.766771415625 0.5001345354166667 0.7740481578125 0.4762104875 0.7693321359375 0.47449025 0.7656667734375 0.4434777625 0.750793325 0.44150308958333334 0.702473328125 0.4473419895833333 0.69166326875 0.4544409020833333 0.6811078187499999 0.47612536875 0.6985575171875 0.49146206666666664 0.7399495453125 0.50200876875 0.766771415625 0.5001345354166667
1 0.5793005359375 0.35818637291666666 0.593808546875 0.3645406 0.6547831109375 0.35838009791666664 0.666574034375 0.34936878750000006 0.68817356875 0.30443701666666667 0.6918098625 0.26444815416666667 0.68169341875 0.20499537916666669 0.662417746875 0.19130282083333333 0.65560971875 0.17635060833333333 0.66602670625 0.15340206041666665 0.7204631453125 0.09681128541666667 0.6776192921875 0.10009729791666667 0.6591638515625 0.08319385833333334 0.6155544390625 0.08551455000000001 0.5876662593749999 0.07582015833333333 0.5545285062499999 0.05101609791666666 0.529511059375 0.0003675229166666667 0.5129869796875 0.0004925270833333334 0.493368290625 0.0018634229166666666 0.47911574687499997 0.008479852083333333 0.4792099078125 0.010875470833333335 0.4947331484375 0.10084961458333333 0.515430596875 0.12482522708333334 0.5618288875 0.14724685208333332 0.5748434015624999 0.16365734166666668 0.5581380734375 0.25084411458333333 0.5574820093749999 0.300958575 0.5663406953125001 0.33759968125 0.5793005359375 0.35818637291666666
1 0.725393653125 0 0.717283675 0.017180783333333335 0.7194383734375001 0.07199957708333334 0.7206401046875001 0.07531272500000001 0.7368383171875 0.08603725208333332 0.78990258125 0.08565357083333333 0.8068239546875 0.14434640625 0.821940871875 0.162488675 0.825528665625 0.16223797083333333 0.828506646875 0.15377205000000002 0.8215728062500001 0.104005875 0.831417528125 0.07641594166666667 0.8441691953125 0.06109014583333334 0.8442137656250001 0.05853681458333333 0.820889146875 0.009077272916666665 0.80646909375 0 0.725393653125 0
1 0.3907219125 0.2063384895833333 0.4250393359375 0.203673475 0.448287134375 0.17788178541666666 0.4669237921875 0.12011880833333333 0.4521460453125 0.08997991875000001 0.4402325 0.08485170625 0.4394560625 0.08490596041666666 0.32910670937500003 0.15167904791666667 0.3169898390625 0.18289863750000002 0.32045722187500003 0.2711141166666666 0.3363800484375 0.2798659229166667 0.34208293749999996 0.2794674208333333 0.3500997609375 0.2788448520833333 0.36869179375 0.27479382916666667 0.3858642765625 0.24321663541666666 0.3815815703125 0.19870524375 0.3907219125 0.2063384895833333
1 0 0.23631695 0.0211461484375 0.23140137083333334 0.0376014890625 0.24781218333333335 0.05284349687499999 0.24712706874999998 0.058390423437500005 0.24630619791666666 0.09335976875 0.20186874166666666 0.140127575 0.19704173125000002 0.1513427390625 0.18811912916666668 0.1478408046875 0.09902459583333334 0.003302159375 0.10912452708333334 0 0.11056183333333333 0 0.23631695
1 0.266271340625 0.08238648958333333 0.26498856718749997 0.09392207083333333 0.26663981406250004 0.13593228958333334 0.2769692140625 0.18692062916666666 0.2888703328125 0.22252633958333332 0.2891295859375 0.22266806666666666 0.3021776828125 0.22175630416666667 0.306960384375 0.21744410625 0.31787977343749996 0.21961783333333335 0.3237405484375 0.19772855416666665 0.344561134375 0.17073276041666666 0.3292745390625 0.14972395208333333 0.34081378125 0.11638909166666668 0.3411784 0.09550168958333334 0.3221795421875 0.06297445625 0.28781979375 0.058529877083333334 0.266271340625 0.08238648958333333
1 0.20110108593749998 0.08069957708333333 0.22684667187500002 0.07890055208333333 0.2251233734375 0.03505726666666666 0.1289216296875 0.026708216666666666 0.11813148124999999 0.026289602083333332 0.1175132828125 0.04746691041666666 0.126398215625 0.08090631458333333 0.13128076093750002 0.08557841458333333 0.135972828125 0.08525054791666667 0.150114815625 0.07458695833333334 0.1861565953125 0.07598523750000001 0.20110108593749998 0.08069957708333333
1 0.6979776046875 0.20661613125 0.7445971796874999 0.20335849375 0.7461884796875 0.19526587916666666 0.7457659015625 0.18451486041666668 0.72145736875 0.18149025 0.7063754109375 0.14760599166666666 0.6808993437499999 0.12445408958333333 0.6587305609375 0.08974878124999999 0.6431393953125 0.10584731666666666 0.645319615625 0.14741881874999999 0.6609832109375 0.1625474041666667 0.6797360671875 0.16196543541666666 0.6795542593749999 0.17342184583333334 0.6979776046875 0.20661613125
1 0.9556395999999999 0.11027841875000001 0.9552078703125 0.09929458958333333 0.9472439312500001 0.08973357083333333 0.9436171015625 0.05034934791666667 0.9202798765625 0.026019481249999997 0.8973613796875 0.03169132291666667 0.8891861828125001 0.05321937708333333 0.8951816234375001 0.08438508333333333 0.9255466984374999 0.11715215625 0.9313848124999999 0.11937578541666666 0.9503930859375 0.11804754375 0.9556395999999999 0.11027841875000001
1 0.6985082109375 0.176415275 0.698376540625 0.17306535833333334 0.6902938296875 0.1694730458333333 0.6777766765625 0.19450735208333333 0.69029383125 0.20285212291666666 0.675429709375 0.21223998958333334 0.6750130421875 0.21557332499999998 0.6752972625 0.22280431250000002 0.6776518874999999 0.22263977916666666 0.69811705 0.21119689375 0.6985082109375 0.201809025 0.6985082109375 0.176415275
1 0.6866937984375 0.18865411041666666 0.68328189375 0.22691082916666666 0.6846517390625 0.2617617375 0.7298762515624999 0.2732314979166667 0.780691771875 0.2696806583333334 0.794818234375 0.23926434166666669 0.79490935625 0.232304 0.789909809375 0.1957197125 0.7645090125 0.1631538 0.7534438171875 0.17142122291666664 0.7256816703125 0.13988115208333335 0.706517509375 0.16896889791666667 0.6815864781250001 0.18377688541666667 0.6816430312499999 0.18521567083333332 0.6866937984375 0.18865411041666666
1 0.8542439796875 0 0.85050045 0.011069485416666667 0.8655113906249999 0.025927783333333333 0.8913809296874999 0.024120095833333334 0.894163221875 0.01908232291666667 0.8940564109375 0.016364866666666665 0.8867825578125 0 0.88307338125 0 0.876114803125 0.008356214583333334 0.859646378125 0 0.8542439796875 0
0 0.27418101875 1 0.38249999218749997 0.9691918125 0.5584257953125 0.94312059375 0.583365521875 0.9462763645833333 0.5881549015624999 0.97280718125 0.6659698296875 0.95477464375 0.7126988265625 0.9531315708333333 0.7180619703125 0.9326404625 0.7039850296875 0.9197858208333333 0.70544195625 0.89665089375 0.6952712328125 0.8864400729166667 0.662628275 0.90302334375 0.6485149359375 0.8818264791666667 0.6173744046875 0.8857026020833333 0.5332039671875 0.8753125729166666 0.46391173593749996 0.882894175 0.471819840625 0.5979339958333333 0.4470291046875 0.5996663000000001 0.4410850578125 0.649939575 0.43278940468749993 0.8909414104166667 0.35123206093750003 0.9438701458333333 0.20244313749999998 0.9707006979166667 0.2035947703125 1 0.27418101875 1
0 0.1049135484375 0.48549598958333334 0.1152283078125 0.46352090625000003 0.11499761875 0.45765182916666663 0.11016490625 0.43421760833333334 0.0820527578125 0.4355265395833333 0.080187003125 0.4429039625 0.07884535625 0.5179549812500001 0.0889603234375 0.6601705645833333 0.0931425640625 0.6880965395833333 0.11244843593750001 0.6918901541666667 0.114520809375 0.69174534375 0.103299375 0.5563936666666667 0.1049135484375 0.48549598958333334
0 1 0.7704700833333333 0.991833121875 0.7643768666666666 0.787390309375 0.7083717354166666 0.7177052359375 0.7046236 0.7200597953125001 0.7645271458333334 0.8081619999999999 0.7760625479166666 0.82452735 0.7965104249999999 0.922566534375 0.7896597375 0.9239766609375 0.7889163187499999 0.9243083828125 0.7895380229166666 1 0.7842489166666666 1 0.7704700833333333
1 0.980325025 0.20352736875 0.9666593984375 0.20155591458333333 0.9611931468750001 0.20181042916666667 0.94752751875 0.20505445416666665 0.9186344765625 0.26377003541666666 0.92800519375 0.28210945625 0.92800519375 0.3092299583333334 0.9404994828125 0.32325155624999996 0.9404994828125 0.3420272875 0.9334714453125 0.35382857916666666 0.8413260687499999 0.36020515625 0.7804164124999999 0.375558325 0.7554278375 0.3704632416666667 0.7429335484374999 0.34809687083333335 0.7304392609375 0.3424200416666666 0.6960799671875 0.3398474625 0.6522165296875 0.3521200708333333 0.65872208125 0.5176311895833333 0.6593779953125 0.5178396 0.6617206734375001 0.5312907729166667 0.6695296046875 0.5121514479166667 0.678119428125 0.5253117479166667 0.6765576421875 0.6171769312500001 0.6641261359375 0.6551185270833333 0.6706455203125 0.8209815375 0.6867092515625 0.8472285208333333 0.7460905609374999 0.8624909354166667 0.7635153703124999 0.8612733416666667 0.771045696875 0.8579050770833334 0.8007196328124999 0.8294029270833333 0.8327362453125 0.7747142958333334 0.8483541062500001 0.7155737229166667 0.8920841156250001 0.6113141833333333 0.949870196875 0.38540101875 0.9670498437499999 0.2886362666666667 0.9889148499999999 0.2354634 0.9873530625000001 0.21258800208333334 0.980325025 0.20352736875