0 0.5821245921875 0.31354344835680753 0.6472811468749999 0.3325709061032864 0.7879362078125001 0.32444632159624415 0.795998965625 0.3177415234741784 0.82448605 0.19421563615023474 0.8258629390625 0.1835737910798122 0.8244179828125 0.1715385751173709 0.8047515593749999 0.1677361995305164 0.7731173796874999 0.1728349295774648 0.7402346296875 0.19244883333333335 0.6840584078124999 0.20755909154929578 0.56110756875 0.20975890610328637 0.5499565984375 0.2276718779342723 0.5821245921875 0.31354344835680753
0 0.778952275 0.38621013849765257 0.7662928390625 0.35776008920187796 0.746461909375 0.3519689272300469 0.639347359375 0.33509745774647887 0.6279813843750001 0.33996715962441315 0.6206843234375 0.38088059154929577 0.6364587765625 0.3965682417840376 0.66643695 0.3914754154929578 0.7519121546875 0.40119958450704224 0.75697434375 0.41356418779342724 0.7523325390625 0.45770002816901406 0.7580484390625 0.4618718849765258 0.7624673453125 0.4008758192488263 0.7771322796875 0.4002767112676056 0.778952275 0.38621013849765257
0 0.710552278125 0.5474933849765258 0.7144678265625 0.39523558215962445 0.6985451734375 0.39058573943661967 0.6961670203125 0.3979178356807512 0.69326783125 0.5291525469483568 0.6743499296875 0.5303397676056338 0.673198384375 0.539239955399061 0.6931687984375 0.5399404084507042 0.69753045 0.5631818262910798 0.710552278125 0.5474933849765258
0 0.4358263203125 0.2580851690140845 0.36136215781250003 0.18026652112676056 0.3557659109375 0.17868297183098591 0.27897357968750003 0.19936483568075117 0.25350655781250003 0.21528916431924883 0.2530000484375 0.21920393427230048 0.2616697328125 0.23269852112676057 0.34373847031250004 0.2989294600938967 0.343740928125 0.29893017605633804 0.44702737031249995 0.2815644248826291 0.4358263203125 0.2580851690140845
0 0.457027303125 0.4813330751173709 0.47902844843750003 0.42004269953051643 0.47715644843750005 0.27571588028169014 0.47618329375 0.27543169483568075 0.46584654687500004 0.28639226995305167 0.456035796875 0.3107899694835681 0.45026994531250003 0.35535370422535206 0.4564502859375 0.39125922769953053 0.45303448125 0.46447716901408453 0.457027303125 0.4813330751173709
0 0.5094072296875 0.4644855023474178 0.5106064859375 0.46483571830985915 0.5306342390625 0.32958600234741786 0.548783021875 0.3180262136150234 0.602041640625 0.32453538028169016 0.6038544390625 0.3195902253521127 0.6040806812499999 0.31778563849765257 0.5663727093750001 0.3022044483568075 0.54897404375 0.2985308755868545 0.5069924375 0.29832671830985913 0.5067964046875 0.29984184037558687 0.522887153125 0.32795027464788734 0.5078479359375 0.4479088145539906 0.5094072296875 0.4644855023474178
0 0.5665594390625001 0.4895635516431925 0.5724416328124999 0.4494142816901408 0.5707118109375 0.4489091291079812 0.568158409375 0.4530054483568075 0.5600687515625 0.5155296666666667 0.5578714421875001 0.5572785539906103 0.5649906265625 0.5566489366197184 0.5693234953124999 0.5354891948356807 0.5665594390625001 0.4895635516431925
0 0.705462209375 0.5297735845070423 0.7415104078125 0.5464191572769953 0.74789788125 0.5401095375586854 0.7273891109374999 0.5257506901408451 0.718669796875 0.5232044178403756 0.660569109375 0.5138259694835681 0.6612196234375001 0.5272518708920187 0.6743469453125 0.5303628286384976 0.705462209375 0.5297735845070423
0 0.2322892890625 0.2439485422535211 0.23423107031249998 0.2289406924882629 0.242452971875 0.1450009882629108 0.24032557031250001 0.14437973004694835 0.231339740625 0.15520059624413146 0.22333015 0.14965724647887324 0.22665614375 0.17187238497652582 0.18457755 0.28054204929577464 0.1838787078125 0.2859433309859155 0.19494757499999998 0.3387598309859155 0.2322892890625 0.2439485422535211
0 0.36057532187499997 0.39471771126760563 0.36920482187500003 0.36042274178403755 0.390712640625 0.35641461267605634 0.39457092656250004 0.3429581150234742 0.3971384734375 0.32311379107981225 0.3749554234375 0.3137397746478873 0.369370271875 0.31231052582159624 0.31931621250000003 0.31424523474178406 0.319217659375 0.3148541502347418 0.328065790625 0.33206018309859153 0.3616547375 0.35254565727699533 0.355824634375 0.3933303849765258 0.36057532187499997 0.39471771126760563
0 0.25482417968750004 0.31346725352112675 0.2520298453125 0.37975900469483564 0.252076625 0.37977266666666665 0.261299325 0.31212995070422533 0.2796361734375 0.30322665258215964 0.23279259687499998 0.27990160563380284 0.21805176718750002 0.2775739835680751 0.17685525468750002 0.2787147042253521 0.175871421875 0.2863186572769953 0.1831146796875 0.29388498356807513 0.2127075203125 0.30681690375586856 0.20529138750000003 0.3661101244131455 0.210335309375 0.36758308450704225 0.22093337656249998 0.3116554154929578 0.25482417968750004 0.31346725352112675
0 0.1582719375 0.27423886854460094 0.185386459375 0.2794999671361502 0.206734515625 0.26790909154929576 0.1500659140625 0.2407311690140845 0.1461608609375 0.23980196713615023 0.1175722421875 0.24480967840375586 0.11694573593749999 0.2496518943661972 0.152458953125 0.2680926455399061 0.1410954796875 0.35350481924882626 0.1401073625 0.3662054765258216 0.144934553125 0.3676151455399061 0.1582719375 0.27423886854460094
0 0.1194988203125 0.30347703990610325 0.1168857453125 0.3314101948356808 0.0498217609375 0.3142626361502347 0.116232475 0.33839348591549295 0.1242011140625 0.3628956009389671 0.13976136249999999 0.2809333333333333 0.137393609375 0.23388853051643194 0.13680604999999998 0.2337169483568075 0.1234582546875 0.2949008708920188 0.0462216171875 0.2672667746478873 0.0461863203125 0.26753957511737086 0.1194988203125 0.30347703990610325
0 0.431026196875 0.45487705633802816 0.4313113421875 0.4526731971830986 0.4211125796875 0.43673388028169013 0.42568727500000003 0.3563396549295775 0.425478109375 0.35627857276995306 0.4133277421875 0.38677254929577465 0.4018578703125 0.48978958685446006 0.41884144843750004 0.4504187699530517 0.431026196875 0.45487705633802816
0 0.3367107203125 0.39253131690140847 0.3360136984375 0.39232776995305163 0.326007271875 0.40874659859154927 0.2881763921875 0.41482227230046953 0.2881632890625 0.41492354460093894 0.302550965625 0.4256001220657277 0.3103547875 0.4278790469483568 0.362091865625 0.433123323943662 0.336542103125 0.413727338028169 0.3367107203125 0.39253131690140847
0 0.24447008593750003 0.4198430305164319 0.24466304062500002 0.4199028849765258 0.25345758125 0.3956636713615024 0.2905512171875 0.39646746948356804 0.29057148593750004 0.39631080516431927 0.2657838078125 0.38138417605633806 0.25562961562500003 0.3784188802816902 0.218916921875 0.3741618732394366 0.24459162812500002 0.3905162652582159 0.24447008593750003 0.4198430305164319
0 0.49449873125000005 0.4587441314553991 0.49038811875 0.45794937089201876 0.481013759375 0.4743735516431925 0.45033987187499996 0.4783238521126761 0.4911763609375 0.49024919953051643 0.501982396875 0.49254640610328637 0.4924667578125 0.4777644765258216 0.4955665359375 0.4595388638497652 0.49449873125000005 0.4587441314553991
0 0.7278854390625 0.5717593568075118 0.727803409375 0.5726748497652582 0.732847025 0.5690651291079812 0.7309441078125001 0.5650505046948356 0.7289879421875 0.5644792511737089 0.728621303125 0.5660719389671361 0.7278854390625 0.5717593568075118
0 0.7068833875 0.5586219694835681 0.702649509375 0.5472223098591549 0.6948473015625 0.5449438568075118 0.6652902140625 0.5388492300469483 0.6652754671875 0.53896320657277 0.6820816468750001 0.5451712582159625 0.696356503125 0.5644263215962442 0.697549740625 0.5647856150234741 0.7068833875 0.5586219694835681
0 0.25202958125 0.4727535469483568 0.2586349296875 0.4463063262910798 0.265468809375 0.393487896713615 0.2654581203125 0.39324583568075117 0.265384821875 0.39322443192488266 0.25347133906249997 0.46161034037558685 0.25202958125 0.4727535469483568
0 0.327105553125 0.449358368544601 0.32289850000000003 0.43526962676056336 0.3041338484375 0.4523672582159624 0.3165309921875 0.4559875563380282 0.34586370781250003 0.45977078638497654 0.327105553125 0.449358368544601
0 0.3843981515625 0.458364117370892 0.3911994546875 0.47061868309859156 0.39351835625 0.4712958638497653 0.41545986875 0.4521632816901408 0.4156702484375 0.4505372816901408 0.3714843625 0.4458194084507042 0.372632334375 0.4611754061032864 0.3843981515625 0.458364117370892