0 0.6579166625 1 0.6583266531249999 0.9993227981220658 0.7066964015625 0.7149668028169014 0.6448379531249999 0.6272846267605634 0.6308898328125 0.6387616408450705 0.603955071875 0.8171245774647888 0.5824869671874999 0.8948763591549296 0.5629258359375 0.9375312276995306 0.5586075125 0.9570751150234742 0.5566095718749999 1 0.6579166625 1
0 0.6788160734375001 0.6033110211267605 0.6596059671875001 0.7275958169014085 0.647506003125 0.7680237629107982 0.6526088828125001 0.7955152582159625 0.68093511875 0.8004893262910797 0.6871283140625 0.7868016032863849 0.7119050796875 0.6020293098591549 0.6934547281250001 0.5650331126760564 0.6893973515625 0.564606868544601 0.6876544546875001 0.5646743802816901 0.682149759375 0.5885301643192489 0.643849846875 0.5726996431924882 0.64342859375 0.5817500633802817 0.6725193593750001 0.5915671502347418 0.6788160734375001 0.6033110211267605
0 0.673386475 0.6805401244131456 0.6890530765625 0.6839877394366197 0.71155320625 0.5361385000000001 0.7019453984374999 0.5141557957746479 0.7016319546875 0.5141228661971832 0.6936142140625 0.5333799295774648 0.6743742312500001 0.5226254295774647 0.6739496328125 0.5317477464788732 0.6918580453125001 0.5436954530516431 0.672116478125 0.6701532112676056 0.673386475 0.6805401244131456
0 0.352376615625 0.7102828615023473 0.3536224890625 0.6835158145539906 0.3220805875 0.5621089248826291 0.3118201375 0.5437659342723005 0.3085042390625 0.5434175845070423 0.2750688296875 0.6847242276995306 0.2994356890625 0.8217748122065728 0.3072242125 0.8404551032863851 0.30775555625 0.840562558685446 0.32483580624999997 0.8056776032863849 0.352376615625 0.7102828615023473
0 0.38878208281250004 0.6066682441314554 0.4371074421875 0.6147534577464788 0.4658833953125 0.635251751173709 0.47737468749999995 0.6364589624413146 0.5073628234374999 0.6196694342723005 0.5169864578125 0.6061758450704225 0.517046153125 0.604893340375587 0.4236387203125 0.5761810399061033 0.3787614734375 0.5977355140845071 0.38878208281250004 0.6066682441314554
0 0.4986751359375 0.5609479131455399 0.49489393125000003 0.6829144812206572 0.474219925 0.7064785657276996 0.47420202656250005 0.7070559225352113 0.50912034375 0.7174479319248825 0.53793974375 0.7204755352112676 0.5697769328125 0.7171049201877934 0.57013701875 0.7093686384976525 0.5186006921875 0.7002760422535211 0.502693740625 0.6835969765258216 0.5040094609375 0.5402478145539906 0.4986751359375 0.5609479131455399
0 0.560295115625 0.576928765258216 0.5728621656249999 0.48676343661971827 0.5662162578125 0.46613877699530515 0.564126696875 0.511785147887324 0.561672109375 0.5210658286384976 0.55907791875 0.5768008920187794 0.560295115625 0.576928765258216
0 0.7034648781249999 0.5469758779342723 0.6818262921875 0.5355736948356807 0.6594444640625 0.5332223873239437 0.6579545437500001 0.5388792183098592 0.6578738265624999 0.5406133708920188 0.7212533765625 0.5617609882629108 0.745948065625 0.5576054436619718 0.741111953125 0.5485257699530516 0.7034648781249999 0.5469758779342723
0 0.149862990625 0.6611181690140846 0.173444290625 0.6660971525821596 0.24261158124999999 0.645622603286385 0.21401148124999997 0.6134978075117371 0.20429037499999997 0.6124765633802817 0.1273085125 0.6343575399061033 0.11429377968750001 0.6220967511737089 0.1153211265625 0.635393823943662 0.106424215625 0.6438577746478873 0.1062301734375 0.6480266596244131 0.149862990625 0.6611181690140846
0 0.3597681015625 0.5306925117370892 0.33707233593749997 0.5328007863849765 0.3300279890625 0.5622681643192489 0.30755469375 0.5627593356807512 0.30720165625 0.570344190140845 0.3335635953125 0.5758216291079812 0.3398711125 0.6310861267605634 0.3485339125 0.6484408755868545 0.3497773140625 0.6486482042253522 0.361667425 0.5757936619718309 0.3597681015625 0.5306925117370892
0 0.15772975312499998 0.5774996948356808 0.1500388953125 0.5817570821596244 0.1496491515625 0.5901305680751173 0.188525071875 0.6062460469483567 0.2031766796875 0.6094703004694836 0.252604784375 0.6043157347417841 0.2365034125 0.5888970422535211 0.23979484062499998 0.5197273122065728 0.23977914218750002 0.519725661971831 0.2304923546875 0.585199161971831 0.1974440328125 0.5743638779342723 0.197278753125 0.5152608122065727 0.19221534843750002 0.5147288779342724 0.18863061718750002 0.5759870046948357 0.15772975312499998 0.5774996948356808
0 0.17955866874999998 0.5446264976525822 0.16858553125 0.5448183239436619 0.11009438906249999 0.5528402042253521 0.1068323421875 0.48756974178403756 0.0960688890625 0.5298213497652582 0.0939166671875 0.5760609131455399 0.0955344171875 0.6245827746478874 0.099512490625 0.6250006877934272 0.1089321328125 0.6030226995305165 0.1125758703125 0.5621293215962442 0.17906839218749998 0.551634441314554 0.17955866874999998 0.5446264976525822
0 0.0768646171875 0.6179151314553991 0.073553859375 0.49861064788732395 0.11750561718750001 0.490695544600939 0.08577193125 0.47733392488262916 0.0308512734375 0.4839743638497653 0.030766792187500003 0.48578943192488266 0.043805453125 0.5007119929577465 0.0468917984375 0.6033024178403755 0.048485340625 0.5011214929577464 0.067204884375 0.502759485915493 0.0766825796875 0.6178960070422536 0.0768646171875 0.6179151314553991
0 0.41426609374999995 0.5303330140845071 0.4254475484375 0.5201014835680751 0.42560154531250005 0.516792941314554 0.41410185312500003 0.5161968615023474 0.4034763 0.47128034037558686 0.39924565312500004 0.5754073098591549 0.40652050156249997 0.6098855985915492 0.40670333281250004 0.6099096291079812 0.41426609374999995 0.5303330140845071
0 0.3530838640625 0.5395706995305165 0.3176205609375 0.5195844014084506 0.310632815625 0.4989313497652582 0.3104694796875 0.4989141924882629 0.306550515625 0.5204870751173709 0.2793462875 0.5294241314553991 0.27931873125 0.5300161666666667 0.3225300390625 0.5420384342723005 0.3385427515625 0.544143117370892 0.3530838640625 0.5395706995305165
0 0.279861503125 0.5183549624413145 0.24442389062499997 0.504329852112676 0.2395987375 0.4773500117370892 0.23940220625 0.47732936384976526 0.2350262453125 0.5056957370892019 0.2075899140625 0.511049455399061 0.24724445625000002 0.5228630774647887 0.2524772140625 0.5234128004694836 0.2798355640625 0.5189122300469484 0.279861503125 0.5183549624413145
0 0.5006037437499999 0.5080121525821596 0.44029919531250006 0.5038847676056338 0.4402764390625 0.5043736713615024 0.4764959359375 0.5200091431924883 0.48179998125 0.538091558685446 0.487148746875 0.5386534694835681 0.48731018125 0.5385884906103287 0.48825468125000004 0.519862514084507 0.5006037437499999 0.5080121525821596
0 0.730785396875 0.5221138967136151 0.7338602234375 0.5269211877934272 0.7349404093749999 0.5270346666666667 0.7382795046874999 0.5203504765258217 0.7366026734375 0.520321161971831 0.7307928546875 0.5219536572769953 0.730785396875 0.5221138967136151
0 0.7103500375 0.5236878051643192 0.7023567765625 0.5141990117370892 0.7002855765625 0.5139814248826291 0.6846867734375001 0.5259201384976526 0.6667664453125 0.5244267042253521 0.6984454765625 0.53209408685446 0.7050996546875 0.5330860328638498 0.7103263953125001 0.5241957582159624 0.7103500375 0.5236878051643192
0 0.2853900609375 0.4668794835680751 0.2853904609375 0.4668709084507042 0.2259252359375 0.4668709084507042 0.2309367328125 0.4693805798122066 0.2538253203125 0.4717851244131455 0.2853900609375 0.4668794835680751
0 0.3161429203125 0.4791998192488263 0.31601866875 0.4818693051643192 0.3233896078125 0.48922660328638495 0.3260226 0.5170201643192488 0.3262984515625 0.5170491431924883 0.33042460937499996 0.4693606971830986 0.3310060984375 0.45436162441314554 0.3161429203125 0.4791998192488263
0 0.36486034375 0.5093785610328638 0.40875657343749994 0.5151225539906104 0.3908667 0.4878924624413145 0.379523884375 0.49991015962441315 0.3690356875 0.4943895469483568 0.365038953125 0.5055412230046948 0.36486034375 0.5093785610328638