0 0.7854614640625 0.758915042253521 0.6637510437499999 0.7341812816901409 0.60945045625 0.7088583309859156 0.5929178328125 0.6951488755868545 0.5268810968750001 0.7038286361502348 0.5425295984375 0.8231870281690141 0.54990223125 0.8313309037558686 0.742316153125 0.878312704225352 0.744929815625 0.8782898591549295 0.7948562156250001 0.7787674037558685 0.7854614640625 0.758915042253521
0 0.6983792921875 0.7517008802816901 0.699626125 0.727206896713615 0.7300288562499999 0.7331980258215962 0.72955154375 0.7250016666666667 0.7085143281249999 0.7223145234741783 0.7003234 0.712045910798122 0.697562946875 0.5863173943661971 0.7023850781250001 0.5442573051643192 0.6930429234375 0.5193980610328639 0.6629999328125 0.5233468615023474 0.6603964296875 0.5337101643192489 0.6677105640625001 0.7082418403755869 0.6691176875 0.721104279342723 0.6925970375 0.7524349248826292 0.6957021906249999 0.7523534953051643 0.6983792921875 0.7517008802816901
0 0.688745128125 0.6381554741784038 0.704561746875 0.6376024084507043 0.7125514359375 0.4859818474178404 0.700831125 0.4665339319248827 0.7006823078125 0.46655349061032864 0.6945552640625 0.487788882629108 0.6746241328125 0.4820667136150235 0.6751570953125 0.49121869483568076 0.693813665625 0.4984145868544601 0.686488884375 0.6282234741784037 0.688745128125 0.6381554741784038
0 0.32807541093750003 0.6867275539906103 0.2523164171875 0.762553 0.24132674999999998 0.7854273145539906 0.3132924734375 0.8002375305164319 0.3636278359375 0.7936215328638497 0.42812524218750003 0.7445540798122067 0.4351915734375 0.7337955187793428 0.4347789265625 0.7267095751173709 0.4101358859375 0.7106993873239437 0.32995480312500003 0.6862803544600939 0.32807541093750003 0.6867275539906103
0 0.4481665828125 0.512196823943662 0.4416107328125 0.6554895446009389 0.461638128125 0.7194732206572769 0.46204881093749994 0.7194192394366198 0.4664095625 0.7042624154929578 0.4653026484375 0.6313874037558684 0.47641596562500005 0.5798218708920188 0.47609343125 0.5742833497652582 0.4591745109375 0.5261555680751173 0.4481665828125 0.512196823943662
0 0.5805447203125 0.5741996690140845 0.499892446875 0.5897932676056338 0.4807078296875 0.5627380305164319 0.4792759734375 0.6289336643192489 0.48043188125 0.6487828192488263 0.4884528859375 0.6994540399061033 0.49451081874999997 0.6986577957746479 0.492342846875 0.6279336361502348 0.5007091984375001 0.601467838028169 0.59499381875 0.5785055187793428 0.5805447203125 0.5741996690140845
0 0.6029002140624999 0.5107990234741784 0.6049147765625 0.5000539319248827 0.5583372640625 0.4994013990610328 0.53892896875 0.5019523943661972 0.5289745296875 0.5127432230046949 0.5289922234375 0.5130470539906103 0.5589652734375 0.5072005774647887 0.5833083015625 0.514106 0.5955385609375 0.5131430539906103 0.6029002140624999 0.5107990234741784
0 0.70102985625 0.5241336244131455 0.7023922453125 0.5400378145539906 0.7089419593749999 0.5667923943661972 0.7113246359375001 0.5664792183098591 0.7143908734375 0.5602693638497652 0.7065094640625 0.5051367535211267 0.7095716265625 0.4579191924882629 0.7086476984375001 0.43791519014084507 0.69984838125 0.4365951056338028 0.70102985625 0.5241336244131455
0 0.26100239062499997 0.6801602323943663 0.193513940625 0.6909070352112676 0.12678059218749999 0.7437090892018778 0.1268348015625 0.7446399577464788 0.14040842343749999 0.7522695892018779 0.1835612515625 0.7465976525821596 0.23926365624999998 0.7032794859154929 0.2535433296875 0.7092211220657277 0.250724084375 0.696899396713615 0.26100239062499997 0.6801602323943663
0 0.34477360625000003 0.6123723591549296 0.3582435625 0.6656915187793427 0.3690636953125 0.681219485915493 0.3703171953125 0.6811975751173708 0.372108365625 0.620145957746479 0.37079985937500004 0.5976763873239437 0.3646980390625 0.5631263474178404 0.342590940625 0.5693339671361503 0.3395087796875 0.5996578544600939 0.3168491640625 0.6043470798122066 0.3176308046875 0.6117612887323943 0.34477360625000003 0.6123723591549296
0 0.2275145421875 0.6769974131455399 0.23224910156249998 0.6768732558685446 0.2260001953125 0.609785190140845 0.25596696875 0.6008121643192488 0.26541195625 0.5925160046948357 0.26537985937499997 0.5919648356807512 0.2628172484375 0.586597338028169 0.22602838906249997 0.5807816877934273 0.19422258125 0.5849621924882629 0.1592448609375 0.5975005680751174 0.1772884609375 0.6087233896713615 0.18445641875000002 0.677541751173709 0.18371611875 0.610894030516432 0.21763179843749997 0.6135134366197182 0.2275145421875 0.6769974131455399
0 0.1432411984375 0.698569924882629 0.198599859375 0.684170279342723 0.1984750421875 0.6820269248826292 0.178984978125 0.6678442934272301 0.1514833625 0.6673973169014085 0.13812083125000002 0.5758414225352113 0.1330688765625 0.5765054436619719 0.1338520328125 0.5860878661971831 0.1456001296875 0.6722242676056338 0.10385169999999999 0.6846878450704226 0.10391674531249999 0.6854837089201877 0.13928083125 0.6986737793427229 0.1432411984375 0.698569924882629
0 0.0998462328125 0.6925058943661972 0.08116758125 0.6949609859154929 0.0687151484375 0.578778483568075 0.0749413640625 0.700492117370892 0.0403753046875 0.7143796572769954 0.040695512499999996 0.7198782394366198 0.0570626109375 0.7231658896713615 0.0730735 0.7210614436619718 0.119303159375 0.7052650070422536 0.10451589531250001 0.6918921197183098 0.09906795625 0.5901054600938967 0.0998462328125 0.6925058943661972
0 0.43289485625 0.5818681126760563 0.434079153125 0.5817124507042254 0.4322678046875 0.5623876361502348 0.4601349078125 0.5426474084507042 0.390497390625 0.5453834248826291 0.368574634375 0.5594650469483569 0.4229427421875 0.5638600915492957 0.43289485625 0.5818681126760563
0 0.309272934375 0.5111040610328639 0.30737875625 0.5590253169014084 0.31090919375000003 0.6196496596244131 0.31132069218749997 0.6214114694835681 0.3122906109375 0.621283983568075 0.3206871390625 0.5666218427230048 0.3335636078125 0.5510363873239437 0.318754690625 0.5504908990610329 0.309272934375 0.5111040610328639
0 0.24106881875 0.5496892981220657 0.23469583125 0.5098187370892019 0.23193257812499998 0.5562831314553991 0.2345843515625 0.6018191361502347 0.236802140625 0.6170677582159624 0.23758910156250002 0.6169643215962441 0.24294427812500002 0.5634300962441314 0.25978756875000003 0.5516664319248826 0.2597738 0.5510740211267605 0.24106881875 0.5496892981220657
0 0.476395646875 0.5564157183098591 0.48345776875 0.5681530516431925 0.4851344125 0.567932676056338 0.48341276874999994 0.5383687417840376 0.47866129687500003 0.48071361971830984 0.4743242953125 0.5390150892018779 0.46296838906250004 0.5501757981220657 0.46342476875000005 0.5563533028169014 0.4639432140625 0.5580524460093896 0.476395646875 0.5564157183098591
0 0.736553409375 0.4735364178403756 0.7363975046875 0.4685075140845071 0.7354361484374999 0.46272234741784035 0.731880721875 0.46872852347417837 0.7319066296875001 0.469173396713615 0.736553409375 0.4735364178403756
0 0.6810934828125 0.45848979812206575 0.6813683890625 0.4632104694835681 0.6913786140625 0.48400391549295774 0.6932416124999999 0.5099464061032863 0.6933041359375001 0.5099381877934273 0.6931907671875 0.4531053122065728 0.6858400078125 0.4458858262910798 0.6810934828125 0.45848979812206575
0 0.25440155625 0.48424720657276993 0.2521890578125 0.5001215680751173 0.2526296375 0.5076871854460094 0.2578751578125 0.5438955704225352 0.25440155625 0.48424720657276993
0 0.31609647343749997 0.5201899765258217 0.3164251125 0.5258333474178404 0.322930975 0.5307897840375586 0.32727164375 0.5580489014084508 0.3275268296875 0.5580153615023474 0.328674025 0.5096765093896714 0.3283245515625 0.49464158450704226 0.31609647343749997 0.5201899765258217
0 0.41265019687500004 0.5352522464788733 0.39109181875 0.5145632769953051 0.38216317499999997 0.5294103356807512 0.3708943390625 0.5269469765258216 0.36837522031250003 0.5428689624413146 0.41270718906250003 0.5362309014084506 0.41265019687500004 0.5352522464788733