0 0.7974561640625 0.2193080625 0.7214720328124999 0.1756898875 0.6817952078125 0.18125015625 0.583390546875 0.22251544166666667 0.583610125 0.22530098125 0.6448329984375001 0.25297670833333336 0.733100378125 0.21597835208333332 0.7777426296875001 0.23808780208333333 0.7974561640625 0.2193080625
0 0.398721021875 0.07221653958333334 0.363079446875 0.020748449999999998 0.3244413234375 0.0307624375 0.3183716984375 0.12422511041666667 0.3192194046875 0.13714419583333332 0.3591146265625 0.22941073958333333 0.34546842031249997 0.3460794020833333 0.3619397171875 0.36642657708333337 0.36630923437499996 0.36581423750000003 0.400099284375 0.08970092916666667 0.398721021875 0.07221653958333334
0 0.38969407968750003 0.28527795 0.27667655468749996 0.2526867333333333 0.20394887343749998 0.2628787166666667 0.1581380140625 0.28887115625 0.1582934234375 0.29084265625 0.2475629671875 0.30671137291666667 0.3079191640625 0.2794564583333334 0.383818303125 0.29810341458333334 0.38969407968750003 0.28527795
0 0.25515368125000004 0.42340173125 0.20614281874999998 0.4196819291666667 0.13818988125 0.42920478333333334 0.124157659375 0.43168191875 0.1241626109375 0.43175736458333336 0.20828798750000002 0.44790693541666665 0.2551751921875 0.4236746041666667 0.25515368125000004 0.42340173125
0 0 0.3477474145833333 0.0442994046875 0.3429222270833333 0 0.32921694583333333 0 0.3477474145833333
0 0.026190365625 0.3778663958333333 0.0228397125 0.46592502708333333 0.023291975 0.47166234375 0.04310081875 0.4645745979166667 0.04284439375 0.46191792291666667 0.0332831609375 0.41255296041666667 0.0264436625 0.3778309 0.026190365625 0.3778663958333333
0 0.1211029296875 0.4745016791666667 0.15889046874999999 0.46781372708333335 0.1107890109375 0.46446684791666665 0.044056315624999995 0.4738187 0.085881465625 0.4866654770833333 0.1211029296875 0.4745016791666667
0 0.8195997703125 0.30912974583333336 0.8309662390625 0.34678347499999995 0.8312328265625 0.3467461145833333 0.85105970625 0.31575793125 0.827683153125 0.24878754374999998 0.82703419375 0.2488784875 0.8176952796875 0.28496971249999997 0.8195997703125 0.30912974583333336
0 0.925705734375 0.38587699999999997 0.931864553125 0.33814620625 0.9284716578125 0.29510455625 0.9212645515625001 0.32182399166666664 0.9217715921874999 0.3411836395833333 0.9256771390624999 0.38588100833333333 0.925705734375 0.38587699999999997
0 0.5929757718750001 0.38502318541666664 0.6503066921875 0.38048015416666664 0.6585039203124999 0.37933140416666666 0.6693123546875 0.36538465625 0.6134614609375 0.35985623958333335 0.6050141453125 0.361842225 0.5657885375 0.37788303958333336 0.5929757718750001 0.38502318541666664
0 0.479517475 0.3996085833333333 0.4747568703125 0.369469775 0.4723447171875 0.3698078125 0.46163173437499994 0.385568925 0.46177784062500005 0.393938625 0.47116635156250003 0.4697148708333333 0.4822806875 0.43466220208333334 0.479517475 0.3996085833333333
0 0.7123718359375 0.31941218541666666 0.7121957046875 0.31943686875000005 0.71713748125 0.384535175 0.722059825 0.4469791354166667 0.7260670015625 0.41037048333333337 0.7123718359375 0.31941218541666666
0 0 0.5020976583333333 0.069881259375 0.5064531291666666 0.067998675 0.48931672291666667 0.0505071515625 0.49176796666666667 0.0342866125 0.49822785 0 0.5016137749999999 0 0.5020976583333333
1 0.7748486609375 0.38452735624999995 0.797844540625 0.39855020208333336 0.78965425625 0.436983975 0.8143477703125 0.4658558875 0.8477973203125 0.4612437291666666 0.8449543296875 0.40335136666666666 0.8794006984375 0.38544279375 0.8890871609375001 0.30093190625 0.781461465625 0.3160144625 0.77020215625 0.34019613750000005 0.7732977046875 0.37946569375 0.7748486609375 0.38452735624999995
1 0.9151922718750001 0.35173859583333333 0.9143289921875001 0.351859575 0.9018617421874999 0.38402842083333333 0.8676560906249999 0.37850525625000003 0.8584816796875 0.4092429020833333 0.8589520078125 0.41692523125 0.871622734375 0.44329646041666665 0.9046078828124999 0.42888388958333334 0.9180439671875 0.4639513375 0.9621020953125001 0.4664962625 0.9610434453125001 0.44920428749999997 0.958213403125 0.4133028854166667 0.931168246875 0.41197182916666664 0.9151922718750001 0.35173859583333333
1 0.4427984078125 0.38388709375 0.4449887 0.4227810020833333 0.44088386249999995 0.4573429625 0.4417485890625 0.47146742291666666 0.44999772031249996 0.5049124604166667 0.4594029703125 0.5035944166666667 0.47619187656250006 0.46217693958333333 0.501979978125 0.45401387291666667 0.5660632234375 0.47840509583333335 0.5785616171875 0.42035660625000004 0.57847949375 0.41931480625 0.5534790093749999 0.39553554375 0.534262059375 0.4087958375 0.5247167640625 0.3960113520833334 0.505727865625 0.3721034229166667 0.47449693593750003 0.37215224166666666 0.4677085484375 0.3738570270833333 0.4427984078125 0.38388709375
1 0.3622599359375 0.48663191041666665 0.3635032796875 0.50240475 0.366017746875 0.5194845333333333 0.3912865359375 0.5237079520833333 0.41082004375 0.5097482333333333 0.40324141874999997 0.4765997416666667 0.4037741953125 0.4582222041666667 0.427265159375 0.4491472729166667 0.4324016796875 0.41976017083333333 0.4315566875 0.40904074791666667 0.3660677203125 0.41821830416666667 0.36860764375 0.45764439375 0.3620231328125 0.4806072520833334 0.3622599359375 0.48663191041666665
1 0.9403794640625 0.4485288145833334 0.958384521875 0.48394306458333336 0.96021703125 0.4836862604166667 0.9601804625 0.44555393125 0.993763459375 0.4460605375 0.9969912265625 0.4268927208333333 0.9945352046875 0.3957360729166667 0.9806809734374999 0.38190655625 0.97770990625 0.3826050604166667 0.9613744890625 0.4032629416666667 0.948520878125 0.3894807520833333 0.9071845625 0.40695252916666663 0.9074208859375 0.4146855708333333 0.9181097515625 0.4520840979166667 0.9403794640625 0.4485288145833334
1 0.6402986953124999 0.49225405 0.6611104375 0.46366085416666664 0.6206067562500001 0.35740975625 0.6147157187500001 0.35823532083333337 0.5974370046875 0.38010340000000004 0.5405141 0.3761697375 0.54517854375 0.43534202083333334 0.58731494375 0.44278625208333333 0.591347446875 0.46237682291666665 0.6402986953124999 0.49225405
1 0.759264971875 0.5097610124999999 0.7759278171874999 0.5137019791666667 0.785372490625 0.5123784125 0.80260181875 0.48368151666666664 0.7950500046875 0.44996569791666663 0.759129734375 0.45407561875 0.7573169 0.3927401208333333 0.7571303078125 0.39278697916666666 0.7457557046875001 0.44223807708333335 0.7167031890625 0.4394033541666667 0.6998325765625 0.4639699104166667 0.7001507453125 0.4680061541666667 0.72323504375 0.4968592229166667 0.751777746875 0.47449502083333334 0.759264971875 0.5097610124999999
1 0.599394625 0.44547106666666664 0.6228789156250001 0.4937217666666667 0.6660482671875 0.4990862125 0.6633680765625 0.4491362020833333 0.6293046437500001 0.44560518541666666 0.5990856234375 0.44155113125 0.599394625 0.44547106666666664
1 0.7238932203124999 0.48209138749999997 0.7149260328125 0.45309034791666664 0.6881709468749999 0.44972785416666666 0.6771642984375 0.43537100624999997 0.673969690625 0.4358186958333333 0.6592983765625 0.46796053958333333 0.6629260671874999 0.513980775 0.681151921875 0.5376069541666666 0.6943196796875 0.49430687083333336 0.7238932203124999 0.48209138749999997
1 0.61870408125 0.567578425 0.6335981328125 0.5483476374999999 0.6239963828125 0.5224108395833333 0.614996659375 0.4922637208333333 0.61008820625 0.4929515875 0.594768540625 0.5063700416666667 0.594965975 0.50887466875 0.60979065 0.5153019020833333 0.6049393234375 0.55136023125 0.61870408125 0.567578425
1 0.8723833921875 0.47085746875 0.869185090625 0.49968309375 0.8693661031250001 0.50197939375 0.90707915625 0.50678566875 0.9088987375 0.5066868145833333 0.9152738046875 0.4729046479166667 0.8865871406249999 0.46886697083333334 0.8723833921875 0.47085746875
1 0.8088512250000001 0.49166804166666667 0.815739321875 0.51189291875 0.84547540625 0.5185743375 0.8350672171875001 0.46980249375 0.8300128234375 0.4705108104166667 0.8082221359374999 0.48368753333333336 0.8088512250000001 0.49166804166666667
1 0.769483165625 0.5300732 0.7855388046875 0.5319383229166667 0.7923155000000001 0.5011373708333333 0.7918094625000001 0.4947178708333333 0.761189840625 0.4990088729166667 0.769483165625 0.5300732
1 0.7695408359375 0.4912529479166666 0.7985228296875 0.50387278125 0.8085194234375 0.46944043750000003 0.7866147484375 0.44726524791666666 0.7849263343749999 0.4475018604166667 0.76921483125 0.48711731249999995 0.7695408359375 0.4912529479166666
1 0.19761125156249998 0.5900885979166667 0.25614185156249997 0.5754529020833333 0.25014692968749996 0.49940240208333336 0.22016942187500002 0.5036034208333333 0.22202729062499998 0.5349254104166667 0.20235909218749998 0.5477396687499999 0.19760315781249999 0.5897177229166667 0.19761125156249998 0.5900885979166667
1 0.14464230312499998 0.5162825229166667 0.144046 0.5163660875 0.1144615359375 0.5300741770833334 0.0914720609375 0.5592823416666667 0.092042759375 0.5665221354166667 0.1028592125 0.5891718479166667 0.1113761 0.5879783 0.139694528125 0.56584765 0.14519171718749999 0.5232522833333333 0.14464230312499998 0.5162825229166667
1 0.3148287046875 0.5537407854166666 0.32833851406250003 0.5324126083333334 0.3613728328125 0.5381910458333333 0.3593074328125 0.4890385395833333 0.3589897796875 0.48500885416666667 0.3295816140625 0.49393449791666666 0.3159326484375 0.48389883333333333 0.311704434375 0.4844913708333333 0.3180148390625 0.5282079875 0.29210385156249996 0.53339094375 0.2922226484375 0.5348979875000001 0.3148287046875 0.5537407854166666
1 0.2929799046875 0.5954819479166668 0.293043415625 0.5954750354166667 0.3089996359375 0.5696856604166667 0.30852783437500003 0.5640178645833333 0.30185879375 0.5361465416666668 0.3011946234375 0.53623961875 0.28748084375 0.5593676708333334 0.25737540000000003 0.55123993125 0.259837265625 0.5824707 0.28553350312500003 0.5813059645833333 0.2929799046875 0.5954819479166668
1 0.1879021125 0.5542442479166667 0.15764013125 0.5395987270833333 0.12018522499999999 0.54484761875 0.12253571562500001 0.5746655166666667 0.1402421734375 0.5785147208333333 0.15357167968750002 0.5952970354166667 0.17377722812500002 0.5860061583333334 0.1879021125 0.5542442479166667
1 0.083352090625 0.6073751166666667 0.08576320937500001 0.5618794145833333 0.057144271875 0.5764159479166667 0.061189215625 0.5384515979166667 0.05307860625000001 0.5395882104166667 0.0351511125 0.5423821104166666 0.035983209375000005 0.55293795 0.044142409375000004 0.5734039979166667 0.0498888796875 0.6111348583333334 0.083352090625 0.6073751166666667
1 0.0403430796875 0.6101962937500001 0.039808621875 0.60146643125 0.0326792734375 0.5110248187499999 0.020425318749999997 0.512742075 0.012616301562500001 0.5149817583333334 0.010999171875 0.5500892333333333 0.0053097359375 0.5968707999999999 0.0403430796875 0.6101962937500001
1 0.5651111765625 0.485456475 0.5416000640624999 0.4902347541666667 0.525228053125 0.48173697083333333 0.49834179531249995 0.47895427916666666 0.492231059375 0.5010985062500001 0.49271395625 0.5072244395833333 0.5156820046874999 0.50563795625 0.5397197203124999 0.5300454708333333 0.544305428125 0.5294028333333334 0.5706996656250001 0.5181066145833333 0.5651111765625 0.485456475
1 0.5045955296875 0.5546992645833334 0.5096364624999999 0.5225925395833333 0.508742278125 0.5112490916666667 0.49774031875 0.5086959041666667 0.47889096093749994 0.5113374354166667 0.47497514374999994 0.51319994375 0.47552639374999994 0.5447786208333334 0.47745509531249997 0.5702369854166667 0.5045955296875 0.5546992645833334
1 0.446834096875 0.5712242875 0.443418609375 0.5351617750000001 0.435512253125 0.5362697625 0.42457387031250005 0.5383813166666667 0.4249271109375 0.5518686104166667 0.42737965625 0.57449146875 0.43167589843750004 0.5740238729166667 0.446834096875 0.5712242875
1 0.3710942453125 0.5238069479166667 0.40227108906250003 0.5216011770833333 0.41279221250000003 0.5387140375 0.44044802499999997 0.5392336270833333 0.4405655984375 0.5233261604166667 0.4395177921875 0.5100338958333334 0.39932212499999997 0.5068952833333333 0.3897136953125 0.47355923125000005 0.3875586578125 0.47386123750000003 0.3698195625 0.4820963583333333 0.3710942453125 0.5238069479166667
1 0.438667059375 0.5308760895833333 0.43237586875 0.5115715854166667 0.42903112656250003 0.5120403145833333 0.40442978125 0.51921705625 0.40425016874999997 0.5473884166666667 0.38825665625 0.5772522958333333 0.3884336515625 0.5794976354166667 0.41452605 0.5782827479166667 0.42176906093750005 0.5366328041666667 0.438667059375 0.5308760895833333
1 0.3754939921875 0.5280318791666666 0.36236432343749997 0.5300972166666666 0.3461479796875 0.5327520395833333 0.3337718421875 0.5637141499999999 0.336537659375 0.59880081875 0.3469937453125 0.5989500708333334 0.352163659375 0.5982255645833334 0.3514668453125 0.5739508020833333 0.3796101015625 0.5643051604166666 0.3754939921875 0.5280318791666666