0 0.6857782859375 0.9120326750000001 0.7295471953125 0.7382132 0.69367325625 0.62665514375 0.6933229296875 0.62662248125 0.6788318796875 0.65364735 0.69461139375 0.7112652270833333 0.6662749906250001 0.82384179375 0.6656696421875 0.8353843125 0.6846422953125 0.9119267604166666 0.6857782859375 0.9120326750000001
0 0.41054132968749996 0.8036265666666667 0.41072435 0.8016391291666667 0.4041367375 0.6435168229166667 0.40374522500000004 0.6434803187499999 0.333552321875 0.74690125625 0.330934046875 0.79682533125 0.35017439375000003 0.98565011875 0.3746000578125 0.9888816604166667 0.366321784375 0.9028131729166666 0.41054132968749996 0.8036265666666667
0 0.3175994734375 0.7550808291666667 0.39445296875 0.7504412562499999 0.3945415671875 0.7487519020833333 0.31643934375 0.6959044875 0.29246953124999997 0.6936696437500001 0.16520890625 0.7163461979166666 0.16520696562499998 0.7167910625 0.17191917968749998 0.73019506875 0.2453025265625 0.7204763104166666 0.3015970625 0.7524610291666666 0.3175994734375 0.7550808291666667
0 0.132713109375 0.55555781875 0.12900228593750002 0.5555548333333333 0.1289238390625 0.5570506437499999 0.1735420234375 0.5837948 0.2574872171875 0.5740241166666666 0.21543198437500002 0.563270175 0.132713109375 0.55555781875
0 0.0106404796875 0.7218186520833334 0.0232048203125 0.7246188333333333 0.0143718609375 0.6506703458333334 0.0106404796875 0.7218186520833334
0 0.035512889062500004 0.6446510520833333 0.0360101640625 0.6446974166666667 0.039524851562500005 0.6100453041666667 0.0438953 0.56558343125 0.044363478125 0.556656425 0.0241946515625 0.55301971875 0.0241727203125 0.5580459979166666 0.035512889062500004 0.6446510520833333
0 0.0903146671875 0.5766834479166667 0.1024357390625 0.5293117583333333 0.0934048453125 0.4534254916666667 0.0914741703125 0.464747475 0.083343571875 0.6197781020833334 0.0903146671875 0.5766834479166667
0 0.8577503578125001 0.6671740395833333 0.8353492015624999 0.6377759854166667 0.834716553125 0.637717 0.8262696984375 0.68977105625 0.826269696875 0.6910189958333334 0.8436782375 0.7367083187500001 0.8441824 0.7367553250000001 0.8574647921875 0.6726190833333334 0.8577503578125001 0.6671740395833333
0 0.9317434468749999 0.6906202083333334 0.932411534375 0.6906824979166667 0.934744771875 0.66250333125 0.936483840625 0.6293435312500001 0.9267601234375 0.5968803729166667 0.9251246890625 0.6188450791666666 0.924655471875 0.6403463875 0.9317434468749999 0.6906202083333334
0 0.661269365625 0.6131918395833333 0.6591149734374999 0.6129909729166666 0.5959522515625 0.6124091458333333 0.56911059375 0.6214378520833334 0.608869303125 0.6347107479166667 0.6173739109375 0.6361030604166668 0.672872834375 0.6266800083333333 0.661269365625 0.6131918395833333
0 0.4593858796875 0.61736424375 0.46905357031249995 0.6307736062499999 0.4722630703125 0.6310728458333333 0.483694328125 0.5716572937500001 0.4719510640625 0.5326766958333333 0.45982561562499996 0.6089795520833333 0.4593858796875 0.61736424375
0 0.7189962999999999 0.6249520979166667 0.726739415625 0.5789175604166666 0.7233089296874999 0.5427208145833333 0.7189962999999999 0.6249520979166667
0 0 0.5223558916666666 0.004731764062499999 0.5230561270833334 0.06920269999999999 0.51603905625 0.0318229046875 0.5140925041666666 0.0101295328125 0.506537075 0 0.5055926416666667 0 0.5223558916666666
1 0.8829233953125 0.5312686979166666 0.8537986734375 0.545257825 0.8433147421875 0.5158825895833333 0.8185866171875 0.50522475 0.783992528125 0.5370789604166667 0.7803134921875 0.6110135250000001 0.77871163125 0.67217533125 0.7844595937500001 0.6727112458333333 0.8434342546875 0.6545418916666667 0.85717309375 0.60737950625 0.9009601281249999 0.6064505916666667 0.9028971875 0.5828453541666666 0.9040495359375 0.56087288125 0.8829233953125 0.5312686979166666
1 0.9152514703125 0.6313422041666666 0.9516841312500001 0.6381692375 0.952972825 0.6135969770833333 0.950295846875 0.5795193125 0.923394425 0.55940029375 0.9320172343750001 0.5157821104166667 0.9134630250000001 0.49886954375 0.902297009375 0.4978284708333333 0.883631890625 0.5067152875000001 0.8898968640625 0.5531232604166667 0.8665655375 0.568216975 0.866541971875 0.56911679375 0.9125086671875 0.59421776875 0.9152514703125 0.6313422041666666
1 0.48000173593750006 0.6347212895833334 0.5111696609374999 0.63160784375 0.529077284375 0.6058329541666667 0.53804565 0.5921117770833334 0.557800278125 0.6033954625 0.5804634796875 0.5785117208333334 0.5807819000000001 0.5724402270833333 0.5667475984375 0.5194447354166667 0.503860728125 0.5502676229166668 0.47777073750000004 0.5447346270833333 0.4558680328125 0.49797374375000003 0.451197840625 0.4975383145833333 0.44299449218750003 0.5389531812499999 0.4427469765625 0.5531323041666667 0.448349128125 0.5871981604166667 0.44785802343750003 0.6262232583333333 0.4731532265625 0.6337078020833334 0.48000173593750006 0.6347212895833334
1 0.4358723078125 0.5529215104166667 0.44346373906250003 0.5327050395833334 0.44433232812499995 0.5161431750000001 0.441588728125 0.49322074791666665 0.4157243390625 0.4862753354166667 0.4152021125 0.48623478125 0.39545884062500003 0.49632117291666666 0.3594553859375 0.49191959375 0.35894872499999997 0.5015803854166667 0.3596408859375 0.5808924416666666 0.36784711406250004 0.5816575541666666 0.391151225 0.5745088666666667 0.3971156734375 0.5432289833333334 0.4108327171875 0.5426235583333334 0.4358723078125 0.5529215104166667
1 1 0.5072344875 0.9674270578125 0.4955472375 0.9596362515625 0.49482085625 0.94763768125 0.5077469958333334 0.9352356640625 0.49254584791666667 0.9248699578125 0.49157939375000004 0.9083771203125 0.5082222458333333 0.9080702859375 0.514072825 0.913531103125 0.5522473791666667 0.9475799078125 0.5496977583333333 0.94632481875 0.5899953 0.94698586875 0.5901087291666667 0.9675574171875001 0.5514473479166667 0.9900193640625 0.5536232479166666 0.999825865625 0.522601575 1 0.5197572604166667 1 0.5072344875
1 0.6079522125000001 0.4951756666666667 0.5635793359375 0.5051541791666667 0.56708421875 0.5816563333333333 0.5472910171875001 0.6137133354166667 0.5472134093750001 0.6151931333333334 0.6187830484375 0.6447337458333333 0.6336281328125 0.6461178395833334 0.6527902296875 0.6171748270833334 0.62969470625 0.55837305625 0.6147477359375 0.5567099895833334 0.6079522125000001 0.4951756666666667
1 0.7953442640625 0.5368814270833333 0.8025058062499999 0.5021556020833333 0.7831886625 0.4748313083333333 0.7816165046875 0.474733675 0.7583791875 0.4844075958333333 0.7513042640625 0.5206537291666666 0.7221698234375 0.5038367583333333 0.7002047296875 0.5352743041666667 0.6998651375 0.54174950625 0.7163659124999999 0.56183949375 0.7456675421875001 0.5536540624999999 0.7575163390624999 0.5991928708333333 0.7580456953125 0.5992422270833334 0.7590109265625 0.5394750062500001 0.7953442640625 0.5368814270833333
1 0.6222880296875 0.5573468687500001 0.6451341265625 0.5505679541666667 0.6671675109375 0.4941718770833334 0.6355641828125 0.5038690770833333 0.6032231546875 0.5127848625 0.6026637328125 0.5555171833333333 0.6222880296875 0.5573468687500001
1 0.6636398609375 0.50435950625 0.6636398609375 0.5101467708333334 0.69299504375 0.5194882541666667 0.7089962109375 0.5591659104166666 0.7115149109375001 0.55940074375 0.7234226109375 0.5405531708333334 0.726010075 0.4912165625 0.7062826906249999 0.45635817708333337 0.695024878125 0.47429644375 0.6687565578125 0.4799591979166667 0.6636398609375 0.50435950625
1 0.60224195 0.443886775 0.60559314375 0.47941148333333333 0.594792809375 0.48448128333333335 0.59436103125 0.4927142354166667 0.6047353765625 0.5014113979166667 0.6098996796875 0.5018928958333333 0.620263553125 0.47160145833333333 0.6310902046875 0.4453523333333333 0.6168591015625 0.4270605791666667 0.60224195 0.443886775
1 0.9101730781249999 0.4735017541666667 0.9016426531249999 0.47270641458333335 0.8710590406250001 0.47314161250000003 0.870461 0.4845447833333333 0.875279453125 0.50841718125 0.8781480437500001 0.5089547208333334 0.9147691234374999 0.50893959375 0.9101730781249999 0.4735017541666667
1 0.807934640625 0.5120031520833334 0.81453228125 0.5126182875 0.8362539859375 0.5071217479166666 0.8439222093750001 0.48008633125 0.8439539515625001 0.4795678770833333 0.8151217000000001 0.4631984791666667 0.8082147796875001 0.5066615770833333 0.807934640625 0.5120031520833334
1 0.7595941625 0.4537142104166667 0.766607490625 0.4893541979166667 0.784080503125 0.4909833083333333 0.794588390625 0.4553435791666667 0.7595941625 0.4537142104166667
1 0.7686500484375001 0.5144191125 0.777790134375 0.5405189166666666 0.779682984375 0.5406953979166667 0.8084899625 0.5230489854166667 0.7892238359375 0.48240195625000004 0.769045953125 0.50687016875 0.7686500484375001 0.5144191125
1 0.19541975312499998 0.42403677083333335 0.19538843749999998 0.4246338875 0.19746760000000002 0.465782975 0.2165435625 0.4775888416666667 0.21263146093750002 0.5087101291666667 0.24741629375000002 0.51195331875 0.2540780734375 0.43595975000000003 0.19541975312499998 0.42403677083333335
1 0.091015628125 0.4734907541666667 0.09042023437499999 0.48484346041666665 0.10968797968749999 0.5012005375 0.1133316171875 0.5015402541666666 0.1339180734375 0.47039842083333333 0.1426818234375 0.42782237083333335 0.10550758125 0.43576760208333337 0.091015628125 0.4734907541666667
1 0.3294859375 0.5109806979166667 0.35904090625 0.5215850750000001 0.3603538296875 0.46820421875 0.3275899484375 0.47223743333333335 0.31460367031250003 0.45138812500000003 0.31239785625 0.4511824645833334 0.29181056875 0.46764538125 0.2917208203125 0.46935666875 0.31739189218749997 0.47590901458333335 0.31147451875 0.5225784979166667 0.31264249843749997 0.5227330229166667 0.3294859375 0.5109806979166667
1 0.2862623578125 0.43483033125 0.3050313765625 0.4171837479166667 0.3050754890625 0.4167978666666666 0.2899243234375 0.4094071354166667 0.2774470890625 0.4082438104166667 0.2611971484375 0.4241865354166666 0.261014028125 0.42767818333333335 0.2695799953125 0.436515925 0.26691565 0.47065095416666664 0.2903155515625 0.47540662916666665 0.2862623578125 0.43483033125
1 0.18623443281250002 0.4199045 0.1608523375 0.42254940625 0.153513709375 0.42019462083333337 0.1212814828125 0.4339794083333333 0.12089900312499999 0.4412723604166667 0.132941115625 0.4683902958333333 0.15075780156250002 0.47788024583333333 0.1540146890625 0.4781839041666667 0.1660975921875 0.46312936875 0.18649039843749998 0.46001928125 0.18623443281250002 0.4199045
1 0.059429220312499996 0.4099727729166667 0.0658162796875 0.44855907500000003 0.0365421109375 0.43699851666666667 0.036511928124999996 0.4375740125 0.041230584375000004 0.48019891666666664 0.0634873796875 0.48227404583333333 0.075025071875 0.48240465208333333 0.07861433125 0.44425260625 0.08935915 0.41159884166666666 0.059429220312499996 0.4099727729166667
1 0 0.5076810625 0.001109046875 0.5077844645833334 0.030464765625 0.49584468958333333 0.025584134375 0.4494127479166667 0.0245764859375 0.41448580833333337 0.0035461187499999996 0.40910367708333334 0 0.4767194979166666 0 0.5076810625
1 0.570145996875 0.4787026541666667 0.5395753984375 0.471360275 0.5150235249999999 0.50062829375 0.492005996875 0.5030970520833333 0.49166075625000005 0.5096799520833334 0.49651095468750006 0.52473574375 0.5116693046874999 0.5261490437499999 0.5251808984374999 0.52241549375 0.541475153125 0.5111903895833333 0.5652610484375 0.5117439666666667 0.570145996875 0.4787026541666667
1 0.468186053125 0.44956644166666665 0.46695110937499995 0.47311380416666665 0.46787106093749997 0.4823854895833334 0.48577180000000003 0.48405447916666666 0.5008345140625 0.4801126041666667 0.5135834015625 0.44414268333333334 0.471703075 0.43782277708333334 0.468186053125 0.44956644166666665
1 0.44766128125 0.4380477541666667 0.42062046718749996 0.43239649583333334 0.4204629546875 0.43368923958333333 0.4191331390625 0.4590455875 0.44492001875 0.4614498458333333 0.44766128125 0.4380477541666667
1 0.4029914375 0.5016422708333333 0.4012228125 0.4490220229166667 0.379470921875 0.44699396875 0.3795065875 0.48001326041666664 0.39209629218750003 0.49605677291666667 0.39006654531249996 0.5377844333333334 0.4210573328125 0.5440828395833334 0.4281082328125 0.5185461458333334 0.4029914375 0.5016422708333333
1 0.4403810078125 0.47202197916666666 0.4236971203125 0.4649574020833333 0.41304174062500004 0.4229745020833333 0.3867808140625 0.42052604374999997 0.4053830875 0.45249343124999997 0.408126446875 0.48130580416666663 0.435938775 0.49176448125 0.43639111875000003 0.4918243291666667 0.44020174218749997 0.4754401354166667 0.4403810078125 0.47202197916666666
1 0.3300907515625 0.45051598958333333 0.3300104703125 0.45971499791666665 0.3309077125 0.46961561041666666 0.3583256734375 0.47217194375 0.37862848437499996 0.45485935000000005 0.379375615625 0.44061338541666667 0.3795089046875 0.4148743541666667 0.3520266484375 0.4117112708333333 0.3479420703125 0.4498969375 0.3300907515625 0.45051598958333333