0 0.29039799374999997 0.6331975479166666 0.29020039531249997 0.6332205979166667 0.270240728125 0.7035059208333333 0.2734735625 0.7527745312499999 0.2908568046875 0.8369090875 0.2810719421875 0.8685743583333333 0.2843872046875 0.9190992 0.2856124671875 0.9215775958333333 0.286545465625 0.9214027645833334 0.32632641875 0.8092867041666667 0.3263056484375 0.8069067208333334 0.29039799374999997 0.6331975479166666
0 0.5976153046875 0.925111125 0.63669295 0.9824691333333334 0.6755162828125 0.9742704520833333 0.6800321312500001 0.9011524583333334 0.67745108125 0.8618170645833333 0.639852328125 0.7747575104166666 0.6531147359375 0.6591464645833334 0.6354732984375 0.6368610958333334 0.632228778125 0.6372395750000001 0.5976153046875 0.925111125
0 0.6892919703125 0.7218374166666667 0.6135533015625 0.7043200354166667 0.6076934078125 0.71725963125 0.7313363703125 0.751156 0.7778700421875 0.7457277750000001 0.8384700421875 0.7102682104166667 0.8383272187499999 0.7080915666666667 0.7495103609375 0.6936055562500001 0.6892919703125 0.7218374166666667
0 0.7448820171875 0.5820996645833334 0.8028534593750001 0.5859665708333334 0.8086668328125001 0.58528843125 0.8749514078124999 0.57304325625 0.8749154953125 0.5724959583333333 0.7909277390625 0.5573673104166667 0.74486810625 0.5819825812499999 0.7448820171875 0.5820996645833334
0 1 0.6629596875 0.9535387484375001 0.6676591854166667 1 0.6825897770833333 1 0.6629596875
0 1 0.5713342854166666 0.9880131656250001 0.57273256875 0.9617704265624999 0.5810654041666666 0.9345165984375001 0.58987390625 1 0.5960322270833333 1 0.5713342854166666
0 0.9643250453125001 0.5357612895833334 0.9137027109375 0.5206543812500001 0.87866269375 0.5330889979166666 0.8409849015624999 0.5400673 0.8974558187499999 0.5435616895833333 0.9643250453125001 0.5357612895833334
0 0.15955411875 0.7446600895833334 0.17863794375 0.7177836625 0.1777415375 0.7041223875 0.1614715890625 0.6461457229166666 0.1611633046875 0.6461816833333334 0.1464981796875 0.692149475 0.1588620140625 0.7447408249999999 0.15955411875 0.7446600895833334
0 0.0689983359375 0.69621468125 0.0760437515625 0.6492748354166668 0.0758556609375 0.6277221062499999 0.0745142640625 0.6058299333333333 0.06512433281249999 0.6371746145833334 0.0689983359375 0.69621468125
0 0.37277806406249997 0.5939354291666666 0.369368871875 0.6365901625 0.37321433125 0.6951952208333334 0.3740491 0.6966347125 0.374609753125 0.6965693125 0.3881964625 0.6194096125 0.38817313593749997 0.61406339375 0.3826075484375 0.5576111291666667 0.38236631249999997 0.5576392708333333 0.37277806406249997 0.5939354291666666
0 0.5540160125 0.5665045583333334 0.49134601250000004 0.58324475 0.49134620937499995 0.5832477604166667 0.512442690625 0.5947479416666667 0.5473189203125 0.590679575 0.56639084375 0.5844451 0.5662886125 0.5821047895833333 0.5540160125 0.5665045583333334
0 0.22942551562500002 0.6142919354166666 0.25114634375 0.6210459833333334 0.317087234375 0.6133538770833333 0.22942551562500002 0.6142919354166666
0 0.9772969578125 0.5551610104166667 0.9754815296875 0.5274937520833334 0.9721797671875001 0.51230783125 0.9696524125 0.4628284979166667 0.9658036171875001 0.5565017250000001 0.9772969578125 0.5551610104166667
1 0.22430398125 0.6488230416666667 0.220785315625 0.5951983541666667 0.1788313859375 0.5933954229166667 0.16128616875 0.54634776875 0.09279355 0.5246179979166666 0.11048545624999999 0.6614264020833333 0.143585528125 0.6900579854166666 0.161999028125 0.6879100229166667 0.1719945765625 0.6837620375 0.1802782984375 0.6548849020833334 0.21075649375 0.6694012583333334 0.22430398125 0.6488230416666667
1 0.0521975546875 0.59042241875 0.049691525 0.6410132333333334 0.050193934375000006 0.6486699770833333 0.08914564999999999 0.6441261979166666 0.090776925 0.6076778083333333 0.1364074796875 0.5858854083333332 0.1363564859375 0.5849881020833333 0.1123540265625 0.5683433770833334 0.117273203125 0.522584525 0.0914276453125 0.5088642624999999 0.0687168484375 0.5282487 0.07873807499999999 0.5722647291666667 0.0521975546875 0.59042241875
1 0.49915177968749996 0.60131283125 0.5102201749999999 0.5869899249999999 0.53112166875 0.5586345375 0.536960940625 0.5131207541666667 0.5369484359375 0.5102549458333333 0.5337098984375 0.4730634833333333 0.5321084828125 0.4732502916666667 0.5048038218750001 0.4794284020833333 0.49119040937499997 0.4780234479166667 0.467030946875 0.4808416875 0.434066446875 0.49911795625 0.434145390625 0.5003210625 0.47037746093750005 0.5260328104166666 0.4717662171875 0.5608684625 0.4437960890625 0.6473983937500001 0.4440950109375 0.651953975 0.4785799921875 0.6622143979166667 0.4851089625 0.66067941875 0.5054460875 0.6266231333333334 0.49915177968749996 0.60131283125
1 0.645653625 0.5684501604166667 0.64267303125 0.5230257208333333 0.6357946109375 0.5094342041666666 0.611796940625 0.5229378229166667 0.5980267265625 0.5241586708333333 0.588941121875 0.49402126249999995 0.5548417531250001 0.48837168541666665 0.564068946875 0.5802575645833333 0.601056071875 0.5707593854166666 0.6184471874999999 0.5769261166666666 0.631875446875 0.5740903500000001 0.645653625 0.5684501604166667
1 0.083187815625 0.5778133833333333 0.07540073124999999 0.5664508854166667 0.0817694984375 0.5561981333333333 0.0792129625 0.5172363375 0.07369888125 0.49155608333333334 0.040113284375 0.5085286395833334 0.0421306328125 0.5383387333333334 0.012350659375 0.5648897395833333 0.0437849390625 0.5648441854166666 0.0424355453125 0.6097970041666667 0.067430690625 0.6173812041666668 0.07692548593750001 0.6162736208333333 0.0848181796875 0.6026602458333333 0.083187815625 0.5778133833333333
1 0.45765979687499997 0.59574300625 0.42625779062499997 0.50396246875 0.403902159375 0.52912538125 0.3451358 0.5201107229166666 0.3439631046875 0.5780330895833333 0.3918075578125 0.5905259583333333 0.3952387109375 0.6103256604166667 0.42864024218749996 0.6338017062500001 0.45424972812500003 0.6308143208333333 0.45953617031249994 0.6243390645833333 0.45765979687499997 0.59574300625
1 0.278160753125 0.50400946875 0.249633471875 0.5233268791666666 0.24146784375000002 0.487634525 0.21955203124999997 0.4804324083333333 0.216003240625 0.48084637916666667 0.19802373281250002 0.5091594291666667 0.206229034375 0.5433220979166666 0.24252867031249997 0.5428286124999999 0.24538173749999997 0.6037887479166667 0.24556987812500003 0.60376090625 0.25626573750000003 0.5558914666666667 0.28572726875 0.5615953541666666 0.30040055 0.54165090625 0.299766903125 0.5319940708333334 0.278160753125 0.50400946875
1 0.333809159375 0.5249219166666667 0.33530665000000004 0.54774378125 0.36738744687499997 0.5548688916666666 0.38525195 0.5593939479166666 0.3970120109375 0.55802211875 0.37672950312500003 0.5075923104166666 0.3340164484375 0.4972059104166667 0.333809159375 0.5249219166666667
1 0.31869125625 0.4563199145833333 0.3076926296875 0.4985419541666667 0.2785630953125 0.51237228125 0.288687090625 0.5409110916666666 0.31560964999999996 0.5428247249999999 0.327977753125 0.5575237270833333 0.32988758281249997 0.5571809437499999 0.34049086562499997 0.5311372979166666 0.3368305203125 0.4753533833333333 0.320534 0.45610495624999997 0.31869125625 0.4563199145833333
1 0.397378565625 0.46320228333333335 0.3878008984375 0.42987165 0.366382390625 0.44760695624999997 0.383213528125 0.45555821458333334 0.3780355359375 0.49136450000000004 0.3903950453125 0.5065117145833333 0.393219465625 0.5061822416666667 0.406765815625 0.4894627291666667 0.397378565625 0.46320228333333335
1 0.121401565625 0.5169520479166666 0.1290412484375 0.4878050958333333 0.1286022109375 0.48111414375 0.10067789687499999 0.4817515125 0.0894475109375 0.4830615541666667 0.0825261296875 0.5189340833333334 0.1185433953125 0.517601175 0.121401565625 0.5169520479166666
1 0.1602475125 0.5207162125 0.193200521875 0.5094541312499999 0.1925624625 0.49973006875 0.1811006375 0.472370075 0.176997153125 0.4728487520833333 0.1606229546875 0.4822997645833333 0.158443115625 0.5210116145833333 0.1602475125 0.5207162125
1 0.2094030609375 0.4934426895833333 0.234192596875 0.5017287666666667 0.23813244375 0.5012691770833333 0.2367751078125 0.4568539854166667 0.210235225 0.47122370416666665 0.2088185140625 0.4845341583333333 0.2094030609375 0.4934426895833333
1 0.23078735312499998 0.5085944020833334 0.21175101562499998 0.48761628125 0.2096039734375 0.4878667375 0.190806928125 0.5302634083333333 0.22058997812499997 0.54440591875 0.2310895078125 0.5131992666666666 0.23078735312499998 0.5085944020833334
1 0.7556173578125 0.46521733541666666 0.7542790562499999 0.5037986145833333 0.8088200734375001 0.49743632083333333 0.8038855859374999 0.42223437708333333 0.7699052109375 0.42223437708333333 0.7746447765625 0.4552982104166666 0.7556173578125 0.46521733541666666
1 0.8654899765625 0.4625517291666667 0.8848453546874999 0.49275043541666663 0.8951331390625 0.49155034999999997 0.909670503125 0.48067189791666665 0.9089883421874999 0.47027570208333336 0.8938189765625 0.43087980625 0.8563208375 0.4195831479166667 0.8654899765625 0.4625517291666667
1 0.6826048328125001 0.5205246895833333 0.6847520171875 0.5202742166666667 0.6809644031250001 0.474170025 0.7079921546875 0.4681415166666667 0.7079902953125 0.46771565625 0.6856801671875 0.44834942291666663 0.670967496875 0.47016207916666664 0.638512340625 0.46507794583333334 0.6382417593749999 0.47939638333333334 0.640751709375 0.5176482145833333 0.6673946734375 0.5089938541666666 0.6826048328125001 0.5205246895833333
1 0.740593925 0.46161495625 0.7234595484375 0.44318371458333333 0.7289882828125 0.40302572708333334 0.7053782421875 0.4052270270833333 0.7068571640625 0.43972029166666665 0.6964083999999999 0.4489519375 0.6964291796875 0.4492155541666667 0.71559505 0.47066792083333336 0.7235848453125 0.46973589791666664 0.7407112421875001 0.4634028916666667 0.740593925 0.46161495625
1 0.8779012921874999 0.42677115416666667 0.8607393812499999 0.42444739791666664 0.8473374734375 0.40863951041666663 0.8273572437500001 0.41972456041666667 0.8136336406250001 0.4529713791666667 0.8494379828125 0.46745803750000003 0.8567193968750001 0.4649942083333333 0.8653284046874999 0.46574903958333336 0.8803439515625 0.46399745416666666 0.8779012921874999 0.42677115416666667
1 0.9224550953125 0.47206563958333336 0.9533506328125 0.46883739166666666 0.9558542171875001 0.46846689375 0.9615664328125 0.4227069625 0.9321828734375 0.43711009791666666 0.9390176515625 0.39859691875000003 0.909422134375 0.40204928125 0.9195396609375001 0.43395374166666667 0.9224550953125 0.47206563958333336
1 0.941578325 0.43047136249999995 0.947837371875 0.4587706583333333 0.9743639328125001 0.45967202916666666 0.9995366921875 0.46383185 0.996871721875 0.4232175208333333 0.9620867484375 0.4272752416666667 0.941578325 0.43047136249999995
1 0.45483436718750003 0.5105994 0.470130596875 0.5204076 0.49636091718750003 0.5253107708333333 0.5068369859375 0.4976414479166667 0.506830309375 0.4974229229166667 0.48191811093750003 0.4971893333333333 0.45983670937500004 0.4698211625 0.42891618593749997 0.4803624125 0.43117989999999995 0.5135437187499999 0.45483436718750003 0.5105994
1 0.498813928125 0.4938644833333333 0.504399353125 0.49321293541666666 0.5253288 0.48260099166666665 0.5262157249999999 0.46926523541666665 0.52427755 0.43972730833333334 0.5046711875 0.43398725416666667 0.4894808390625 0.44012555833333333 0.498813928125 0.4938644833333333
1 0.5638141796875 0.4649967333333333 0.577464921875 0.461488775 0.5760721906249999 0.44026345208333334 0.5736610718749999 0.42657728958333335 0.5626973296875 0.42785622916666666 0.5541771046874999 0.42997325 0.5599615906250001 0.4656578083333333 0.5638141796875 0.4649967333333333
1 0.6038327781249999 0.49843037916666666 0.6174184140625 0.4835645041666667 0.62004259375 0.44626984583333335 0.5983977875 0.44714639166666664 0.59265090625 0.502994225 0.570037621875 0.5156211979166667 0.57188286875 0.5437428958333334 0.5916126140625 0.5415955291666666 0.6029536484375 0.5402725812500001 0.6038327781249999 0.49843037916666666
1 0.5863325546875 0.42138572500000004 0.5787903375 0.46380483958333335 0.5619302921875 0.47051963541666664 0.5681295640624999 0.48996128958333335 0.5689024984375 0.48987112499999996 0.59590289375 0.4804508875 0.5963084296875001 0.45201214166666664 0.6124537359375 0.4210350770833333 0.6123045625 0.4187616708333334 0.5863325546875 0.42138572500000004
1 0.6457775078125 0.40883146666666664 0.6205331046875 0.40979461666666667 0.621202915625 0.43471232499999996 0.6212321843749999 0.43494145 0.6400371625 0.43339702083333337 0.6483097203125 0.46938849791666665 0.669973403125 0.46567117291666665 0.6718191546875001 0.46523970833333333 0.669129859375 0.4242546583333333 0.6457775078125 0.40883146666666664