0 0.8002198937499999 0.7806457104166667 0.8359375 0.757289 0.8359375 0.7561187395833334 0.7236396593750001 0.71875 0.7139492171875 0.71875 0.6520778203125001 0.75806085 0.6521518562499999 0.7593635854166667 0.6733825906249999 0.7756269104166668 0.7085843781250001 0.7578505958333334 0.7986204484375 0.7806208958333334 0.8002198937499999 0.7806457104166667
0 0.41662976875 0.8467527104166667 0.48384070156250003 0.8791666666666667 0.52079389375 0.8791666666666667 0.584375 0.855669125 0.584375 0.8539718291666667 0.51178705625 0.7813346895833334 0.3293720328125 0.8550267479166667 0.35076915937500003 0.8709955291666667 0.41662976875 0.8467527104166667
0 0.385744775 0.75809976875 0.41382686093750004 0.7594072979166667 0.46875 0.7535178166666667 0.46875 0.7519277895833334 0.406366921875 0.7041666666666667 0.39534104999999997 0.7041666666666667 0.272361784375 0.7377116229166667 0.2742085421875 0.7408521395833334 0.2826593515625 0.7533000041666666 0.28763498125 0.753531675 0.3378022890625 0.7404855958333333 0.385744775 0.75809976875
0 0.5272646375 0.6424834479166667 0.5532768671875 0.7416666666666667 0.5540242390625 0.7416666666666667 0.5625 0.6258682291666666 0.5625 0.6215268979166667 0.5446406578125 0.6344062854166667 0.54295875625 0.5994119958333334 0.5269232515625 0.6353804354166667 0.5272646375 0.6424834479166667
0 0.8634497124999999 0.68665691875 0.871511678125 0.6367428125 0.859057803125 0.5948502791666667 0.8375 0.6756796604166666 0.8375 0.7004110916666666 0.8634497124999999 0.68665691875
0 0.95867951875 0.6051914 0.909375 0.6251180854166667 0.909375 0.6254663354166666 0.9252675546875 0.63125 0.9391659156250001 0.63125 0.9513438296875 0.6217653854166667 0.9714933359375 0.61521105 0.9611889734375 0.6049965208333333 0.95867951875 0.6051914
0 0.0767668125 0.6939239895833332 0.05591836875 0.7154418833333334 0.0015625 0.7277953145833334 0.0015625 0.7327931708333334 0.006365807812500001 0.7416666666666667 0.014977978125 0.7416666666666667 0.171092040625 0.7060605041666667 0.169317090625 0.6929744041666667 0.101172896875 0.7091223916666666 0.0767668125 0.6939239895833332
0 0.1817010859375 0.64450618125 0.148546596875 0.6439455145833333 0.12009235781250001 0.63017825625 0.05988179375 0.6541666666666667 0.14395667343750002 0.6541666666666667 0.1817010859375 0.64450618125
0 0.3215752 0.61875 0.34959794375 0.6145747666666667 0.30975011406249997 0.5966621208333333 0.232917909375 0.6116098229166667 0.272096296875 0.61383724375 0.2921549625 0.61875 0.3215752 0.61875
0 0.2046875 0.5991307291666667 0.20923963906249998 0.6041666666666666 0.2096960078125 0.6041666666666666 0.20961386875 0.5619482583333333 0.20714789374999998 0.5656120666666666 0.2046875 0.58429543125 0.2046875 0.5991307291666667
0 0.24385760156249997 0.5662894583333333 0.2377755671875 0.5763314562499999 0.24506702812499997 0.6104166666666667 0.2453125 0.6104166666666667 0.2453125 0.60154591875 0.24385760156249997 0.5662894583333333
0 0.17003266718750001 0.6166666666666667 0.1703090015625 0.6166666666666667 0.1811913140625 0.58701546875 0.16875 0.5728590312499999 0.16875 0.5947869520833333 0.17003266718750001 0.6166666666666667
0 0.14800130625000002 0.5234590541666667 0.1421875 0.5613539645833333 0.1421875 0.61635434375 0.152142303125 0.6121195312500001 0.14800130625000002 0.5234590541666667
0 0.0484375 0.6632733083333334 0.0547742734375 0.6531491291666666 0.0484375 0.5812628208333332 0.0484375 0.6632733083333334
0 0.6703125 0.6150449062500001 0.654531828125 0.5625 0.65417339375 0.5625 0.6491101734375 0.5743905291666667 0.6493870796875 0.5796704520833333 0.6620331968750001 0.68481384375 0.662211678125 0.6848221541666667 0.6703125 0.6441800333333333 0.6703125 0.6150449062500001
1 0.9096915609374999 0.49489764166666667 0.9065649625000001 0.5498884333333333 0.8771323000000001 0.5611096604166667 0.8775939671874999 0.5692330812499999 0.88476190625 0.60310605 0.9017674625 0.60625 0.9143720125 0.60625 0.9242210296875 0.5965474041666667 0.9249223484375 0.5648859666666667 0.96875 0.5744996125 0.96875 0.5165606333333334 0.92842775625 0.5165606333333334 0.9096915609374999 0.49489764166666667
1 1 0.5335341375 0.9846234828125 0.5076358 0.990810709375 0.4832692645833333 0.9706533171875 0.4708333333333333 0.968219809375 0.4708333333333333 0.9492795171875 0.49797713125 0.9589897984375 0.51706326875 0.943942128125 0.53202320625 0.9440027093750001 0.5331783333333333 0.9604504781250001 0.5686381895833333 0.994305375 0.5854166666666667 0.9995378390624999 0.5854166666666667 1 0.57974051875 1 0.5335341375
1 0.8628291140625001 0.5294502520833333 0.8438023421875 0.49778881875000003 0.82108969375 0.4915010416666667 0.8197289546875 0.4915010416666667 0.820076528125 0.5244510333333333 0.79397905625 0.5277837625 0.7955796375 0.5680034875000001 0.799720828125 0.6541666666666667 0.8048229875 0.6541666666666667 0.8567817484375 0.6377656 0.8682131 0.58944026875 0.915625 0.5705930916666666 0.915625 0.55791555625 0.9030499046875 0.5077871291666667 0.8628291140625001 0.5294502520833333
1 0.5972051921875 0.6404194000000001 0.5746234296875 0.5872547666666666 0.563593571875 0.5773390145833334 0.5777286796875 0.5022202875 0.5234375 0.5100428687499999 0.5234375 0.5908057166666667 0.5344117203125001 0.59756794375 0.5501133328125001 0.62244916875 0.5394600828125 0.652535425 0.5602483953124999 0.6645833333333333 0.5723652578125 0.6645833333333333 0.5972051921875 0.6404194000000001
1 0.6092958953125 0.5173702208333333 0.6112177015625 0.5723861791666667 0.6048948890625 0.6122854770833333 0.6050933374999999 0.6179665062499999 0.6671571609375 0.6354166666666666 0.6749410640625 0.6354166666666666 0.684375 0.6233626124999999 0.684375 0.60830559375 0.6696667281249999 0.5622275041666666 0.647837928125 0.5462153520833334 0.6416740078125 0.51302748125 0.6092958953125 0.5173702208333333
1 0.79250180625 0.5958333333333333 0.795255365625 0.5958333333333333 0.7900737062500001 0.5426129937499999 0.8125 0.53269839375 0.8125 0.53268621875 0.7850090468750001 0.5272204500000001 0.7798191234375 0.47708333333333336 0.7765706453125001 0.47708333333333336 0.7485686359375 0.4793926145833333 0.7394244375000001 0.5072420979166666 0.7525872046875001 0.5413684958333334 0.768849 0.5459645395833334 0.7640463140625 0.5905893354166667 0.79250180625 0.5958333333333333
1 0.4836393171875 0.60625 0.4960974328125 0.57089924375 0.4961164328125 0.57035535 0.49193555624999996 0.54876585625 0.4945830078125 0.50881240625 0.4439242 0.5020833333333333 0.43015124218749995 0.5020833333333333 0.44086879218749997 0.5413785604166667 0.45813296093749994 0.5488618083333333 0.454585059375 0.5787541229166667 0.4613850515625 0.59910909375 0.4749604640625 0.60625 0.4836393171875 0.60625
1 0.3132672171875 0.4869847625 0.3104331171875 0.5106346270833334 0.281674778125 0.51309185 0.28693920624999997 0.54375 0.3028712953125 0.54375 0.31279694999999996 0.538856625 0.33280788437500003 0.54375 0.338186490625 0.54375 0.3409137875 0.47894346875 0.3408684390625 0.47778975833333337 0.3132672171875 0.4869847625
1 0.14583964375 0.5604166666666667 0.1414183671875 0.5168731083333333 0.16083288281250002 0.4816657020833333 0.0971286375 0.4953439333333333 0.11037727343749999 0.5314563083333333 0.11529354843749999 0.5604166666666667 0.14583964375 0.5604166666666667
1 0.0723460625 0.4777534791666667 0.05625 0.47637816875 0.05625 0.5128367770833333 0.0791850125 0.5074271833333334 0.1098721390625 0.5416666666666666 0.112871871875 0.5416666666666666 0.11541062656250001 0.5214859916666666 0.1076180234375 0.46574721874999997 0.0723460625 0.4777534791666667
1 0.238009590625 0.5231536229166667 0.2015625 0.5334462104166667 0.2015625 0.53613236875 0.23062944999999999 0.54375 0.245085403125 0.54375 0.270030346875 0.5299764 0.2579700296875 0.47899298958333336 0.22990615 0.49027614583333334 0.238009590625 0.5231536229166667
1 0.1900042203125 0.5048671666666666 0.2078125 0.47990703333333334 0.2078125 0.47954640000000004 0.1582149984375 0.4833520520833333 0.15823344374999998 0.48377430416666667 0.1725798375 0.50476654375 0.1712454953125 0.5311883875 0.19609569375 0.5303795041666667 0.1900042203125 0.5048671666666666
1 0.736683003125 0.4788442666666667 0.69375 0.4847780208333334 0.69375 0.5281774354166667 0.71756346875 0.52683865625 0.7403374734375 0.5541666666666667 0.7448245625000001 0.5541666666666667 0.75020435 0.5313145583333333 0.7453192171875 0.5049629395833334 0.736683003125 0.4788442666666667
1 0.6276461078125 0.46614533333333336 0.6265625 0.47142401666666667 0.6265625 0.49342552500000003 0.648316275 0.49876582500000005 0.65823263125 0.5176283041666667 0.6600765234375 0.5178433979166667 0.6729085593749999 0.45439420625 0.65130100625 0.47058297916666664 0.6276461078125 0.46614533333333336
1 0.7828125 0.47373401875 0.7858365890625 0.5020833333333333 0.8014631124999999 0.5020833333333333 0.8099120828125 0.46821123750000004 0.793599271875 0.4533328916666666 0.7828125 0.46950898750000003 0.7828125 0.47373401875
1 0.879375915625 0.4583333333333333 0.8765625 0.4583333333333333 0.8765625 0.48471898541666664 0.877694065625 0.5104166666666666 0.8793430875 0.5104166666666666 0.9054712359374999 0.49431768125000003 0.9054951796875 0.49340346458333334 0.9028474953125001 0.46066949166666665 0.879375915625 0.4583333333333333
1 0.8125 0.46782599166666666 0.8125 0.4680374479166666 0.8129366265625 0.4791458854166667 0.8157706156250001 0.5064453270833333 0.8546875 0.5022313395833333 0.8546875 0.49856925 0.848033628125 0.4667479666666667 0.8125 0.46782599166666666
1 0.40720030625000003 0.52151836875 0.424421240625 0.48644429375 0.373555425 0.47708333333333336 0.365625 0.47708333333333336 0.365625 0.47860620416666666 0.37776615625 0.5079855791666666 0.375442475 0.5563329708333333 0.385134634375 0.5581774458333334 0.38764485937500004 0.5583333333333333 0.4019504875 0.5583333333333333 0.40720030625000003 0.52151836875
1 0.34662480625000003 0.48826235416666663 0.3452930296875 0.51875 0.3675990578125 0.51875 0.36676711875 0.48477292499999997 0.37768111875 0.46589881666666666 0.3776894375 0.46570838750000004 0.34066979375 0.45500273124999996 0.340653765625 0.45536965833333337 0.34662480625000003 0.48826235416666663
1 0.59703161875 0.4856712083333333 0.576372178125 0.4936811395833333 0.570251253125 0.5033883625000001 0.54642889375 0.49728299583333335 0.5432013796875 0.5371017270833334 0.568230453125 0.53993245625 0.586615040625 0.51247715 0.602913378125 0.5165667145833334 0.59703161875 0.4856712083333333
1 0.509375 0.5059388104166667 0.509375 0.5229166666666667 0.5365502828125 0.5229166666666667 0.5411520140625 0.495852825 0.550708740625 0.4786702125 0.550738359375 0.4781054645833333 0.5204043875 0.4633825791666667 0.5130187859374999 0.4852979604166666 0.509375 0.5059388104166667
1 0.437681259375 0.5140452791666666 0.43496130937500005 0.5389451229166667 0.435292371875 0.5458333333333333 0.45914484062499994 0.5458333333333333 0.4742621671875 0.5193040979166667 0.496875 0.5217578187499999 0.496875 0.5206428187500001 0.4955673375 0.49343508541666664 0.46588779375 0.50481735 0.437681259375 0.5140452791666666
1 0.41875 0.46021479374999996 0.41875 0.49166666666666664 0.43795956562500005 0.49166666666666664 0.436782071875 0.45866479791666664 0.41875 0.46021479374999996
1 0.3479940890625 0.4818700541666667 0.3404954484375 0.501875875 0.3704904875 0.5135459416666667 0.380937528125 0.4858333354166666 0.3679908453125 0.47853573958333334 0.36924061875 0.45852998333333334 0.3467444109375 0.45686279375 0.3479940890625 0.4818700541666667
1 0.49187502812500006 0.4962500020833333 0.479222396875 0.4618642333333333 0.45797596250000006 0.47186717499999997 0.47297343437499995 0.503543 0.49187502812500006 0.4962500020833333