0 0.29869657968749996 0.25045484375 0.36824046718750003 0.21254723958333335 0.3683142953125 0.21124813958333333 0.3566735046875 0.20095641250000001 0.33798894375 0.19877682916666667 0.31162479374999996 0.2101200375 0.2356861796875 0.1868430541666667 0.219306603125 0.18493235 0.1827398546875 0.20545295833333332 0.2973827609375 0.25037325625 0.29869657968749996 0.25045484375
0 0.6040973015625 0.23289727291666665 0.691234075 0.21497197291666667 0.6913347953125 0.21343699375 0.6299605703125 0.13454508125 0.615032165625 0.13280365833333332 0.43809711093750003 0.17492576041666666 0.45773159531249996 0.19406781666666667 0.5255120671875 0.18021871458333333 0.6040973015625 0.23289727291666665
0 0.7437948343749999 0.29641981458333333 0.699191046875 0.2597332375 0.6486137453125 0.25383331666666664 0.5460758343750001 0.2808197875 0.5476167328125 0.2839518208333333 0.555616053125 0.2976594354166667 0.6115936890625 0.2835968479166667 0.6668379203125 0.30450491458333334 0.7437948343749999 0.29641981458333333
0 0.52088356875 0.32961958541666664 0.445333953125 0.30122431875 0.4330033078125 0.29978592916666663 0.4401268390625 0.32257083125 0.4146576796875 0.31860160833333334 0.41462277031249994 0.31913364375 0.4409313734375 0.3478161354166666 0.5208714875 0.3303115958333333 0.52088356875 0.32961958541666664
0 0.19307778125 0.3387195666666667 0.1842967421875 0.3004347020833333 0.1504705078125 0.28679794375 0.1468313515625 0.2860004666666667 0.11534390312500001 0.29880805625 0.179080834375 0.33708680208333336 0.19307778125 0.3387195666666667
0 0.0761064296875 0.3627824604166667 0.07739850781249999 0.34309108541666666 0.07303725625 0.29125599166666666 0.072556275 0.2911998854166667 0.060904285937500004 0.3238069333333333 0.067458065625 0.3462491604166667 0.068526134375 0.37310860208333335 0.0761064296875 0.3627824604166667
0 0.906484521875 0.3288469875 0.9054318718750001 0.3448894520833334 0.9183067484375 0.36940591666666667 0.927078640625 0.44525481875 0.928605746875 0.4454329583333333 0.938284959375 0.43735960625000003 0.9383124687500001 0.43525820416666666 0.91351746875 0.2216643875 0.910053034375 0.2744626208333333 0.91413948125 0.30827178958333334 0.906484521875 0.3288469875
0 0.8754343046875 0.37179023333333333 0.8747238203125001 0.38261805625 0.8782303578124999 0.485565 0.8783163265624999 0.4855750291666666 0.8834823890625 0.44245868125 0.8973364593750001 0.40783695833333333 0.8975639781250001 0.40349873125 0.8887285437499999 0.32439858958333334 0.888055546875 0.32427779791666667 0.8754343046875 0.37179023333333333
0 0.7731586015625 0.4245542104166667 0.77317468125 0.4243091583333333 0.740187290625 0.40672332291666663 0.7278558 0.40528483541666666 0.6570847093750001 0.4143157604166667 0.6960634781249999 0.41896235 0.726452621875 0.4284713770833333 0.7731586015625 0.4245542104166667
0 0.7930265859375 0.46434738124999997 0.7983524671875 0.470862175 0.8008661921875 0.43255283333333333 0.8005158031249999 0.4329995145833333 0.7930265859375 0.46434738124999997
0 0.7467212109375 0.43467230208333335 0.7528462390625 0.44276096666666664 0.77348629375 0.4377944916666667 0.7467212109375 0.43467230208333335
0 0.8275307609375 0.4357336958333333 0.823108975 0.4352178875 0.8129017953125001 0.4491082604166667 0.84656668125 0.4531812854166667 0.8465977718750001 0.45270744791666667 0.8275307609375 0.4357336958333333
0 0.8536058046875 0.42413635208333333 0.853130825 0.42408094375 0.8469727109375 0.4708969333333333 0.8454279265625001 0.49443955208333334 0.8463404046875 0.5158552729166667 0.8582902375 0.5114139625 0.85858409375 0.49794838541666664 0.8536058046875 0.42413635208333333
0 0.9602791765625 0.3934447625 0.96040021875 0.38640309375000004 0.960192059375 0.3863788125 0.9524098046875 0.44773247083333334 0.9473469265625001 0.4823768354166667 0.9550772015625 0.47272321875 0.9602791765625 0.3934447625
0 0.3570586109375 0.4075976604166666 0.3614106828125 0.34127178750000003 0.363562909375 0.29795947291666663 0.3630773 0.2979028270833333 0.3420241609375 0.35390345208333335 0.3419020625 0.35493132708333336 0.3503875640625 0.41856580833333334 0.3570586109375 0.4075976604166666
1 0.0442227671875 0.40985213333333337 0.084528028125 0.41873852708333337 0.0879806125 0.45945957083333333 0.0904617296875 0.45949806666666665 0.120370159375 0.45210135416666664 0.1204624234375 0.4517082291666667 0.1236436859375 0.40322558333333336 0.12214805625 0.39949561041666665 0.0987568171875 0.39582832291666664 0.11303019375000001 0.33983834791666667 0.07013138906250001 0.33483413749999996 0.063464640625 0.38701970625000004 0.0442227671875 0.40985213333333337
1 0.06074314374999999 0.41499087291666664 0.047116159375 0.37792048958333335 0.01483000625 0.3576612229166667 0.009423571875 0.3570305541666666 0.0061423531250000005 0.37728281875 0.004186103125 0.4070961895833333 0.0182043859375 0.43599819375 0.010116796875 0.4595729854166667 0.029609356250000003 0.47440628125 0.0314914140625 0.474625825 0.052713025000000004 0.4494457354166667 0.0445228796875 0.429399675 0.06071286875 0.41614688125000004 0.06074314374999999 0.41499087291666664
1 0.150560990625 0.46582507916666666 0.197981390625 0.4539013791666667 0.1860931046875 0.39754151458333337 0.21160295625 0.3767182333333333 0.213821525 0.36750889375 0.21529335 0.3450781770833334 0.19427647812499999 0.34153812083333335 0.19452139531249998 0.30751859791666664 0.09885530625 0.296359 0.10625979999999999 0.3744323854166666 0.1409647375 0.39632498958333334 0.150560990625 0.46582507916666666
1 0.4449404921875 0.35987222916666667 0.43703021875000003 0.378792075 0.417382953125 0.39707688125 0.39569302031250003 0.37976160833333333 0.38164960312499996 0.41528633125 0.3815953125 0.41611371249999995 0.4003165796875 0.45700240416666665 0.40181211250000004 0.45717686041666666 0.44191508281249997 0.433357825 0.4500778671875 0.4197228791666667 0.5047507484375 0.4462064041666667 0.5049697828124999 0.44164909375 0.502970884375 0.37028775208333337 0.4449404921875 0.35987222916666667
1 0.343388871875 0.4017799541666667 0.31783079375 0.40471057916666664 0.31578836250000003 0.44804184374999995 0.3568096140625 0.4541124375 0.3883745984375 0.47024839375000005 0.38923965625 0.47034930416666665 0.40717898124999996 0.40867392708333333 0.409592834375 0.3718866479166667 0.40433042343750003 0.3616922416666667 0.4015075375 0.36127449166666664 0.358780546875 0.37552813958333336 0.343388871875 0.4017799541666667
1 0.262699503125 0.4582003416666666 0.252026159375 0.42391610416666664 0.23605671093749997 0.418959225 0.24417986875 0.3746439916666667 0.23677186875 0.37309462916666664 0.213306215625 0.37035732499999996 0.2145208109375 0.42179853125 0.1912738359375 0.4311516729166666 0.218460040625 0.43724182500000003 0.2199585859375 0.48754434166666666 0.2514648484375 0.48571256875 0.262699503125 0.4582003416666666
1 0.51700564375 0.39532787708333333 0.5065849765625 0.42354807708333336 0.5057070343750001 0.4369279604166667 0.508473671875 0.45207475416666665 0.5056616 0.4918430395833333 0.552940990625 0.5040843583333333 0.569461459375 0.5060114958333333 0.5591417453124999 0.4658003479166667 0.5420352640625 0.45615657708333335 0.5456951359375 0.42659650208333333 0.5390372171875 0.4053286479166667 0.5253052453125 0.3962960375 0.51700564375 0.39532787708333333
1 0.6630009453125 0.5413749083333333 0.68853394375 0.5354858041666667 0.712734603125 0.5478200270833333 0.7127923109375 0.5478267583333333 0.719175140625 0.50625526875 0.7207426531250001 0.4823662770833333 0.6946188296875 0.48445698125000003 0.68926706875 0.5070758375 0.6607056906250001 0.5023999770833333 0.6630009453125 0.5413749083333333
1 0.9008705703125001 0.486114725 0.8897664421875 0.4848194125 0.87235016875 0.49421569583333336 0.8464889765624999 0.5004261 0.8417852765625 0.5400234291666667 0.876227515625 0.53559919375 0.8960367015624999 0.5597832083333334 0.9008705703125001 0.486114725
1 0.9142649046875 0.5489745479166667 0.9402819984375 0.50724265 0.940322609375 0.50569206875 0.9382376515624999 0.5051126916666667 0.91627206875 0.5025503729166666 0.8836867109375 0.5089622375 0.88333224375 0.5143643395833333 0.892262359375 0.5569186229166667 0.8916506015625 0.5802765479166666 0.9191408437499999 0.5809532291666667 0.9142649046875 0.5489745479166667
1 0.762008915625 0.50608303125 0.7996747765625 0.49851722499999995 0.7998248046875001 0.49623080833333333 0.7769959390625 0.4883948875 0.7544202953125 0.48576140416666663 0.7303642124999999 0.49681109375 0.7397611125 0.5485000437499999 0.7683945984375 0.5394407458333333 0.762008915625 0.50608303125
1 0.835662028125 0.5476582541666667 0.83782353125 0.5147167770833333 0.8183599031250001 0.5201550208333333 0.8035719609375 0.49776889583333334 0.8006591921874999 0.49742911666666667 0.8000733796875 0.5605908500000001 0.8170697765625 0.5433550583333333 0.835662028125 0.5476582541666667
1 0.3105279796875 0.42352422083333335 0.2831771109375 0.4203337 0.2791577375 0.4520708291666667 0.25008060468750004 0.4840367479166667 0.26898435625 0.4946094958333333 0.289718378125 0.4903340520833333 0.30662356874999996 0.4830277083333333 0.3105279796875 0.42352422083333335
1 0.3472319484375 0.48062850208333335 0.336702621875 0.46212948541666665 0.33471147343749996 0.4618972145833334 0.3247516703125 0.52542895625 0.34548964843749996 0.50888165 0.36915111562499997 0.5129445375 0.3728979171875 0.48949244166666667 0.3729498171875 0.48651930416666667 0.3472319484375 0.48062850208333335
1 0.18469966875 0.48935243333333334 0.2083149640625 0.5057090229166666 0.2116095515625 0.5060933416666666 0.22140939531249998 0.49090491249999996 0.2217251375 0.48609298958333336 0.21228769375 0.47162417083333336 0.20670571718750003 0.47040094791666665 0.18409871875 0.46959532708333335 0.18469966875 0.48935243333333334
1 0.10983585625 0.49631257500000003 0.1221468171875 0.4977486666666667 0.123614746875 0.47537730625 0.12411323125 0.4465857270833334 0.1235071109375 0.44645772708333337 0.0955509078125 0.45852441041666664 0.095471271875 0.45943282916666667 0.096098546875 0.49255635833333333 0.10983585625 0.49631257500000003
1 0.1814222734375 0.47881863333333335 0.1802923046875 0.4459752708333333 0.174999853125 0.4453578979166667 0.15347446250000002 0.45049093125 0.15303858125 0.4990405625 0.180189159375 0.4976113833333333 0.1814222734375 0.47881863333333335
1 0.6292438328125 0.5338480666666666 0.6362224515625 0.46636518125 0.63653663125 0.45737105208333334 0.6330836625 0.4569682583333333 0.6131198 0.4716594625 0.5769236796875 0.4685667270833333 0.5739652765625001 0.4962317770833333 0.573494134375 0.5034120104166667 0.6029861140625 0.5108961666666667 0.6292438328125 0.5338480666666666
1 0.6191659109375001 0.5483815979166666 0.6559798625 0.5610200729166667 0.6560078781249999 0.5605931208333333 0.6498987515625 0.5273920979166667 0.6510227671875 0.49879541875 0.6287864203125 0.49620151458333334 0.6297558875 0.5297920979166667 0.6192174796875001 0.5475957020833333 0.6191659109375001 0.5483815979166666
1 0.4303032921875 0.4835720291666667 0.45393035312499996 0.48893705625 0.4586851375 0.45335473125000003 0.4319356609375 0.4502343625 0.41433032968749994 0.47499353333333333 0.398354215625 0.47145326041666663 0.39829441875 0.47236456875 0.4024535734375 0.5021127 0.4236412859375 0.49346546041666667 0.4303032921875 0.4835720291666667
1 0.47593513437499996 0.5360762791666667 0.4822859765625 0.5051078229166667 0.49115657187500006 0.49135303333333336 0.49135504062499996 0.48832836041666666 0.46573347031249995 0.47090726041666664 0.46202905625 0.4704751354166667 0.4546596015625 0.48949896458333336 0.44648452499999997 0.5280674166666667 0.44644046406250004 0.5285967291666667 0.47593513437499996 0.5360762791666667
1 0.5198189140625 0.46620229166666666 0.5399377921874999 0.49570450208333333 0.5337010734375001 0.5248441958333333 0.55467414375 0.5272907375 0.5547126796875 0.52670345 0.55225794375 0.4871432541666667 0.551019328125 0.4485819020833333 0.5346887125 0.44147962500000004 0.5276727375 0.4404964125 0.5199499984375 0.4651761833333333 0.5198189140625 0.46620229166666666
1 0.5593423296875 0.5147690541666666 0.5613435250000001 0.5482520145833334 0.578344584375 0.5490086666666667 0.5805322765625001 0.5156680895833333 0.5793097281249999 0.5155254770833333 0.5593423296875 0.5147690541666666
1 0.6502423859375 0.53572520625 0.6590202078125 0.5166669125 0.6299021453125 0.5015556020833334 0.6176833734375 0.5279487270833333 0.6301037703125 0.53672305625 0.6275510390625 0.5565074520833334 0.6498526640625 0.5607825291666667 0.6502423859375 0.53572520625
1 0.507848928125 0.5046799125 0.518205725 0.5404051645833333 0.5400251703125 0.5329092854166667 0.5271553156250001 0.49961117708333336 0.507848928125 0.5046799125