0 0.271312996875 0.64246395625 0.24382775781250002 0.7353925770833333 0.28017670625 0.8887890375 0.28106496875000003 0.88872696875 0.29172645625000004 0.85378831875 0.28966147656249996 0.8012520999999999 0.274074546875 0.7190106729166666 0.284619403125 0.6729741375 0.2844384125 0.6683694354166666 0.271312996875 0.64246395625
0 0.4304399390625 0.86054940625 0.5099381140625 0.8753574020833333 0.5223264359375 0.8736213145833334 0.5977482109375 0.8220274541666667 0.6647542843750001 0.8344130875 0.6844988546875 0.81516904375 0.6844767234375 0.8146060125000001 0.511536875 0.776657425 0.4959039703125 0.77774980625 0.4304399390625 0.86054940625
0 0.737261928125 0.74148095 0.6045861015625 0.7015095395833334 0.5410985375 0.7494706541666667 0.541168228125 0.75124369375 0.573186296875 0.7556600062500001 0.6476092546875 0.75045955 0.6717619859374999 0.7422230979166666 0.6900205749999999 0.7474959729166667 0.73567185625 0.7443059979166667 0.737261928125 0.74148095
0 0.4433382953125 0.6254348645833333 0.46370970937499995 0.744534175 0.464228475 0.744497925 0.47932433281250003 0.650697375 0.47859894374999995 0.6322423875 0.4609718375 0.6014240375 0.46265041093750003 0.6363490583333333 0.4433382953125 0.6254348645833333
0 0.1793886234375 0.6976328395833333 0.1915895765625 0.6547627312500001 0.191582040625 0.65457100625 0.110048303125 0.6832411583333333 0.137177809375 0.7005931000000001 0.1792735515625 0.697651575 0.1793886234375 0.6976328395833333
0 0.0640627078125 0.6869264354166666 0.06665180937500001 0.6867455166666667 0.0685834875 0.6637891770833334 0.07398329218750001 0.6481997916666666 0.0733896296875 0.6330961270833334 0.0655595171875 0.6073796354166666 0.056731534375 0.6756177979166667 0.0640627078125 0.6869264354166666
0 0.9253383312500001 0.5745882354166666 0.9188338437500001 0.6492630333333334 0.903833521875 0.6787814708333334 0.91647680625 0.71004504375 0.9079679281249999 0.8021110687499999 0.9133657703125 0.8028198125 0.9179263671875001 0.8025011333333333 0.936815825 0.5867391791666667 0.93662043125 0.5817680875 0.927703834375 0.5744229416666666 0.9253383312500001 0.5745882354166666
0 0.8226675968749999 0.6220860083333334 0.895977971875 0.6255457729166667 0.9082088625000001 0.624214575 0.9452111625 0.6065963770833334 0.945208725 0.60641023125 0.8898503203124999 0.5958437645833333 0.8818284296875 0.5964043104166666 0.8557430390625 0.6145614270833334 0.8226675968749999 0.6220860083333334
0 0.7103757234375 0.6203474979166667 0.713974009375 0.6707192520833334 0.7142148546875 0.6707024229166667 0.720603540625 0.5793262375 0.7200603609375 0.565506925 0.705768359375 0.5172212458333333 0.70301816875 0.5791058520833333 0.7103757234375 0.6203474979166667
0 0.81055555625 0.5590403791666667 0.779851671875 0.5591730791666667 0.7827970671875 0.5636866729166666 0.8096883781249999 0.5618075895833333 0.81061891875 0.5606524187499999 0.81055555625 0.5590403791666667
0 0.7650679890625 0.5561684604166667 0.7583640421875 0.5481198479166667 0.761370528125 0.5923043979166667 0.7619483140625001 0.592264025 0.7651943203125 0.5593825104166666 0.7650679890625 0.5561684604166667
0 0.8357155781250001 0.5655463770833333 0.8136243953125 0.582394475 0.84424693125 0.5802546625 0.8441775093749999 0.5784884583333334 0.8357155781250001 0.5655463770833333
0 0.8881331484375 0.5469524041666667 0.8271719921875 0.5399412479166668 0.8230994203125 0.5401308708333333 0.8182997999999999 0.5570310729166666 0.8183043968750001 0.557148025 0.8324332234374999 0.5581320541666667 0.8476181 0.5570709791666667 0.8881331484375 0.54735935 0.8881331484375 0.5469524041666667
0 0.9277171640624999 0.5828698854166666 0.9207636156250001 0.59159744375 0.961252784375 0.5887681791666667 0.9277171640624999 0.5828698854166666
0 0.35135700625 0.6939716625 0.357464775 0.65534546875 0.3561928265625 0.6229851416666666 0.3400163484375 0.5761330124999999 0.34305369531249996 0.68529454375 0.348051128125 0.6942026666666667 0.35135700625 0.6939716625
1 0.11941944687499999 0.5888450395833333 0.105074028125 0.56902618125 0.1055451140625 0.5150461854166667 0.0919603953125 0.5159954458333333 0.061856478125 0.52063325 0.0688178421875 0.5801883854166667 0.0450823828125 0.58537023125 0.03911533125 0.5970513625 0.0407711453125 0.6391777875 0.0683055640625 0.6446570270833334 0.070891765625 0.6444561875 0.0798430609375 0.6027027041666667 0.11939516406249999 0.5916275041666667 0.11941944687499999 0.5888450395833333
1 0.00917696875 0.5193599291666666 0.016147854687499998 0.5446730666666666 0.0019931406249999997 0.5681657875 0.0040380046875 0.6201902437500001 0.015650554687500002 0.61937879375 0.0423281859375 0.6090641062500001 0.057768628125 0.5752130020833334 0.057793909374999994 0.5740545229166667 0.042206278125 0.5571935479166666 0.051378854687499996 0.5390739083333334 0.030734051562499996 0.5083170666666667 0.00917696875 0.5193599291666666
1 0.08969680625000001 0.6499061625 0.1149422359375 0.6511513458333333 0.11684985 0.6832378270833334 0.1208490796875 0.6829583729166667 0.1404893625 0.6758707416666667 0.1572742625 0.642857 0.19893979687500002 0.6613178770833333 0.209845603125 0.6000034500000001 0.20981541718750002 0.5986202687500001 0.1584618609375 0.5826822479166667 0.14367649062500001 0.5354305895833333 0.0848007734375 0.5217610208333333 0.085260925 0.5370506583333333 0.08969680625000001 0.6499061625
1 0.404913525 0.6683058895833334 0.4255159796875 0.6700139208333333 0.45436278124999996 0.6679981916666667 0.4432397828125 0.5979721666666666 0.4545668375 0.5873386854166667 0.47763358125 0.5351464291666667 0.4776648671875 0.5315616270833333 0.450285784375 0.5057576500000001 0.4214166265625 0.5240227395833333 0.4311449859375 0.5535481666666667 0.4146913453125 0.5794870562500001 0.40176195000000003 0.5881250666666666 0.404913525 0.6683058895833334
1 0.3912658015625 0.5180289854166666 0.358486215625 0.5203195270833334 0.3544430046875 0.5517696166666667 0.3335945125 0.5719044770833333 0.32028239062499997 0.62492845625 0.32063601249999996 0.63392514375 0.33289880625 0.6463680354166667 0.336470434375 0.6457833145833334 0.400645840625 0.6147657854166667 0.400546653125 0.6090838916666667 0.3921847859375 0.57067335 0.3912658015625 0.5180289854166666
1 0.2619072234375 0.5330180125 0.261857325 0.5317484979166667 0.2513459828125 0.5041974541666667 0.219834715625 0.5001773520833334 0.21745179062500003 0.5502328041666666 0.1901266734375 0.5544129166666667 0.213236946875 0.5653580208333333 0.211135653125 0.6161498354166667 0.2420292125 0.6139910854166666 0.2347484171875 0.5696886437500001 0.25082366875 0.5658576541666667 0.2619072234375 0.5330180125
1 0.5699861390625001 0.5290488770833334 0.5590908156250001 0.4979571020833333 0.5555139312499999 0.49820704374999997 0.5376285609375 0.50886891875 0.5306774359374999 0.5297375479166667 0.5339546687500001 0.55944188125 0.5166880859375 0.5681419375 0.5063033046875 0.60595535625 0.5363529921875 0.6038555729166667 0.56992798125 0.5970325375000001 0.5676347546875 0.5571845020833333 0.57052063125 0.542647175 0.5699861390625001 0.5290488770833334
1 0.7190084531250001 0.49893787916666665 0.7187434671874999 0.49219622916666667 0.6908833328124999 0.4943597875 0.6861211578125 0.4713603208333333 0.65800165 0.4667185916666667 0.6580519625 0.46787036875 0.666168015625 0.5321987104166667 0.6685828734375 0.53202996875 0.690870484375 0.52273810625 0.710882 0.52907423125 0.7164519828125 0.5286850166666667 0.7190084531250001 0.49893787916666665
1 0.8586940515625001 0.5354351 0.8888181265625 0.5333301208333333 0.8917972640625 0.5013223625000001 0.902256775 0.46383610208333337 0.902252928125 0.46373822708333334 0.837996534375 0.4580162541666667 0.8598861781249999 0.49065229375 0.8586940515625001 0.5354351
1 0.8905620421875 0.4400725625 0.8868280125 0.4945827 0.890786275 0.5144168604166667 0.894922128125 0.5141278583333333 0.9223250484375001 0.48454002500000004 0.9440360921875 0.4917852875 0.9426363906249999 0.45617474999999996 0.9270265078125 0.45581145625 0.8905620421875 0.4400725625
1 0.755213525 0.4892222895833333 0.7802877125000001 0.5004311312499999 0.785901346875 0.4711940958333333 0.78582461875 0.462402025 0.7485956875 0.4463964083333333 0.73868868125 0.48214270833333334 0.7391401734375 0.49362935208333336 0.7481531046875001 0.543159375 0.748512384375 0.54313426875 0.755213525 0.4892222895833333
1 0.8268591328125 0.46068090208333334 0.8018981984375 0.4594745479166667 0.8045093109374999 0.4859642458333333 0.7912806984375 0.50653490625 0.791306975 0.5072034458333333 0.827216421875 0.5105141625 0.8396944234375001 0.5096422375 0.8219791671875001 0.48614114375 0.8268591328125 0.46068090208333334
1 0.289127490625 0.49774860000000004 0.268968178125 0.4935673875 0.249332440625 0.5043745645833334 0.275349584375 0.5364748625 0.276626128125 0.56984970625 0.286336909375 0.5691711458333334 0.3010460625 0.56734026875 0.3085635578125 0.5656251208333334 0.306198453125 0.5054532833333334 0.289127490625 0.49774860000000004
1 0.35696614375 0.46409855 0.3381892796875 0.47127131666666666 0.338741034375 0.5028744 0.327341509375 0.52587468125 0.3274543890625 0.5287465145833333 0.33440893437499997 0.5282605520833333 0.3736275625 0.51348119375 0.3736539765625 0.5122707916666667 0.35994314374999997 0.4984021395833333 0.3582385734375 0.4640096354166667 0.35696614375 0.46409855
1 0.22096355625 0.4984627291666667 0.21120675625000002 0.4807324416666667 0.18425536874999998 0.49611630833333337 0.1828554890625 0.5121681645833334 0.18299869375 0.5158115104166667 0.19895862343749998 0.5168634958333334 0.2111539234375 0.5160113229166667 0.2209635546875 0.5030469604166666 0.22096355625 0.4984627291666667
1 0.0956111609375 0.5225673770833333 0.12206932343750002 0.5368396395833333 0.12436244062499999 0.5366794020833333 0.12232519374999999 0.48484875 0.09618071875 0.4888876395833333 0.0955313984375 0.5216574791666667 0.0956111609375 0.5225673770833333
1 0.186254540625 0.5323545666666667 0.1876725671875 0.5153011645833333 0.18710983125 0.5009843083333333 0.147968778125 0.4918475854166667 0.14897596562499998 0.5299213854166667 0.1709554984375 0.5334236166666667 0.186254540625 0.5323545666666667
1 0.5831705125 0.5546878708333334 0.6338798625 0.5438202729166667 0.6339072546875 0.5417279625 0.6197514671875 0.50895998125 0.6165356171874999 0.46920552916666664 0.5903061875 0.47498891666666665 0.589671809375 0.5234469895833334 0.5785327546875 0.5474531229166666 0.5788290468749999 0.5549912395833334 0.5831705125 0.5546878708333334
1 0.6507043671875 0.4479481875 0.6281564687500001 0.4474234208333333 0.6299011546875 0.4806902791666667 0.6244113796875 0.512168425 0.6319855046875 0.5116391666666666 0.659753453125 0.5040639020833333 0.6596229499999999 0.50074371875 0.6501180609375 0.48448343541666666 0.6507043671875 0.4479481875
1 0.45836130781250006 0.5171986708333333 0.442249115625 0.5206510270833333 0.4221148171875 0.49252416666666665 0.3971608015625 0.49438142291666665 0.40283425 0.5342665145833333 0.42637671875 0.5290927104166667 0.43311479531249997 0.5390226854166666 0.4440349859375 0.5435483249999999 0.45500554375 0.5427817354166666 0.45836130781250006 0.5171986708333333
1 0.4856587453125 0.48831975625 0.47826143437499996 0.46655054375000005 0.4478542015625 0.4817192125 0.44788375 0.4822826708333333 0.45745831406250004 0.49929263541666663 0.46195492031249996 0.52560659375 0.49153737187499996 0.5235394604166667 0.49143184843750004 0.52085475625 0.4856587453125 0.48831975625
1 0.5555468875 0.4801478145833334 0.5344022875000001 0.4793274875 0.5396586390625 0.5092824958333334 0.518425165625 0.5347340791666666 0.5185202203125 0.5357662958333334 0.525236153125 0.5608223437500001 0.54017485625 0.5597784708333333 0.549102175 0.5575812041666667 0.551715134375 0.5198809395833334 0.5555930078125 0.48132116875000003 0.5555468875 0.4801478145833334
1 0.5592741984375 0.45632791666666667 0.558333996875 0.4714422645833333 0.5588043984375 0.4834099833333333 0.5740018671875 0.4864842 0.5822903015625001 0.48590502708333333 0.582864753125 0.45958148125 0.5599236265624999 0.45633295208333335 0.5592741984375 0.45632791666666667
1 0.6309857265625001 0.4693533875 0.61834323125 0.47754441875 0.6298637296875 0.5044900375 0.6593595875 0.4907428729166667 0.65108595625 0.4712877333333333 0.6513523375 0.44622754166666667 0.6289524 0.44946226041666665 0.6309857265625001 0.4693533875
1 0.527128596875 0.5016521958333333 0.5408621765625 0.46897323958333337 0.519252225 0.4604666104166667 0.5079666421875 0.49568817083333333 0.527128596875 0.5016521958333333