0 0.8187841656250001 0.8016142872215709 0.8380444203125 0.8132628722157093 0.8583718203125 0.8126224196951934 0.8686991609374999 0.8052681957796014 0.9175197171875 0.7334675803048065 0.9178652906250001 0.726042735052755 0.9160841203125001 0.7161850597889801 0.8998651437499999 0.7081353001172332 0.672588221875 0.6716812250879249 0.6468090421875 0.6715923130128957 0.6341530140625 0.6782990000000001 0.643007584375 0.734250754982415 0.678595909375 0.7492597678780774 0.8186715937500001 0.7728716729191091 0.830260475 0.7784540246189918 0.8187841656250001 0.8016142872215709
0 0.2506263875 0.7931654067995311 0.1537476640625 0.7613153634232123 0.1443350125 0.7610687444314186 0.1132941015625 0.7649778933177023 0.09928859062499999 0.7831823305978898 0.10209840781249999 0.7931654067995311 0.2146450078125 0.8430807971864009 0.2060949625 0.9617032532239155 0.2497947140625 0.990184388042204 0.26018707343749997 0.990184388042204 0.26143950781249997 0.9899584970691677 0.2698020109375 0.810285262602579 0.2506263875 0.7931654067995311
0 0.405549753125 0.6086750961313012 0.40612229062500005 0.5981326694021102 0.4232484046875 0.5366518206330598 0.4233532875 0.5343983599062133 0.420371415625 0.522933164126612 0.412566846875 0.5226604302461899 0.40662653593750003 0.5312548710433763 0.388301353125 0.6239159941383352 0.40991271874999996 0.6472032004689332 0.41338704374999996 0.6472942309495897 0.41788036406250006 0.6407932977725674 0.40720842968750004 0.6357259472450175 0.41571276562500004 0.6231134923798358 0.405549753125 0.6086750961313012
0 0.758921196875 0.6109187233294255 0.7747970234375 0.602930613130129 0.843122140625 0.59939301992966 0.700500290625 0.5926453118405627 0.6990878296874999 0.622992856975381 0.7091268203125 0.6262027315357562 0.74695136875 0.6252116975381008 0.758921196875 0.6109187233294255
1 0.43547456875 0.5216592075029308 0.44629155625 0.5596849355216882 0.45306092343750004 0.5535641324736225 0.46180009375 0.5580864994138335 0.4581051109375 0.5631830715123095 0.4832011109375 0.5679058651817116 0.5016643546874999 0.582272182883939 0.500286546875 0.586894141852286 0.46905871406250005 0.6047315205158266 0.42689421562499996 0.6015321606096131 0.421986640625 0.5954359437280188 0.41904887031250004 0.5999828968347011 0.38133656562499996 0.591137347010551 0.3697507 0.5935104150058617 0.385429725 0.6364581184056272 0.4303212390625 0.6497510328253223 0.4487635984375 0.6669898851113716 0.46256065937499996 0.6673513798358733 0.5469085078125 0.6448082004689332 0.5547369171875001 0.625845753810082 0.5684122656249999 0.6171268686987105 0.5673648906250001 0.5901193341148887 0.5789461390625 0.5841555720984759 0.5816077125 0.5269701172332942 0.5786267203125 0.5191656928487691 0.566448859375 0.506273631887456 0.544518321875 0.5028750890973036 0.5262827671875 0.49437997303634235 0.5250077015625 0.46150123446658853 0.5017734953125 0.44456142086752637 0.473921878125 0.4490825439624853 0.46279139375 0.4631980187573271 0.47833380312499996 0.5026230011723329 0.43547456875 0.5216592075029308
1 0.9960172500000001 0.5921199226260259 0.9965053812500001 0.5816321242672919 0.9305394687499999 0.5799037643610786 0.9223491671874999 0.5799037643610786 0.9154174171875 0.6157253962485345 0.9300406015625 0.6230658944900351 0.9347159265625 0.623065895662368 0.9633487031250001 0.6210105556858148 0.9871066781250001 0.5939975205158265 0.9960172500000001 0.5921199226260259
1 0.9321144171875 0.4958939577960141 0.90316405625 0.5068091570926143 0.89897516875 0.5272576483001172 0.897896853125 0.5504259085580305 0.8995654109375 0.5583289601406799 0.9030592828125 0.5592419531066823 0.9143715296874999 0.5595383434935521 0.9408987546875001 0.5382797186400938 0.9957711343750001 0.5485946201641266 0.99855190625 0.5087838628370457 0.9686112734375 0.48903723563892143 0.970574171875 0.46093552403282534 0.95507003125 0.44749492145369285 0.9266103953125 0.45138469284876903 0.9175077328125001 0.45839523212192257 0.9152132734375 0.4688242203985932 0.9321144171875 0.4958939577960141
1 0.71566613125 0.4347568241500586 0.7270044140625 0.43821988980070337 0.728493003125 0.43821339273153576 0.742126115625 0.43084838686987104 0.7453262984375 0.4168078651817116 0.7394484578125 0.4068980492379836 0.728774803125 0.40460688159437275 0.7181330109374999 0.4087444114888628 0.720169609375 0.41808655568581476 0.7160249953125 0.42704641031652985 0.71566613125 0.4347568241500586
1 0.8124586624999999 0.47138909261430245 0.8124089515625 0.4724571699882767 0.8203952734375 0.47551473388042204 0.813094728125 0.4910540164126612 0.838298059375 0.4908339812426729 0.8424017906250001 0.48700226377491207 0.8470209640625 0.4624346576787808 0.8353910703125 0.4601060457209848 0.8290071749999999 0.45993878311840564 0.8124586624999999 0.47138909261430245
1 0.8404867312500001 0.4260295134818288 0.8679157468750001 0.4136232332942556 0.8746679171875 0.4064337514654162 0.8729766250000001 0.40009234583821807 0.8575888624999999 0.39968917467760845 0.8524200093750001 0.4005884747948418 0.84015388125 0.41961004572098476 0.806984121875 0.42105437045720984 0.806967771875 0.4214056553341149 0.8169245249999999 0.42781562368112547 0.816275925 0.44828594841735053 0.8230221468750001 0.44957014419695196 0.8296469796875 0.4493965685814771 0.839096346875 0.44593489214536924 0.8404867312500001 0.4260295134818288
1 0 0.5863470715123095 0.016304090625 0.5895362555685815 0.0620243859375 0.5862550691676436 0.0707104859375 0.603802528722157 0.1157230578125 0.6359760492379836 0.1250050640625 0.636219246189918 0.1277656109375 0.6329207889800703 0.13086458437499998 0.596637511137163 0.18186265937499999 0.5865997162954278 0.1844216546875 0.5749840867526378 0.1769249234375 0.5710295345838218 0.180313565625 0.5588730175849941 0.1943475015625 0.5596709003516999 0.198755490625 0.5722706846424385 0.20625222187499997 0.5762252379835874 0.2097904203125 0.6081814173505274 0.21489817812499998 0.612588203985932 0.24930332187499998 0.6133681559202814 0.26413699375 0.6048026119577959 0.3225916546875 0.617534875732708 0.3967796890625 0.6111677432590856 0.4040465734375 0.608640613130129 0.40381672812499997 0.6021589308323564 0.2982823796875 0.5902783423212192 0.293174621875 0.5858715545134818 0.29596346093750003 0.5807376084407971 0.328909246875 0.5802584771395076 0.3368759 0.5695383493552169 0.32261211875 0.5622587854630715 0.289666334375 0.5627379144196952 0.24558565312499997 0.5284767409144197 0.18964984375 0.5229443540445486 0.14864767031249998 0.5076759941383353 0.1110239078125 0.507889164126612 0.090152865625 0.5137592356389215 0.0777081671875 0.5218725463071513 0.0697714265625 0.5414152133645955 0.062304606250000005 0.5462831992966003 0.048570571875 0.5419740304806565 0.00325014375 0.5405735041031653 0 0.5426924325908559 0 0.5863470715123095
1 0.090696671875 0.4713693704572099 0.119537915625 0.4642477069167643 0.1241243890625 0.4514234044548652 0.136640046875 0.45398822157092616 0.14859750625 0.4852849050410316 0.1721121265625 0.4962536893317702 0.16903325 0.5020655580304806 0.18795230000000002 0.5246853599062133 0.2049580046875 0.5299681242672919 0.2068022484375 0.5300003305978898 0.21893205781249997 0.5259967069167644 0.21919621562499997 0.520321120750293 0.2066166109375 0.5144531559202814 0.1931424578125 0.4889956236811254 0.1705044546875 0.49035997889800703 0.16868753593750002 0.457480692848769 0.11373820781249999 0.4213272883939039 0.10064492656249999 0.4044906271981243 0.0986027234375 0.40443711957796014 0.0582215890625 0.41273246072684644 0.0318646328125 0.43808097772567406 0.01933078125 0.4331695861664713 0.0044900453125000005 0.4329104196951934 0.00479145625 0.4717818921453693 0.036751331250000005 0.46397511019929655 0.051760375000000004 0.48594006565064474 0.0839079390625 0.5023386822977726 0.0893710296875 0.5018475228604924 0.090696671875 0.4713693704572099
1 0.3496852203125 0.47401127198124265 0.352573459375 0.480301162954279 0.4142992625 0.48191842907385696 0.415847853125 0.48158110082063305 0.43424641875000003 0.4623205322391559 0.4668904140625 0.46812974091441967 0.47710468281249996 0.45445224150058616 0.4773180484375 0.44986798007034 0.46759952499999996 0.43764908440797184 0.431647871875 0.4398279003516999 0.41644597968749997 0.4223237116060961 0.40810864999999996 0.4452246060961313 0.38153450312500004 0.4468860058616647 0.36720914375 0.4587992919109027 0.3234929046875 0.4592600117233294 0.32021251875 0.4660757033997655 0.324778540625 0.4710924935521688 0.3496852203125 0.47401127198124265
1 0.39642300937499997 0.46176773622508793 0.415271003125 0.45306590621336457 0.4309155234375 0.4538285791324736 0.4584882796875 0.470401572098476 0.45947967500000003 0.47037559671746776 0.490399253125 0.45227005627198125 0.51857575625 0.4515318089097304 0.524739103125 0.43874954396248533 0.5248690515625001 0.4359575345838218 0.515626915625 0.42815765181711607 0.4874231296875 0.432414327080891 0.4775539375 0.4202311864009379 0.4694648015625 0.420019245017585 0.46004294687499997 0.4313728534583822 0.441194953125 0.4400746822977726 0.43877870625000004 0.44893227315357564 0.4325172609375 0.449096327080891 0.4278848359375 0.4410097033997656 0.39345598125 0.44073919695193436 0.37065275 0.45493848300117234 0.3706438078125 0.4560917456037515 0.37919494062500003 0.46339169753810083 0.39642300937499997 0.46176773622508793
1 0.3785326859375 0.40566528839390387 0.348250590625 0.40865589917936695 0.35108469531250003 0.41647446072684646 0.34740050624999996 0.4195204431418523 0.3473156375 0.42134388511137166 0.3610613546875 0.42539031887456036 0.3637469765625 0.4254606846424384 0.378248140625 0.41330654161781943 0.3785326859375 0.40566528839390387
1 0.5847419406250001 0.39244602579132476 0.584846615625 0.3901970105509965 0.580956796875 0.3900950949589684 0.5704213296875 0.3900950949589684 0.5640057640625 0.4000822415005862 0.5644433890625 0.40713199296600233 0.574795878125 0.41565044431418524 0.57708894375 0.4156504431418523 0.5837086859375 0.4146461043376319 0.584070565625 0.4068709120750293 0.581130803125 0.3989072837045721 0.5847419406250001 0.39244602579132476
1 0.48696778749999997 0.41049612895662363 0.49304307031250005 0.41125263423212194 0.5044109 0.41155048065650646 0.5107273078125 0.39831230715123095 0.49017146875 0.3917574349355217 0.48733724062499995 0.40255822508792494 0.48696778749999997 0.41049612895662363
1 0.37836725000000004 0.3887101383352872 0.3561982859375 0.3814621313012896 0.35051919374999996 0.3861052872215709 0.35047355625 0.38708585463071515 0.3524540640625 0.39940263540445486 0.35672318281250004 0.40650789449003516 0.369334584375 0.40683832356389216 0.37937909062499997 0.3958706893317702 0.37836725000000004 0.3887101383352872
1 0.28860078749999996 0.5453421055099648 0.31100346874999996 0.5487581266119578 0.3128336375 0.5487261664712778 0.3150989421875 0.5424796834701054 0.3153399546875 0.5373013974208675 0.31349258125 0.5320643516998828 0.310999290625 0.5319990246189917 0.2927852984375 0.536483082063306 0.28860078749999996 0.5453421055099648
1 0.280332503125 0.4575290550996483 0.279212396875 0.46679519929660024 0.31750575 0.472908896834701 0.331340578125 0.5043788429073858 0.387159553125 0.5058413446658852 0.3882460953125 0.48249637280187574 0.3830126375 0.46373988511137165 0.3678072078125 0.4536991957796014 0.3402517765625 0.4449699167643611 0.3358250171875 0.41652301524032825 0.32373441875000003 0.406741712778429 0.29892508906250004 0.40701557209847594 0.2892118625 0.4149811606096131 0.298420196875 0.4461661031652989 0.280332503125 0.4575290550996483
1 0.241905353125 0.42364107385697536 0.2561582078125 0.4189536483001172 0.29510818125 0.4224692168815944 0.29785466875 0.40910767760844075 0.2981054484375 0.4037195087924971 0.2880180484375 0.4037195087924971 0.2808909640625 0.39630969636576785 0.27117550156250003 0.39605514302461897 0.25219498125 0.40020393786635405 0.23583332656249997 0.4189536483001172 0.21840812187499997 0.4248129308323564 0.1981286859375 0.4236410750293083 0.187489065625 0.43594557092614306 0.188688953125 0.44532042555685813 0.19514048281250002 0.450300817116061 0.228401671875 0.450300817116061 0.2314020703125 0.43243000000000004 0.241905353125 0.42364107385697536
1 0.9734918718750001 0.44847478077373976 0.9878845671875001 0.43639528135990624 0.9844118281249999 0.42805201172332946 0.9929026296875 0.4130794572098476 0.9850954640625 0.40752111723329426 0.966885671875 0.4086466060961313 0.9632504671875 0.4226142813599062 0.9568103625 0.42675213716295424 0.95597948125 0.4446041148886284 0.9669487109375 0.4483033446658851 0.9734918718750001 0.44847478077373976
1 0.6943785484375 0.5437657796014068 0.6840157671875 0.5466043552168816 0.682293803125 0.5600629366940211 0.702674184375 0.5727604607268465 0.7232889828125 0.5733005861664713 0.724266996875 0.552287369284877 0.709352421875 0.5532694572098477 0.6943785484375 0.5437657796014068
1 0.7399949343750001 0.45276776905041033 0.7451265984375001 0.4693248874560375 0.70973740625 0.47954161313012894 0.679595328125 0.5043336377491208 0.6786953375 0.5236704419695193 0.6968929328125 0.5256870867526378 0.7101010265625 0.5260331488862837 0.7164159515625 0.5201867373974208 0.7269467984375 0.4893768944900352 0.8027774578125 0.4907771946072685 0.77715451875 0.47485623563892143 0.7993014015625 0.444937266119578 0.79271994375 0.4324478276670574 0.77767790625 0.428534570926143 0.733684015625 0.43383365650644784 0.7438502609375 0.43879221101992966 0.7399949343750001 0.45276776905041033
1 0.91847080625 0.42029572684642436 0.9050853906249999 0.4099244771395076 0.8625590687500001 0.40228787104337627 0.8620089828124999 0.40224934114888633 0.8586354734375 0.419820611957796 0.8579890375 0.4337096834701055 0.8987402812499999 0.4440707432590856 0.9142092203125 0.4633441922626026 0.91766661875 0.4634347796014068 0.91847080625 0.42029572684642436
1 0.5714982796875 0.5076897901524033 0.5860108046875 0.48362495545134815 0.5864428140625 0.4780597936694021 0.5631262046875001 0.4543314618991794 0.5333485203125 0.43491350879249707 0.49715503437499997 0.4139891371629543 0.5086269515625 0.4578336248534584 0.5222540687499999 0.49723082063305984 0.5714982796875 0.5076897901524033