0 0.31330308281249997 0.2490537655334115 0.29581676875 0.24284298124267292 0.0797642609375 0.23220892731535758 0.0358689984375 0.2362527526377491 0.02748121875 0.24218775146541618 0.0461925859375 0.29665731887456037 0.084089953125 0.30765579601406795 0.22694994375 0.31581117233294254 0.2394142546875 0.3200810996483001 0.23217073593749998 0.3442749366940211 0.2533073828125 0.3537203341148887 0.2733158828125 0.35087459437280183 0.28223174375000004 0.3424651699882767 0.3182829625 0.26497392262602576 0.31758622187499996 0.26071639155920284 0.31330308281249997 0.2490537655334115
0 0.6354199078125 0 0.6384043828125 0.018237076201641268 0.7428439078125 0.05389010316529894 0.75901195625 0.17132424853458383 0.8110219015625001 0.19782737280187573 0.826628515625 0.1938698651817116 0.7994339687500001 0.030817242672919107 0.7924021078125 0.018959995310668228 0.7683008796874999 0.00235710550996483 0.7585943390625001 0 0.6354199078125 0
0 0.5733111765625 0.39127880187573266 0.568102115625 0.45440771864009377 0.5682371328125 0.4552327702227433 0.5736874249999999 0.4669354841735053 0.58150270625 0.46659396014067994 0.5857482734375 0.4576092297772567 0.5860247203125 0.37153466002344665 0.5846576484375 0.3631809683470105 0.561072109375 0.34377880539273153 0.5560433859375 0.34424207385697536 0.55336305 0.3499143645955451 0.5649578453124999 0.3541005826494725 0.5589394203125 0.36726908089097304 0.571841021875 0.3807840058616647 0.5733111765625 0.39127880187573266
0 0.197819146875 0.42348383587338806 0.211377690625 0.4149492121922626 0.2788434390625 0.40875647479484173 0.1719845640625 0.40797055216881595 0.1345487703125 0.41141930246189923 0.1394738578125 0.4373105463071512 0.15425306875 0.44104478429073857 0.189392096875 0.4393262297772567 0.197819146875 0.42348383587338806
1 0.516928084375 0.4897296248534584 0.47490071875 0.49242023446658856 0.46947653593750005 0.48701424970691676 0.4669921265625 0.4919676717467761 0.4288457 0.48839506682297773 0.4176001109375 0.4923839026963658 0.43711346874999996 0.5331071770222744 0.4827788703125 0.5401210797186401 0.5062617421875 0.5574464935521688 0.597703953125 0.5189034419695193 0.6036872953125 0.4988634701055099 0.6164103812499999 0.48824226846424384 0.6128609203125001 0.46140311019929664 0.6316542562499999 0.4483492754982415 0.6241464140625 0.40247150410316535 0.6174048156249999 0.38893515123094957 0.6041530109375 0.37775402813599057 0.5821324140625 0.3774203892145369 0.5632944921874999 0.3714784314185229 0.5589734125 0.33880467291910904 0.535995209375 0.3260096717467761 0.5296525046875 0.3265939906213365 0.5072589203125 0.33352917584994135 0.49755657500000006 0.34918721101992967 0.5166069578125 0.3864097245017585 0.47596090156250004 0.4114146834701055 0.4902044 0.4478988933177022 0.49633445624999994 0.4408379120750293 0.5054042859375001 0.4441363388042204 0.5022216125 0.4497446565064478 0.5274982374999999 0.45095947362250877 0.5471077828124999 0.46273603048065653 0.5461742265625 0.4675465814771395 0.516928084375 0.4897296248534584
1 0 0.47680295545134815 0.014863173437499998 0.47407462133645956 0.035848848437500004 0.4445353188745604 0.0628676796875 0.4356456975381008 0.06799928281249999 0.4286263540445487 0.0679273828125 0.4281869906213364 0.006633673437499999 0.43383363774912076 0 0.4345626905041032 0 0.47680295545134815
1 0 0.5229449495896835 0.006002428125 0.5596236635404455 0.035582959375 0.5710269167643611 0.04275576875 0.5987134138335287 0.0610674859375 0.6083517725674092 0.0646539828125 0.6080213692848769 0.08840934375000001 0.5998283411488863 0.094959828125 0.5913206377491207 0.093814228125 0.5807546963657679 0.0687087078125 0.5575774689331771 0.09321683593749999 0.541584732708089 0.0888834359375 0.5064260984759672 0.0800666859375 0.4908261570926143 0.072691928125 0.4903483188745604 0.06642515156249999 0.4909256424384525 0.0465173984375 0.518000814771395 0 0.5181405463071512 0 0.5229449495896835
1 0.31032495781249997 0.6022202778429073 0.29853009375 0.5936247878077374 0.284495884375 0.5945269402110199 0.279141771875 0.5952111992966003 0.267649046875 0.6017314185228605 0.2661007140625 0.6098582450175849 0.266194634375 0.6104321594372801 0.27277632500000004 0.6171219026963658 0.284695265625 0.6132215041031653 0.302967559375 0.6144141582649473 0.3064165828125 0.6140964196951935 0.31032495781249997 0.6022202778429073
1 0.2017814046875 0.5704714654161782 0.198590309375 0.5518672520515827 0.193707765625 0.5500680246189918 0.1756796078125 0.551728856975381 0.1600027046875 0.5538734947245018 0.15882694375 0.5603802051582649 0.1600122390625 0.5676231313012895 0.1761996046875 0.5764848288393903 0.177076321875 0.5764040621336459 0.18029655625000002 0.5692454747948418 0.2017814046875 0.5704714654161782
1 0.17847486562499998 0.5904488651817116 0.1739390359375 0.5950225580304807 0.146614721875 0.5965640914419695 0.1444380046875 0.6048535756154748 0.150938471875 0.6134265064478311 0.1775482765625 0.6124966131301289 0.19551758749999998 0.6318155427901524 0.20545433906250002 0.6361616799531066 0.217704071875 0.6333869167643611 0.2120875671875 0.6189163692848769 0.1860891984375 0.6116114759671747 0.1828985984375 0.5900413317702228 0.17847486562499998 0.5904488651817116
1 0.8283421765625001 0.34224139155920286 0.7725687671875 0.34650207385697535 0.729873853125 0.3385564583821805 0.6929950390624999 0.3453060797186401 0.6734666171875 0.3547281465416178 0.662567871875 0.364900060961313 0.6579386953124999 0.38557083470105513 0.6513994484375 0.3916739824150059 0.637228503125 0.38980727784290736 0.5925376328125 0.3963016752637749 0.5816388859375 0.4064735885111372 0.581005059375 0.41838459554513485 0.58536799375 0.4344360879249707 0.5960881 0.44203893200468936 0.6132564171875 0.44236587573270814 0.6575831359375 0.43118047831184053 0.66894050625 0.44699257327080893 0.7123371921875 0.4680366236811254 0.7292389328125 0.4664795615474795 0.7296230765625 0.4658198851113716 0.726800909375 0.42946462954279013 0.7752140140625 0.41069221570926145 0.775847840625 0.3987812086752638 0.767853709375 0.39618048300117237 0.7692141203125 0.3835913493552169 0.7831119531249999 0.38193980304806563 0.7894725609375 0.39361141148886286 0.7974666921875 0.3962121371629543 0.8061015250000001 0.42714237162954277 0.8118248703125 0.4306047303634232 0.8457063125 0.42539486869871046 0.858875846875 0.41436132121922625 0.9182838875 0.41677013012895664 0.9871234093749999 0.3983707526377491 0.9854433953124999 0.38810478898007034 0.8900295984375 0.3940892133645955 0.884306253125 0.3906268546307151 0.8862128890625 0.3850742215709262 0.9184590921875 0.37887511488862835 0.9245431500000001 0.36690821570926146 0.9093725078125001 0.362201388042204 0.8771263046875 0.36840049355216886 0.8283421765625001 0.34224139155920286
1 1 0.5042307831184056 0.9952037359375 0.4981780386869871 0.972995309375 0.5011980035169988 0.9638280531250001 0.46891568464243844 0.9010868421874999 0.43733614067995313 0.8875452062500001 0.42472953927315354 0.8651333046874999 0.4267942227432591 0.8439506625 0.432969449003517 0.8234127296875 0.4599112977725674 0.8098481609375 0.45599627901524037 0.78333288125 0.45750377256740915 0.775994109375 0.4645961664712778 0.779512415625 0.48609528839390387 0.7889077609374999 0.4946765486518171 0.8003692125 0.4963680293083236 0.834069246875 0.48507962133645954 0.8539130140625 0.5056251781946073 0.8895552390624999 0.5194147596717468 0.8948784203125 0.5185263411488863 0.8893740031249999 0.4883788827667057 0.9164628328125 0.47922367878077377 0.9181533265624999 0.4662404736225088 0.9311745 0.46784327784290736 0.9500724046875 0.497815041031653 0.97591351875 0.5068898616647127 0.9741525624999999 0.5128477491207503 0.9980314859374999 0.5337496682297773 1 0.5341794150058616 1 0.5042307831184056
1 0.6552673234374999 0.544542449003517 0.6275572640625 0.5422552883939039 0.6212130796875 0.522822264947245 0.6032894078125 0.5140700246189918 0.5958441890625 0.48174592614302464 0.5882327703125 0.48065080773739743 0.5856404296875 0.4808896248534584 0.5804689890625 0.48454966354044543 0.5805229609375 0.5034634994138335 0.5684430078125 0.5082847033997655 0.5763886953124999 0.5464683798358734 0.5809081296875 0.5536778792497069 0.6091409765625 0.564299225087925 0.606600359375 0.5893990046893318 0.62979024375 0.5958222332942555 0.646836128125 0.5851562708089098 0.6383438499999999 0.5588549343493552 0.6556862703124999 0.5471024853458383 0.6552673234374999 0.544542449003517
1 0.5498821546875 0.5199730562719812 0.5280287703125001 0.5337518792497069 0.5499587953125 0.5407494290738569 0.5623645171875 0.553250366940211 0.5741087921875 0.5533724583821805 0.5746538484375 0.5580467924970691 0.564292084375 0.5630746107854631 0.5657512375 0.5890008909730363 0.5845135265625 0.6026505474794842 0.5881284828125 0.6023175216881594 0.596211975 0.5953868218053927 0.5931744218749999 0.5827498393903869 0.5807687015624999 0.5702489015240328 0.5809447140625 0.5583456260257913 0.598956153125 0.5371303692848769 0.5979959499999999 0.5312629144196952 0.5757666875 0.5139394443141853 0.5733139375 0.4929049366940211 0.5545701890625 0.4905054314185229 0.553057840625 0.49071915357561546 0.5428134515624999 0.49959086283704573 0.5498821546875 0.5199730562719812
1 0.638650196875 0.5764995568581477 0.6554724203125 0.5783964466588511 0.6571417671875001 0.5782426588511137 0.6679444515624999 0.5642903622508793 0.6666143921875001 0.5561628417350527 0.63799208125 0.5641410633059789 0.642741078125 0.5712950351699883 0.638650196875 0.5764995568581477
1 0.4626219921875 0.598662205158265 0.4540812515625 0.5957683516998827 0.4380743234375 0.5972429800703399 0.4298058046875 0.6032867913247362 0.432625746875 0.6119783845252051 0.4527250984375 0.6073880433763188 0.46462098906250004 0.6108773692848769 0.4626219921875 0.598662205158265
1 0.5129194499999999 0.5882356342321219 0.5104826515625 0.6025341371629543 0.5105716796875 0.6030781524032826 0.5322749140624999 0.6058904865181711 0.531874675 0.591702162954279 0.5309591671875 0.5870127420867527 0.5176635609375 0.5876930773739741 0.5129194499999999 0.5882356342321219
1 0.665995334375 0.5821202168815943 0.6600133593749999 0.5756158417350528 0.64761416875 0.5767581101992966 0.6404600296875 0.5887345486518171 0.6405496578125 0.5892822321219227 0.643144690625 0.5957858065650644 0.666738784375 0.6002250984759672 0.6713197765625 0.5948012145369285 0.665995334375 0.5821202168815943
1 0.6973990421875 0.42683054161781947 0.691121871875 0.42628900586166474 0.6819614125 0.4271329073856976 0.675340821875 0.4292777608440797 0.6830718250000001 0.4438653528722157 0.6949820796874999 0.44561789097303633 0.6979469109374999 0.43017837631887457 0.6973990421875 0.42683054161781947
1 0.6504188484375 0.5147930363423212 0.6122838765624999 0.5291856143024619 0.613095565625 0.5465746225087925 0.616597925 0.5679762989449004 0.619544153125 0.5734383587338804 0.6447957984375 0.5711120656506448 0.6800882109375 0.5615704314185229 0.6893296046875 0.5490856799531068 0.6935304062500001 0.5277262180539273 0.730048875 0.520679405627198 0.7397794234374999 0.5105118651817115 0.732782209375 0.49236831301289563 0.719627571875 0.48631537866354047 0.6807588671875 0.49723213950762013 0.6608621046875001 0.4854966096131301 0.651426765625 0.48581005627198126 0.6483034609375 0.4862092168815944 0.6504188484375 0.5147930363423212
1 0.7554320546875 0.5504444607268465 0.7161270609375 0.5508904372801876 0.719171834375 0.5694959742086753 0.728344575 0.5685695345838219 0.7395941078125 0.5765524712778429 0.74143226875 0.5763831313012896 0.7648598421874999 0.5684328921453693 0.7755643437499999 0.5484111172332943 0.7911050234375 0.5409225744431418 0.8115361796875 0.5400428347010551 0.81846421875 0.5269133200468933 0.8145246453125001 0.5178408991793669 0.806792215625 0.5136673106682298 0.7981668734375 0.5144619155920281 0.7737267328125 0.5169303493552169 0.7759989671875 0.5347536424384525 0.7681743265625001 0.544422345838218 0.7554320546875 0.5504444607268465
1 0.0306823796875 0.6430970128956623 0.0400985703125 0.6475601137162954 0.057587075 0.6448099331770223 0.055560393750000006 0.6308780082063307 0.0618646703125 0.6246666072684642 0.057979396875 0.6096697561547479 0.042929571875 0.6064793059788981 0.034646996875 0.6072423341148886 0.026648543749999996 0.6184476682297773 0.0271076078125 0.6212528382180539 0.0325288109375 0.6275050586166471 0.030401490625 0.641380593200469 0.0306823796875 0.6430970128956623
1 0.2830159546875 0.47222140679953106 0.298884809375 0.4797273165298945 0.308778075 0.4755502344665885 0.3088656140625 0.46715672919109025 0.3079357390625 0.46147459437280186 0.2868524953125 0.45172071277842907 0.274782078125 0.45283269284876904 0.266254996875 0.4538841969519344 0.2667476453125 0.4644690445486518 0.2675847953125 0.47463311957796017 0.267692265625 0.4752898288393904 0.2830159546875 0.47222140679953106
1 0.263130634375 0.5023326905041031 0.2602148390625 0.502601305978898 0.24699457812499997 0.5211928276670574 0.203366446875 0.5102515779601406 0.1894827515625 0.5168368933177022 0.19384674531249999 0.5435037198124267 0.20254499531249998 0.5605106178194608 0.2068953375 0.5521446483001172 0.22592370781249999 0.5524810961313013 0.2464480046875 0.5457442930832357 0.2671385359375 0.5699516963657678 0.3193618875 0.5939491078546307 0.331425225 0.5881660351699882 0.3296607796875 0.5672194994138335 0.328347575 0.5616316494724501 0.31875454062499997 0.557768267291911 0.2763826140625 0.5555319730363423 0.263130634375 0.5023326905041031
1 0.0911253921875 0.6372407831184056 0.153220821875 0.6296976858147714 0.1646684890625 0.6180008675263774 0.1665737703125 0.5980987409144197 0.1644138453125 0.5849001992966002 0.1436404375 0.5853900082063306 0.1258749578125 0.5870266424384525 0.118811278125 0.6192386459554513 0.09112104843749999 0.637194186400938 0.0911253921875 0.6372407831184056
1 0.5036933343750001 0.5328759320046893 0.523310434375 0.507767594372802 0.522548553125 0.5031120023446659 0.47175340312499997 0.5194607690504103 0.42107951093749996 0.5383305427901524 0.41158628750000004 0.5753887033997656 0.4119445171875 0.5775777174677609 0.437629628125 0.5819291676436108 0.45308833281250005 0.5805050433763188 0.48045448437499993 0.5594058815943729 0.5036933343750001 0.5328759320046893