0 0.7082323125000001 0.8069745814771395 0.798940571875 0.8429073856975381 0.8309637015625 0.8429073856975381 0.8390374171874999 0.8332220316529895 0.8765625 0.6654723575615474 0.8765625 0.6555008452520515 0.8759267 0.6441102872215709 0.86640625 0.6344040093786635 0.792305678125 0.6394305650644783 0.77397385 0.6657389953106683 0.7490476687500001 0.7703207209847597 0.7421527796875 0.778867508792497 0.710775509375 0.7695691324736225 0.6961590265625001 0.783704572098476 0.697957884375 0.7989995029308323 0.7082323125000001 0.8069745814771395
0 0.262773440625 0.9650343810082063 0.15764915468750001 0.9176150844079719 0.183669971875 0.7989024548651817 0.1425061078125 0.7702227432590856 0.14092590625 0.7702227432590856 0.1254556515625 0.773269141852286 0.1109375 0.8493847280187573 0.1109375 0.9648671699882767 0.11433594062500001 0.9682749648300117 0.20521173125 0.9975817901524033 0.2213250125 0.9972300164126612 0.2474318609375 0.9934432626025791 0.263232959375 0.9759214759671746 0.2636650125 0.97164349003517 0.262773440625 0.9650343810082063
0 0.4078224078125 0.5994038335287222 0.424831346875 0.5352983481828839 0.4217246671875 0.5240328253223916 0.413441628125 0.5240328253223916 0.4078075375 0.5327585240328253 0.39375 0.607721858147714 0.39375 0.6301775885111371 0.4131907015625 0.6490832415005862 0.41463043437499997 0.649001386869871 0.4199206140625 0.6408083130128958 0.40920136874999996 0.6367408194607268 0.41761406875 0.6234009871043376 0.40733133437499996 0.6099548300117233 0.4078224078125 0.5994038335287222
0 0.84827386875 0.600400145369285 0.7046875 0.5873388042203986 0.7050051265625 0.617246937866354 0.7165983484375 0.6213364595545134 0.7556608046875 0.6213364595545134 0.7653159171875 0.608332631887456 0.7802778453125 0.6009716881594374 0.84827386875 0.600400145369285
1 0.43858584375 0.5863664724501758 0.4878754484375 0.578677652989449 0.4787489015625 0.5735147022274326 0.48356645625 0.5669952508792497 0.4908937046875 0.569833998827667 0.4936868171875 0.5510152825322392 0.510293978125 0.5372981266119577 0.5166623765625 0.5383886072684643 0.544870809375 0.5620837913247362 0.5465050875 0.593757243845252 0.539047784375 0.5973765580304806 0.5455345828125 0.5996393716295428 0.5390011625 0.6278981406799532 0.5436356 0.636348101992966 0.5453283078125 0.6363259331770222 0.5989798140625 0.6253518100820632 0.6104491875 0.5917459214536929 0.6234375 0.5830643657678781 0.6234375 0.5585788464243845 0.58750675 0.5040051184056272 0.5610743046875 0.49789492966002347 0.5475087125 0.4875076389214537 0.5115712125 0.48797829073856974 0.4946087171875 0.47245017584994137 0.44417181406250006 0.47245017584994137 0.4151931203125 0.47867554630715126 0.39967486406249997 0.4876829062133646 0.3982074515625 0.5041364935521688 0.3894127921875 0.5177513329425557 0.3456627921875 0.5183243012895662 0.32628582968750003 0.5355993810082063 0.33622951562500003 0.5565990586166472 0.35664875937499996 0.5651357667057444 0.40714566718749995 0.5539094865181712 0.43858584375 0.5863664724501758
1 0.9421875 0.6249037033997655 0.9845405328125001 0.6299207186400938 0.986973996875 0.6298782215709261 0.9972835203124999 0.6188614478311841 0.9951132656249999 0.5942970293083235 0.9599031921875 0.5761672883939039 0.9529090453125001 0.5552017268464243 0.9427524125 0.5498241500586166 0.9421875 0.5498241500586166 0.9421875 0.6249037033997655
1 1 0.45834232942555686 0.9492278421875 0.45679011723329427 0.925062990625 0.47952024267291915 0.887562990625 0.4783737889800703 0.871875 0.48940794138335286 0.871875 0.49346166002344666 0.8779327640625001 0.5115225486518171 0.8878889921875001 0.518280878077374 0.901915125 0.5198831313012896 0.9367265359375001 0.5068660515826495 0.9525380328124999 0.5275498241500586 0.9978621765625 0.5275498241500586 0.9985996359374999 0.503777324736225 0.9924680421875 0.4997693505275498 0.9996569875000001 0.46969292145369285 1 0.4586356998827667 1 0.45834232942555686
1 0.7250811421875001 0.43259085580304807 0.7381393203125 0.42553308440797183 0.7410129484375 0.41147190973036346 0.7349104140625 0.401476388042204 0.724191434375 0.399083978898007 0.713652771875 0.4031428112543962 0.7159036875 0.4125351148886284 0.7125 0.420281225087925 0.7125 0.4294466471277843 0.72253756875 0.43259085580304807 0.7250811421875001 0.43259085580304807
1 0.820060459375 0.451348182883939 0.816385778125 0.4515248651817116 0.8121929234374999 0.45581584642438455 0.8109375 0.46526140914419695 0.8109375 0.4808318347010551 0.8216171718749999 0.48252792028135993 0.827085921875 0.4822649777256741 0.843940890625 0.4694785181711606 0.8348115515625001 0.4664122778429074 0.8409668187499999 0.451348182883939 0.820060459375 0.451348182883939
1 0.835735215625 0.41715898007033997 0.8630254624999999 0.40404203282532236 0.8697121093750001 0.3966801254396249 0.8679754828125 0.3903868698710434 0.8526097328125 0.3903868698710434 0.8474561203125001 0.39142096834701057 0.8353542265625 0.41075213833528723 0.803125 0.4130029824150058 0.803125 0.4139626647127785 0.8122249406250001 0.4195609753810082 0.8117326359374999 0.44003581359906213 0.8184776046875 0.44114257796014067 0.825090328125 0.44079563774912073 0.8344980468750001 0.4370886400937866 0.835735215625 0.41715898007033997
1 0 0.5970751090269637 0.0023198921875 0.5992463575615475 0.0193800578125 0.6020413505275499 0.06501089374999999 0.5973669097303634 0.07424397187500001 0.6146318393903869 0.12109979687500001 0.6459554513481829 0.1290896171875 0.6459554513481829 0.1322182984375 0.6419788370457209 0.134191975 0.6056365158264947 0.1848923125 0.5940508944900351 0.18709148125 0.5823685041031653 0.17946998281249998 0.5786468112543962 0.1824822359375 0.5663987233294255 0.1965447359375 0.5667671723329426 0.20134498281250002 0.5792199542790152 0.20896648125 0.5829416471277843 0.2134974734375 0.6147583915592029 0.2187433890625 0.6190048417350528 0.2531820546875 0.6187331617819462 0.267753890625 0.6097229472450175 0.32661955468750004 0.6206572848769051 0.4006300578125 0.6120304103165299 0.407820475 0.6092838018757326 0.40738939375000005 0.6028155017584995 0.3014577296875 0.59417 0.29621181406249997 0.5899235498241501 0.29884206562500004 0.5847094595545135 0.3317818984375 0.5832245076201641 0.3394179859375 0.5722715697538101 0.3249244046875 0.5654348194607268 0.2919845703125 0.5669197713950762 0.2468285796875 0.5340386189917937 0.1907059125 0.5302201570926143 0.14921875 0.5162191477139507 0.111591415625 0.517581283704572 0.0908969140625 0.5240830773739742 0.0787006609375 0.5325685334114889 0.071368321875 0.5523344384525205 0.06405057187499999 0.557425712778429 0.050179071875 0.5535402649472451 0.0048029046875 0.5535253728018757 0 0.5568669601406799 0 0.5970751090269637
1 0.07504040468749999 0.4547861313012896 0.11706080781249999 0.4483477373974209 0.132351615625 0.43156224970691676 0.140000340625 0.43435108558030483 0.1706704859375 0.42197093786635403 0.1786434390625 0.40888886283704573 0.1704927890625 0.39341886283704575 0.170078125 0.3933952883939038 0.15759063281250002 0.40710343610785465 0.1233008421875 0.4151583329425557 0.124457228125 0.4322904114888628 0.080625340625 0.4309753903868699 0.030884290624999998 0.46934202110199297 0.0140625 0.47559229660023444 0.0140625 0.4985601055099648 0.017821046875 0.5103824196951934 0.0508039640625 0.5322664290738569 0.0438988671875 0.541289756154748 0.0425067859375 0.5612194161781946 0.0525261828125 0.5697538100820633 0.0835657671875 0.5697538100820633 0.0923430109375 0.5664067725674091 0.096041221875 0.5583781101992966 0.0854246265625 0.5307037796014068 0.1151088046875 0.5212100480656506 0.137881240625 0.49837648182883937 0.1373865953125 0.49422890035169986 0.0968434828125 0.49074688042203984 0.08820214531250001 0.4684813001172333 0.07126030625 0.4639871266119578 0.07504040468749999 0.4547861313012896
1 0.37940850937500004 0.4276942590855803 0.359207709375 0.44797475849941387 0.326777846875 0.44402803399765534 0.3171875 0.4559347878077374 0.3171875 0.46616395427901525 0.32346165625 0.4745086905041032 0.3599093390625 0.47029001055099645 0.3714719125 0.48417350527549824 0.3749623328125 0.48417350527549824 0.3841121140625 0.46356296014067994 0.4110572515625 0.460393835873388 0.4265227546875 0.4476823411488863 0.47065539218749997 0.4447383106682298 0.4745456671875 0.4377452391559203 0.47036835000000005 0.4329945181711606 0.4454958953125 0.43149477491207505 0.44182876093749995 0.4220547221570926 0.3898836234375 0.4248964372801876 0.37940850937500004 0.4276942590855803
1 0.4084036703125 0.46032707033997655 0.421706659375 0.47596717467760846 0.42579839374999995 0.47596717467760846 0.435883928125 0.4631607584994138 0.45399689062500004 0.4556916998827667 0.45565810156250003 0.44699136225087926 0.46190810156250006 0.44723711957796014 0.4672326375 0.45562776787807735 0.50169864375 0.4581517667057444 0.521875 0.44628148886283703 0.521875 0.4431476189917936 0.51403204375 0.4364303950762016 0.4969355484375 0.43692689566236814 0.47882258593750004 0.4443959531066823 0.4631065796875 0.4426092274325909 0.43361650156250003 0.4239183247362251 0.4037315796875 0.44027453106682296 0.3756065796875 0.4391686225087925 0.3697128953125 0.45354630715123095 0.3805516859375 0.4627381606096131 0.4084036703125 0.46032707033997655
1 0.37358225312500004 0.42371935287221574 0.36997151875 0.4161844677608441 0.37484087499999996 0.4113928007033998 0.3584227921875 0.4079718640093787 0.356740621875 0.4079718640093787 0.34375 0.4209320797186401 0.34375 0.4290501699882767 0.37358225312500004 0.42371935287221574
1 0.553125 0.39317645134818285 0.553125 0.40514807502930833 0.5631738640624999 0.4085642309495897 0.5761145703125 0.40771477491207503 0.586899609375 0.4002933751465416 0.5853257828125 0.39273153575615477 0.5805436984375001 0.39273153575615477 0.5645708453125 0.396505082063306 0.553125 0.39317645134818285
1 0.5061545484375001 0.39673359437280187 0.50622803125 0.39199541500586166 0.4882767046875 0.39173588511137164 0.4828125 0.40604590386869865 0.4828125 0.40670000234466586 0.5024252921875 0.4106775416178195 0.5036459953125 0.4106188487690504 0.5061545484375001 0.39673359437280187
1 0.35901855 0.3873185873388042 0.34950685 0.3879579155920282 0.3421875 0.40143720398593197 0.3421875 0.4057211090269637 0.3437568546875 0.406799531066823 0.36720034687499997 0.406799531066823 0.3743237828125 0.40443788511137163 0.375 0.3986387209847597 0.375 0.3956468429073857 0.35901855 0.3873185873388042
1 0.2906818140625 0.5444021101992966 0.290715903125 0.5487983587338804 0.2929439640625 0.5545134818288394 0.2948537484375 0.5545134818288394 0.3133835171875 0.5500659753810082 0.3171875 0.5413177713950762 0.3171875 0.5412339050410316 0.292971021875 0.5373476506447832 0.2906818140625 0.5444021101992966
1 0.271875 0.46152570691676437 0.271875 0.4730203200468933 0.3049917015625 0.47586176201641267 0.31512556406250003 0.5064515498241501 0.33816674375 0.5087924970691676 0.37259693125000004 0.5087924970691676 0.3799238125 0.5076038311840563 0.3725355171875 0.46178735756154743 0.35837430625 0.45286526729191096 0.33153108593749997 0.4461787127784291 0.3305902125 0.41801543962485344 0.31955400156249997 0.40912063305978896 0.294371990625 0.41124703751465413 0.2835332015625 0.41995086518171165 0.2889795640625 0.45049972919109027 0.271875 0.46152570691676437
1 0.23575297812499998 0.4302101207502931 0.250215996875 0.42509086869871043 0.2889781078125 0.42741364478311844 0.29252341249999997 0.41327399648300117 0.29292393125 0.40858466471277843 0.28276768125 0.40889516178194607 0.27636934062499996 0.40211019929660025 0.2648380828125 0.40211019929660025 0.24713057031250002 0.4064768475967175 0.229903496875 0.42571186400937866 0.21221535 0.43209898710433764 0.192002978125 0.43154764947245017 0.184375 0.4401369062133646 0.184375 0.45566571160609615 0.18777190625 0.4582779355216881 0.22101283437500002 0.45726169050410315 0.2248457578125 0.43931311488862834 0.23575297812499998 0.4302101207502931
1 0.9840678625000001 0.41593024032825326 0.9890625 0.40173283939038684 0.9890625 0.4006629636576788 0.9804505562499999 0.39535300468933177 0.96259096875 0.39664070926143025 0.9619017640624999 0.4106677655334115 0.9544531359375 0.4163247362250879 0.9553992062500001 0.43156506447831183 0.9700895953125 0.4361078546307151 0.9778577015625001 0.4361078546307151 0.9890625 0.42446949824150054 0.9890625 0.423935184056272 0.9840678625000001 0.41593024032825326
1 0.7265625 0.5494227174677608 0.711208771875 0.549700162954279 0.6963118140625 0.5394331582649472 0.68592805 0.54178656975381 0.684375 0.5532040468933177 0.684375 0.5554100949589683 0.7020892265625001 0.567409144196952 0.7259203765625 0.567409144196952 0.726473603125 0.5602824595545135 0.7265625 0.5581414220398593 0.7265625 0.5494227174677608
1 0.694503934375 0.42334024853458385 0.6807310125 0.42791893786635404 0.678125 0.43863537280187576 0.678125 0.4562702883939039 0.6833043546875001 0.4592726811254396 0.7243281921875 0.4655482508792497 0.7200567578125 0.5193434935521688 0.723261653125 0.5193434935521688 0.74208949375 0.502411101992966 0.7815126265625 0.5174381793669403 0.798519809375 0.5118511125439624 0.8042999156249999 0.5003737151230949 0.798710834375 0.4676836834701055 0.7916960093750001 0.47556210316529895 0.7730552703125 0.473406041031653 0.7506339671875 0.4781200199296601 0.7381393203125 0.45213607502930836 0.694503934375 0.42334024853458385
1 0.847338709375 0.447831184056272 0.904823784375 0.44568137162954274 0.9185122921875 0.43500924970691673 0.92788809375 0.40379419226260255 0.9280513078125001 0.4022940140679953 0.8868439921875 0.399837817116061 0.8728567406250001 0.43244527549824147 0.846875 0.4454614958968347 0.846875 0.447831184056272 0.847338709375 0.447831184056272
1 0.6015625 0.4288927315357562 0.5441175781250001 0.43805081828839393 0.4912429859375 0.44896091559202816 0.4796875 0.477885613130129 0.4796875 0.4871623247362251 0.506304153125 0.4958968347010551 0.5173257375 0.4958968347010551 0.547846946875 0.47887605392731536 0.5743094703125 0.4561978124267292 0.6015625 0.42996414185228604 0.6015625 0.4288927315357562