0 0.4132533328125 0.2488898264947245 0.397803871875 0.1544836283704572 0.386354353125 0.14344152754982414 0.38116170625 0.14382811137162954 0.3765368375 0.1447622696365768 0.3701528625 0.15408520515826493 0.328416125 0.2615948229777257 0.3289910640625 0.28101687221570926 0.3359499765625 0.29111598475967176 0.406600315625 0.36253589917936696 0.419661090625 0.3638930339976553 0.42351754062499997 0.36353776084407974 0.429355775 0.35258397538100816 0.42871015625000003 0.34334101758499413 0.427601640625 0.33656726846424384 0.40626795312499997 0.31301374794841735 0.4018457890625 0.2944679636576788 0.4132533328125 0.2488898264947245
0 0.6630493703125 0.2708980996483001 0.6560665546875 0.3270548241500586 0.660057315625 0.35267219109026965 0.6869710109375 0.3992099671746776 0.6964166625 0.3942058124267292 0.714637109375 0.33015492145369285 0.710476428125 0.30473047362250877 0.6951548265625 0.275027225087925 0.6574439609375 0.21471992028135992 0.6473338984375 0.21181260961313012 0.6432344234375 0.21219027080890973 0.6408291015625001 0.229243060961313 0.6630493703125 0.2708980996483001
0 0.118247609375 0.3799700633059789 0.11437110156250001 0.3906889144196952 0.13278152031249998 0.395337245017585 0.15709774062499998 0.38508005158264946 0.1743158484375 0.38447835756154747 0.22224229375000001 0.3891669449003517 0.275483009375 0.38426217584994143 0.24282413281249998 0.3773805767878078 0.2276441375 0.3637998710433763 0.17966515 0.3581269472450176 0.164072528125 0.358671837045721 0.1503990640625 0.35944364595545136 0.118247609375 0.3799700633059789
0 0 0.23751127315357562 0.0421325578125 0.23209956623681124 0.043244003125 0.21101583939038687 0.0421280703125 0.2045099015240328 0.035622196875 0.1895499859320047 0 0.17377069167643613 0 0.23751127315357562
0 0.8996472734375001 0.33975267995310665 0.929060140625 0.3370480597889801 0.9748435499999999 0.32333286987104337 0.9726399875 0.3098676834701055 0.9660330406250001 0.3088342942555686 0.85990624375 0.31861116295427905 0.838232528125 0.3229588300117233 0.7747422015625001 0.3420379038686987 0.7702348578125 0.350347182883939 0.7913773140625 0.3505166283704572 0.8554126953125 0.3361118898007034 0.8996472734375001 0.33975267995310665
0 0.362282096875 0.3817286201641266 0.3652286421875 0.3880773141852286 0.38858203125 0.38598365650644784 0.39382025781249996 0.3916545533411489 0.42823699218750005 0.39617481946072686 0.5040530875 0.38919030597889803 0.5325947125 0.3814962801875733 0.5378465859375 0.37534234114888626 0.5374280421875001 0.3727847690504103 0.5035506171875 0.3741168686987104 0.45638701406250004 0.3891943528722157 0.362282096875 0.3817286201641266
0 0.6675464812499999 0.4021281606096131 0.6666286484375 0.3970124314185229 0.6545648203125001 0.39565141500586165 0.6487419640625001 0.380764327080891 0.6552447109374999 0.3379536424384525 0.650924103125 0.33195783352872216 0.6429041234375 0.3326966694021102 0.634002896875 0.37612469636576784 0.6348464 0.3812790445486518 0.657177759375 0.4189990715123095 0.6629034859375 0.44212869871043375 0.6684550984375 0.4423281148886284 0.6675464812499999 0.4021281606096131
0 0.2903266890625 0.47892655920281363 0.2905621109375 0.48036513599062136 0.30553739687500003 0.5033647080890973 0.31134178125 0.5042400117233294 0.31184451874999997 0.4903522825322391 0.305878090625 0.47929723798358737 0.3012329234375 0.48303969050410317 0.297337709375 0.4770572848769051 0.305008678125 0.4758339214536928 0.3019060078125 0.457118225087925 0.31451194843749997 0.4533068487690504 0.31642112031249997 0.44819974677608443 0.3403460234375 0.4449845392731536 0.337939509375 0.3940831313012896 0.337595740625 0.39271372098475965 0.3201818328125 0.3943179671746776 0.29603305625 0.41783283939038685 0.285873309375 0.4218544267291911 0.281899384375 0.4274302778429074 0.28823153125 0.4661237842907386 0.295888690625 0.4712850902696366 0.2903266890625 0.47892655920281363
1 0.381834471875 0.3201924958968347 0.4003684015625 0.3155562813599062 0.4150637125 0.3174324982415006 0.42046873281249997 0.3108721793669402 0.41184823593750003 0.2989269449003517 0.381561015625 0.2917137022274326 0.35463349375000003 0.29470741266119577 0.35861269375 0.31902289917936694 0.36270280625 0.32252150293083237 0.37333269062499996 0.3239406377491208 0.374311971875 0.34600277725674095 0.3868177390625 0.3729448628370457 0.42023775468749996 0.3800623305978898 0.4355761578125 0.38723074443141847 0.4743822640625 0.383655754982415 0.49460028281249996 0.3684869835873388 0.49075104375 0.3505821781946073 0.4842226171875 0.3467121711606096 0.44103329062499996 0.3445443364595545 0.4203606390625 0.31959604220398596 0.381834471875 0.3201924958968347
1 0.35681444375 0.4427086670574443 0.360149196875 0.46308616764361077 0.36715752031250004 0.49026684994138336 0.37474516874999997 0.4926443950762016 0.3913822171875 0.4890518475967175 0.4078772546875 0.4925317116060961 0.43940899218749996 0.46899870339976557 0.4866806578125 0.4607715111371629 0.49276149374999995 0.44796058147713946 0.490641578125 0.43752564478311845 0.4782945359375 0.4272636143024619 0.44780192812499997 0.4248258452520516 0.439696415625 0.41601350058616643 0.42258827656250003 0.4172871735052755 0.3754019734375 0.4081290351699883 0.36022761875 0.40952696365767877 0.3614142828125 0.4153681242672919 0.3812086703125 0.41565992497069165 0.39200042812499997 0.42603774325908556 0.3785207203125 0.4335146400937866 0.358302009375 0.4350198898007034 0.35681444375 0.4427086670574443
1 0.07669166250000001 0.43805172332942555 0.061551021875 0.4330586201641266 0.05867815 0.4332851723329425 0.0350073578125 0.4383926776084408 0.0295093875 0.4476649261430246 0.03836023125 0.47171527432590854 0.0165227140625 0.47756207854630717 0.014021795312499998 0.4835725287221571 0.014135456250000001 0.4842670726846424 0.0744675265625 0.4847775216881594 0.0844359953125 0.5199354021101993 0.11524701875000001 0.526586613130129 0.13161896875 0.5250783563892145 0.13556576874999998 0.5241527983587339 0.1331724484375 0.5101996389214537 0.1155535 0.4809482778429074 0.0809213453125 0.4718944220398593 0.0835894421875 0.4598991055099649 0.07669166250000001 0.43805172332942555
1 0.10603594062499999 0.3072356635404455 0.0944224828125 0.2908006963657679 0.0487091703125 0.2906547268464244 0.01834401875 0.2830320586166471 0.0173427390625 0.2830802004689332 0.016386042187499998 0.29600825205158265 0.019311706249999998 0.3138859484173505 0.027419125 0.3168754126611958 0.041703759374999996 0.4228365322391559 0.047837040625 0.4324000762016413 0.049127325 0.43228120867526376 0.0550331796875 0.4268834630715123 0.047323025000000005 0.4014711559202814 0.0549149421875 0.3471961817116061 0.063087146875 0.33566967878077375 0.1024468921875 0.3267454923798359 0.10603594062499999 0.3072356635404455
1 0.643560371875 0.31900791207502927 0.6427010296875 0.31903418522860494 0.63335635 0.32432300703399763 0.640643153125 0.3429355674091442 0.695491921875 0.37982207620164127 0.7015537000000001 0.37926363774912075 0.7087399375000001 0.3614565076201641 0.7054434421875 0.3413127901524033 0.6945881203125001 0.33952054279015237 0.69263876875 0.33251688980070343 0.6482052109375 0.3232804419695193 0.643560371875 0.31900791207502927
1 0.6012490968749999 0.4362293798358734 0.58359594375 0.4465360363423212 0.573523553125 0.4689993552168816 0.5606335671875 0.4799452403282532 0.5762682515625001 0.48703694021101995 0.6291905671875 0.48453641617819465 0.6465151 0.48758696600234464 0.6479531015625 0.48742250996483005 0.6575880093750001 0.47951281242672916 0.6527161859375 0.46349444431418524 0.66332963125 0.45913412426729194 0.66018525 0.439919917936694 0.6365368328125001 0.42982579015240324 0.64095545625 0.3985373282532239 0.6296005609375 0.39179796365767877 0.6117058 0.39344650762016414 0.5929235359375 0.4028464982415006 0.6012490968749999 0.4362293798358734
1 0.5124960484375001 0.4634420879249707 0.530023015625 0.46061648065650646 0.5297599843749999 0.4596318241500586 0.515017090625 0.447237101992966 0.5134702718749999 0.44737960140679955 0.4881521359375 0.46608024032825324 0.4904477375 0.48010785580304804 0.4913903421875 0.482626307151231 0.52112835625 0.48980612075029306 0.5072158484375 0.4704556987104338 0.5124960484375001 0.4634420879249707
1 0.28482653125 0.5463227198124267 0.30468710468750004 0.5401735556858147 0.3008018328125 0.5251767033997655 0.3116965984375 0.5181573950762016 0.300312703125 0.511020633059789 0.29457992499999996 0.4950265885111372 0.2822451265625 0.49035344548651816 0.27531296250000004 0.4905801676436108 0.2734703734375 0.4907499144196952 0.268010409375 0.4964730750293083 0.26808804531249997 0.49694748065650646 0.276077934375 0.5217548499413833 0.27441652968749997 0.5356186131301289 0.275004134375 0.5392092532239156 0.28482653125 0.5463227198124267
1 0.3637315921875 0.5226997186400938 0.3764585015625 0.5290500246189918 0.3962316359375 0.5245981430246189 0.4008723015625 0.5187833493552169 0.397083896875 0.5037981899179367 0.4128239609375 0.49637538686987104 0.41272255468749997 0.4957557303634232 0.398968484375 0.48466453106682295 0.39380492500000003 0.4710078112543962 0.38798832656250004 0.47075092145369285 0.367316571875 0.47265529425556857 0.3590851578125 0.5125387702227432 0.3637315921875 0.5226997186400938
1 0.10031960468750001 0.5562142391559203 0.111965784375 0.5529962801875733 0.11083256718750001 0.5460715978898008 0.1074444453125 0.5349029284876905 0.09743264375 0.5341334361078546 0.0866728109375 0.5351246799531066 0.0830033890625 0.5395503200468933 0.08507674062500001 0.5522198382180539 0.10031960468750001 0.5562142391559203
1 0.029356162499999998 0.47385350175849944 0.010404334375000001 0.4771611512309496 0.0011918671875 0.4925059554513482 0.010974310937499999 0.49893905392731536 0.018589503125 0.5208440961313013 0.063233503125 0.5220407901524032 0.0741618359375 0.5469074783118406 0.0750291984375 0.5468275732708089 0.074856778125 0.5378672016412661 0.0704808484375 0.5111274466588511 0.045603896875 0.5025619249706916 0.0473337234375 0.48004345603751464 0.03265088125 0.4736372286049238 0.029356162499999998 0.47385350175849944
1 0.1287428 0.5288651418522861 0.14500282656250002 0.5438742344665884 0.15054726093749998 0.5436649484173505 0.1468206640625 0.5220333364595545 0.17444985625 0.5150071969519343 0.17868987812499998 0.510193532239156 0.1776300421875 0.5064524736225088 0.1740601984375 0.4999080187573271 0.1318213734375 0.503799245017585 0.12934920156250002 0.5083995767878077 0.0969679296875 0.5071288604923798 0.09116320781250001 0.5124553833528722 0.0936726171875 0.5277894970691677 0.1029307609375 0.5338282813599062 0.1287428 0.5288651418522861
1 0.275566671875 0.4175920679953107 0.27191161875000003 0.3952573364595545 0.271444721875 0.39526443376318876 0.25725709375 0.39657146072684646 0.2561279421875 0.41158733645955453 0.2699659875 0.43129803985932 0.275655390625 0.42354961547479486 0.275566671875 0.4175920679953107
1 0.275421746875 0.401394305978898 0.2825675328125 0.41757468464243847 0.3099547984375 0.4212451395076202 0.3408996328125 0.41839436459554513 0.3551767640625 0.4134622086752638 0.354606525 0.40997767878077374 0.3424892140625 0.3813818147713951 0.29716058749999996 0.38336265650644785 0.278101078125 0.39303089683470105 0.275421746875 0.401394305978898
1 0.27769385468749996 0.48052331418522864 0.27501466093750004 0.4999434994138335 0.2914910796875 0.5078117456037514 0.3117254859375 0.5062344853458383 0.3214683421875 0.47393943493552165 0.3568711453125 0.46229432942555687 0.3546780015625 0.4488927971864009 0.3529853671875 0.43985648300117236 0.3511547234375 0.4328044009378664 0.3244943515625 0.43526047245017585 0.31339518437499997 0.44348623094958967 0.3023560421875 0.4646455029308324 0.27769385468749996 0.48052331418522864