0 0.5426286828125 0.8702289449003517 0.5550519406250001 0.8743698135990621 0.5586440546875 0.8748774407971863 0.5673974281249999 0.8653808347010551 0.5705754875 0.8503258475967175 0.5559705890625 0.8220242110199296 0.556807715625 0.8030605392731536 0.597292659375 0.7312612508792498 0.604208078125 0.7060008089097304 0.5954370078125 0.6725604771395076 0.5832621859375 0.6526180093786635 0.580089040625 0.6522834114888628 0.5736185328125 0.6521841113716296 0.5648677921874999 0.6598921547479484 0.4989498515625 0.74988956975381 0.4928246953125 0.7825894056271981 0.493958021875 0.7858304267291911 0.5426286828125 0.8702289449003517
0 0.2706103109375 0.7474897667057445 0.2792471296875 0.7013811301289566 0.2765009390625 0.690282304806565 0.2858305203125 0.6662349648300117 0.2973727671875 0.6046153763188745 0.2849136015625 0.5607815404454866 0.2830547984375 0.5605855357561548 0.2743801734375 0.5627657186400937 0.24003484375 0.6223885580304807 0.2381296109375 0.6428311137162954 0.2464639359375 0.6786328393903869 0.268187171875 0.7460927385697538 0.2706103109375 0.7474897667057445
0 0.7538648718750001 0.7019491195779601 0.7846172265625 0.6384826154747949 0.7841236406250001 0.6237357444314185 0.7785457890624999 0.6238841981242673 0.7595909109375001 0.6506286951934349 0.7384888421875 0.6595543294255568 0.725995153125 0.6833867784290738 0.7191562593749999 0.7198969824150059 0.735675071875 0.7422852602579132 0.7397663984375 0.7437036905041031 0.750462228125 0.7448315310668231 0.7589737265625 0.734121165298945 0.750878475 0.7146566096131302 0.7538648718750001 0.7019491195779601
0 0.9260911281249999 0.9208036389214537 0.93889743125 0.8524357479484174 0.90960731875 0.8444826635404454 0.9058547125 0.8440869636576788 0.882948925 0.8442023915592028 0.8469656593750001 0.8684236107854632 0.8446068828125 0.8835649894490035 0.8740581546874999 0.9012737409144197 0.9221867906250001 0.920391939038687 0.9260911281249999 0.9208036389214537
0 0.074185190625 0.6657144525205158 0.08306155468750001 0.6672112497069168 0.08982271093750001 0.6681233235638921 0.10637991718749999 0.5797308089097304 0.1059277390625 0.5672733552168816 0.0959902984375 0.515633875732708 0.0895646671875 0.5117701184056273 0.08585820625 0.5113792837045721 0.081312878125 0.5250549964830011 0.08513214687500001 0.5756627842907386 0.07034350624999999 0.6064781875732708 0.0687127765625 0.6175045275498241 0.0676329578125 0.6314147831184056 0.074185190625 0.6657144525205158
0 0.5664031296875 0.6271495169988276 0.5168265453124999 0.6132667596717467 0.47553920468750005 0.6120552954279015 0.42818053437500003 0.6179227854630714 0.42018949531249994 0.6247678264947245 0.4582183578125 0.6287778487690504 0.50446076875 0.6208933903868699 0.59504415625 0.6412101664712778 0.5952794171875 0.6399541992966002 0.593876346875 0.6346579226260258 0.5705477515624999 0.633485161781946 0.5664031296875 0.6271495169988276
0 0.30630365 0.5635106729191091 0.305703253125 0.5686596096131301 0.317099721875 0.5718227069167644 0.318434184375 0.587284633059789 0.2995423546875 0.6282213177022274 0.3015649859375 0.6335686236811254 0.3104515375 0.6345056822977726 0.32564796406249996 0.6052891254396249 0.33014095625 0.5813027819460727 0.3213807 0.548562593200469 0.32255443281249996 0.5250437233294256 0.31718494218750004 0.5240061641266119 0.30630365 0.5635106729191091
0 0.6200170796875 0.6340791817116062 0.6268837375 0.621879712778429 0.62669958125 0.6099390691676435 0.6205868203125 0.6121094407971864 0.6198696546875 0.6054606072684643 0.6275681546875 0.6064790961313014 0.6337402437499999 0.5882295978898007 0.6472619796875 0.588231041031653 0.6514994781250001 0.5840251359906213 0.675220065625 0.5877591113716295 0.6993160875 0.5361320574443142 0.688492146875 0.5317210140679953 0.647288559375 0.5501024642438452 0.6359316109375001 0.5509832309495897 0.6274105750000001 0.556409876905041 0.6262337875 0.5589364032825322 0.6191984109375 0.5964955545134818 0.621317275 0.5996939835873388 0.6182386203125 0.601619507620164 0.61393244375 0.6246085123094959 0.61475029375 0.6321907737397421 0.618053403125 0.6338193927315356 0.6200170796875 0.6340791817116062
1 0.4857809890625 0.6683960105509965 0.477952971875 0.6620916787807737 0.4612506609375 0.6641846389214536 0.447837984375 0.6838868089097304 0.44827686250000004 0.7118225451348182 0.47155574062500005 0.7135066928487691 0.485464371875 0.7086963282532239 0.48872276562500006 0.7013861957796014 0.5175890078125 0.7085051465416178 0.5543403421875001 0.7088845005861665 0.5680438015625 0.686845284876905 0.5822233921875 0.6759610234466588 0.5860387499999999 0.655592307151231 0.5628301296875 0.6280662309495897 0.560586246875 0.6277336752637749 0.5376509890625 0.6253152250879249 0.5330915375 0.6279584173505276 0.5245392671875 0.6589380070339976 0.48930162812500005 0.6652707971864009 0.48496841875 0.6938045228604923 0.48138800000000004 0.6785323622508792 0.4857809890625 0.6683960105509965
1 0.52741675625 0.5805533516998828 0.5325365625 0.5908398593200469 0.549417475 0.5933783657678781 0.5940237703125 0.6134688651817116 0.594755521875 0.6135789050410316 0.607127615625 0.6148835029308324 0.6078003078124999 0.6087004841735052 0.5888084609375001 0.6040601781946072 0.58157771875 0.5916718722157093 0.5968570484375 0.5874268710433763 0.6168072171875 0.5904269249706917 0.6173807203125 0.5893523798358734 0.6241490890625 0.5532186799531067 0.6251577328125 0.535177815943728 0.6185702515625 0.5312132684642438 0.6014346625 0.5310156154747948 0.589571471875 0.5254270574443142 0.5845255640625 0.5248949824150059 0.5490091890625 0.5397860703399766 0.5009263546875 0.5373138042203985 0.491148846875 0.5483340304806565 0.4900028015625 0.5588678710433763 0.498768171875 0.5714869507620164 0.52741675625 0.5805533516998828
1 0.8954916484375 0.6323729308323565 0.9164007203125 0.6101302004689332 0.9310102828125 0.6156357057444314 0.96078954375 0.6171936060961313 0.97175145 0.607330266119578 0.971594503125 0.5870641723329425 0.9612279109375 0.5803336471277843 0.928106771875 0.5795245275498242 0.9265237765625001 0.5620470269636577 0.920951415625 0.559186162954279 0.91836873125 0.5589138276670574 0.901677509375 0.6016324056271981 0.8540604578125001 0.5983100703399765 0.8417106953125 0.6131577045720984 0.8379207937500001 0.6333905216881595 0.8573094890625 0.6359555873388042 0.8954916484375 0.6323729308323565
1 0.8335101249999999 0.7940744325908559 0.840419696875 0.7900646881594372 0.8393558171875 0.7637698112543962 0.8604297890625 0.7122931723329426 0.87127083125 0.702637898007034 0.9117180906250001 0.701592550996483 0.9147394249999999 0.6950049554513482 0.9179761015624999 0.677725592028136 0.9130092187500001 0.6649602661195779 0.8686873046875 0.6559193563892145 0.8488154031249999 0.6462879812426728 0.8392012734375 0.6452742016412661 0.833201053125 0.6630564994138335 0.834006453125 0.6726812110199296 0.8414061359374999 0.6773578042203986 0.8285072843749999 0.783521532239156 0.831975496875 0.7938436576787807 0.8335101249999999 0.7940744325908559
1 0.3074169828125 0.6052399331770223 0.3074407703125 0.59815998007034 0.2663725796875 0.5837533821805393 0.262769228125 0.5786999964830012 0.25259004531249996 0.5825626236811254 0.2518679703125 0.5864175029308324 0.253510671875 0.6020443810082063 0.300109228125 0.6476213681125439 0.3012176625 0.6477382485345838 0.3192531640625 0.6228553352872216 0.32149613593750004 0.6094878593200469 0.3074169828125 0.6052399331770223
1 0.3406628046875 0.5702275392731536 0.392798075 0.5802134525205158 0.40720201093749997 0.5864358194607269 0.4115074109375 0.5869667327080891 0.42147969375 0.5819718147713951 0.41979818281250003 0.5651654396248534 0.4248283265625 0.5643700574443142 0.429022203125 0.54198056975381 0.41046665625 0.5284453997655334 0.42078330468749997 0.49889082180539274 0.40996814375 0.48866483352872214 0.400225003125 0.48651940914419695 0.39689543125000004 0.4861683165298945 0.373074309375 0.4918220164126612 0.3747948859375 0.526417879249707 0.35558661874999997 0.5323487538100821 0.341444959375 0.5519464994138336 0.3267631796875 0.5596211934349355 0.3406628046875 0.5702275392731536
1 0.5003602109374999 0.5226052028135991 0.49297964375000003 0.507812264947245 0.45637464687499996 0.5223098710433763 0.4531903625 0.539309531066823 0.47252553906249994 0.5486005603751465 0.47513289375 0.5488754970691677 0.47286139687500006 0.5292446951934349 0.4818103546875 0.5234290117233295 0.5000588359375 0.523584633059789 0.5003602109374999 0.5226052028135991
1 0.704480859375 0.5123869859320047 0.6832557875 0.5054134536928487 0.6718638593749999 0.5102893282532239 0.6716130812500001 0.5129801113716296 0.6749906609375 0.5270351500586167 0.6951054796875 0.5291561946072685 0.701324515625 0.5383949144196952 0.7034036921875 0.5386141570926143 0.7134544843749999 0.5334587467760844 0.7352258609375 0.5345706143024619 0.743727153125 0.5271800703399765 0.7451017328125 0.520813817116061 0.738630584375 0.5148041113716295 0.704480859375 0.5123869859320047
1 0.6190301140625001 0.5498597479484174 0.624842546875 0.5452176307151231 0.62448404375 0.52976905978898 0.638592825 0.5266505275498241 0.639342275 0.5226495041031652 0.6305729953125 0.5115314478311841 0.6285798390624999 0.4970736975381008 0.6175293640625 0.49404335873388044 0.6058909765625 0.49281612778429074 0.602431525 0.4927812942555686 0.5855319765625 0.5298804994138335 0.5877985921875 0.5408155228604924 0.598359878125 0.549477286049238 0.601313303125 0.5498282555685815 0.6190301140625001 0.5498597479484174
1 0.9158283921875 0.5459908651817116 0.9178046140625 0.5354405814771395 0.918261203125 0.5276300175849942 0.9025474171875001 0.5229137502930833 0.899552384375 0.5225979331770222 0.89247660625 0.5274564876905041 0.8910814359374999 0.5349047596717468 0.890602734375 0.5396446471277843 0.9012811796875001 0.5452734583821806 0.9107505359375001 0.5462719718640093 0.9158283921875 0.5459908651817116
1 0.9509953624999999 0.6699197456037514 0.9502935125 0.6736666506447831 0.9498608281250001 0.6781767209847597 0.9587763609375 0.6827439507620164 0.9638430234375001 0.6832782133645956 0.9705411171874999 0.6779172543962485 0.9569531375 0.6674363739742086 0.9509953624999999 0.6699197456037514
1 0.9177935343750001 0.6001991395076202 0.9189159203124999 0.6003628300117234 0.9292565890625 0.5950028077373974 0.95948855625 0.5946340773739742 0.972344865625 0.5624670422039859 0.9932553421874999 0.5612217080890973 0.9941065546875001 0.5574722684642438 0.9754111578125 0.554274082063306 0.9619905187500001 0.552858919109027 0.9427106265624999 0.570686919109027 0.9140535359375 0.5641185908558031 0.9029561781250001 0.5725928300117233 0.9012930062500001 0.5814718569753811 0.9009737265625001 0.5902807444314185 0.9177935343750001 0.6001991395076202
1 0.8826095 0.5514435861664713 0.8746113921875001 0.546154223915592 0.8890862625 0.5237622790152403 0.88392444375 0.516923856975381 0.8690323078125 0.5134682039859321 0.8536294124999999 0.5199490949589683 0.8494955843750001 0.5395904783118405 0.8275294859375 0.5456651781946072 0.826522603125 0.5510405334114888 0.8507583125 0.5543529718640094 0.8484566593749999 0.5758909753810082 0.85155379375 0.5790970504103166 0.8635481468749999 0.580361815943728 0.87112956875 0.5799258944900352 0.8826095 0.5514435861664713
1 0.674424175 0.6301854208675264 0.6812727093750001 0.6345404079718641 0.7190975749999999 0.638528919109027 0.7237591765625 0.6258294232121923 0.7030943796875 0.6224327092614302 0.674605390625 0.6292179847596717 0.674424175 0.6301854208675264
1 0.685541715625 0.6382216576787807 0.68235875625 0.6220590949589683 0.6530611171875 0.612623919109027 0.6310644265625001 0.6103044384525206 0.6097934 0.6136481324736225 0.615856178125 0.6471534794841736 0.6605074796875 0.6530607092614302 0.68124963125 0.6468857596717468 0.6851958890625001 0.6400678909730363 0.685541715625 0.6382216576787807
1 0.7075036578125 0.6009991746776084 0.712315875 0.5879439554513481 0.7006123750000001 0.5704005849941384 0.6772522796875 0.5561223528722157 0.6648776453125 0.5337383505275498 0.6472312734375001 0.5279555369284876 0.6392030453124999 0.5271089859320047 0.6259279484375 0.5352984841735052 0.621560028125 0.5501935580304806 0.6594505765625 0.5669231500586166 0.6631456453125 0.5962217256740915 0.6853817921875 0.5990635205158266 0.7075036578125 0.6009991746776084