0 0.44766475781250004 0.3411646260257913 0.4455334140625 0.3259498898007034 0.4216419046875 0.3015333997655334 0.41589800156249995 0.2830124185228605 0.430206959375 0.20529993434935523 0.42918369062500006 0.192374713950762 0.4271589140625 0.177920713950762 0.4081302328125 0.1488739062133646 0.3940203578125 0.13615061430246192 0.378274778125 0.13635682532239154 0.3742151265625 0.14283228135990622 0.3496787390625 0.2184803997655334 0.3511315078125 0.2809266412661196 0.425407078125 0.35089355216881596 0.44220068125 0.3527440011723329 0.44766475781250004 0.3411646260257913
0 0.7343254140625 0.4115858007033998 0.7381620453125 0.39575302930832357 0.7379034296875 0.39099099413833527 0.720840384375 0.35064944314185226 0.732825640625 0.2974910762016413 0.7311705875000001 0.26701572567409143 0.7114091296875 0.2246223692848769 0.7028360921875 0.22473464595545137 0.69998575625 0.22607845017584996 0.676324228125 0.28708256389214537 0.6769778453125 0.31517780070339974 0.6892451203125 0.34539397889800705 0.7207733453125 0.4070674572098476 0.7343254140625 0.4115858007033998
0 0.1990113265625 0.4104578452520516 0.2077905171875 0.3820388628370457 0.2251387875 0.37101346307151234 0.23041433281249998 0.3338772286049238 0.22692451406249997 0.3134142145369285 0.1978269375 0.2889239835873388 0.19218585 0.28770288628370455 0.1856409171875 0.2877886014067995 0.18614279843749998 0.3093615568581477 0.1930296078125 0.3178259085580305 0.1947323609375 0.3307012356389214 0.18810302968749998 0.3936206951934349 0.1881976796875 0.3976891500586166 0.19362247187499998 0.41118630715123095 0.1990113265625 0.4104578452520516
0 0 0.18504286283704574 0.0291468171875 0.20307226025791325 0.051940006250000004 0.20277375146541618 0.06696818593750001 0.1807493716295428 0.0817209078125 0.13956002696365769 0.011293768749999999 0.13714550879249707 0 0.13689895193434937 0 0.18504286283704574
0 0.8851452359374999 0.34906687456037516 0.8731574609375 0.38210876670574445 0.8719407859375 0.40440924150058616 0.8826489593750001 0.43998626377491207 0.9006040578125001 0.4390864138335287 0.9136597109375 0.41280212075029304 0.9132999734375 0.3973390832356389 0.9052707765625 0.33698950879249706 0.8904482687499999 0.2879995392731536 0.881440646875 0.2845386776084408 0.8801199593750001 0.28455597303634234 0.8765711421875 0.2999677889800703 0.8851452359374999 0.34906687456037516
0 0.5565000375 0.37779177842907385 0.5539095421875 0.371499876905041 0.5305496625 0.3742081688159437 0.5258801859375 0.3689260281359906 0.4287229453125 0.37019843962485344 0.3869515390625 0.38245935756154753 0.378714875 0.391807041031653 0.37871498593749997 0.3918118475967175 0.4122808046875 0.3901958874560375 0.46322715 0.3727528640093787 0.5565000375 0.37779177842907385
0 0.5920034234375 0.4057269824150059 0.6517964828125 0.40732739859320044 0.6554272890624999 0.39774948065650645 0.675841421875 0.3941603118405627 0.7314464453125 0.4012797221570926 0.7414104906250001 0.39784194372801873 0.741296021875 0.3929215392731536 0.7412555875 0.39249284994138334 0.71066111875 0.38761126729191087 0.66075779375 0.38826482180539273 0.6242807203125 0.3984876354044548 0.5930067078125 0.4015724853458382 0.5920034234375 0.4057269824150059
0 0.3408668203125 0.44500626260257914 0.338834390625 0.43513819577960144 0.3326625640625 0.4330651066822978 0.33400715000000003 0.4148496799531067 0.2638710734375 0.40987777608440795 0.26239296875 0.4098971336459554 0.2582731390625 0.4187449261430246 0.2886592359375 0.4443592180539273 0.291526821875 0.45243369167643616 0.29994940625 0.45733691910902696 0.325617425 0.4591437303634232 0.3451136171875 0.45887745369284877 0.3578211515625 0.4512937526377491 0.3670061171875 0.4567493634232122 0.40156976406249995 0.44821055803048065 0.403395740625 0.44509874677608446 0.4033683671875 0.443922143024619 0.3861765828125 0.4418548464243845 0.3704922984375 0.4448830386869871 0.37426781875000004 0.4488179425556858 0.36562690625 0.45095264478311836 0.365808846875 0.4450877033997655 0.3408668203125 0.44500626260257914
1 0.4574252875 0.2948017010550996 0.43628318750000006 0.2827323821805393 0.4143959640625 0.2823501606096131 0.38441611875000004 0.3010050855803048 0.38493114375 0.32314310433763194 0.387719390625 0.32517470574443147 0.43017594062500003 0.3294261688159437 0.44604644374999997 0.35544356154747947 0.48438999843749997 0.35669816998827664 0.4651342203125 0.3604569402110199 0.4509002125 0.3578683458382181 0.4443150703125 0.364188407971864 0.45064603593749997 0.376584082063306 0.47035783125 0.3825507983587339 0.515730584375 0.3819565779601407 0.513103490625 0.3653896787807737 0.5038094265625 0.3552822801875733 0.49352476406249995 0.35334766002344664 0.4966602125 0.3311722063305979 0.48926552343749996 0.30354781359906213 0.4574252875 0.2948017010550996
1 0.4962601140625 0.44774545955451345 0.48776742031250003 0.403836325908558 0.48032379843750006 0.40084900820633057 0.46345808593750004 0.4030396283704572 0.450225425 0.3991250691676436 0.44579676875 0.3990864056271981 0.41417255 0.4189744067995311 0.36637362812499996 0.4232328323563892 0.3639199984375 0.42759161313012894 0.364424571875 0.44928035638921454 0.372691221875 0.45718704454865183 0.403045075 0.46212777960140683 0.41060889375 0.4715452790152403 0.42780250468750003 0.47169538804220396 0.4738196 0.4845139636576788 0.4896731390625 0.4843063388042204 0.4888818640625 0.4786577690504103 0.4690977453125 0.47673164478311836 0.4589434203125 0.4655381301289566 0.4728907234375 0.4592307643610785 0.49321044374999995 0.4594081652989449 0.4962601140625 0.44774545955451345
1 0.0752916546875 0.4491708593200469 0.08308013125 0.48472809730363425 0.11758941875 0.49365985814771396 0.120495190625 0.4935456002344666 0.1339337296875 0.49095943845252055 0.13240512499999998 0.47690932004689335 0.1166026703125 0.44695853575615474 0.0825413296875 0.436539347010551 0.085951421875 0.4246467373974208 0.0804085125 0.40252349941383353 0.0693526765625 0.3983551313012895 0.054031232812499996 0.3985557878077374 0.03871534375 0.4012232954279015 0.032644828125000004 0.4102808851113717 0.0400038140625 0.4346844161781946 0.01883061875 0.4394433141852286 0.018994221875 0.4464756658851114 0.0752916546875 0.4491708593200469
1 0.1116805578125 0.2503824443141852 0.1056109875 0.2550091383352872 0.11174357812499999 0.2809292391559203 0.10081206718749999 0.33387953692848765 0.091938734375 0.34446782532239156 0.052076971875 0.34935782180539277 0.0497651546875 0.3585055216881594 0.050100859374999994 0.37293553575615473 0.057873534375 0.38573234701055104 0.10352134843750001 0.39045440914419693 0.120607771875 0.3965113622508793 0.13504007499999998 0.3963223505275498 0.13729253125000002 0.3800088405627198 0.134635778125 0.37056096014067996 0.1264029984375 0.3666383388042204 0.11867422187500001 0.26034875381008205 0.11324520625000001 0.25046453575615474 0.1116805578125 0.2503824443141852
1 0.6514407140625 0.335770388042204 0.657835215625 0.35444682766705743 0.715180503125 0.3953199683470106 0.7266957828125 0.3698993106682298 0.726341584375 0.3546743774912075 0.71171961875 0.351982366940211 0.7101028125 0.34496847245017587 0.6662776578125 0.3349898218053927 0.6619973031249999 0.33079552403282536 0.6607116921875 0.33081236107854634 0.6514407140625 0.335770388042204
1 0.64350414375 0.4147243798358734 0.5899182796875 0.409353937866354 0.57441793125 0.40443994607268463 0.5700517375 0.40428736811254395 0.561188875 0.41009890504103164 0.5662280796875 0.426598347010551 0.560833765625 0.427968898007034 0.5613493578125001 0.45013125556858147 0.5828355578125 0.4621572989449003 0.5785648578125 0.49232283821805395 0.5913187796875 0.5015131793669403 0.5929030578125001 0.5017145814771395 0.6086890125 0.5015078429073857 0.6271856671875 0.49518786752637745 0.61853475 0.46107291676436113 0.6363472703124999 0.4535337116060961 0.6464021062499999 0.4328979249706917 0.659386084375 0.4240240304806565 0.64350414375 0.4147243798358734
1 0.5276569859375 0.449786817116061 0.4941637640625 0.46680641969519343 0.4953727359375 0.48209468464243843 0.5207923984375 0.4921063692848769 0.5222339078125 0.49208749120750295 0.5143826046875 0.4720305041031653 0.5215692875 0.46576409026963655 0.5382579 0.46515909847596715 0.5381914546875 0.462302998827667 0.5284398015625 0.449807327080891 0.5276569859375 0.449786817116061
1 0.2655008546875 0.49327508089097305 0.2569260484375 0.5016972919109027 0.25554339531250003 0.5081744454865181 0.26207908281250003 0.5132730562719813 0.2965477875 0.5111988698710433 0.3179751484375 0.5153217655334115 0.3283230546875 0.5096386037514654 0.328097040625 0.4999235533411489 0.3263010984375 0.49285314185228607 0.3059978796875 0.49338510316529893 0.30013440625 0.48561610550996487 0.29675240625 0.48566039742086753 0.28747526875 0.49152825556858143 0.2655008546875 0.49327508089097305
1 0.3776685703125 0.49801830363423216 0.3865738921875 0.5105262497069167 0.40294454062499996 0.5003310445486518 0.42147637656250003 0.4970879929660023 0.4225372046875 0.49115693200468935 0.4213368109375 0.47710251465416176 0.3855698984375 0.4715995803048066 0.3553552515625 0.4719952837045721 0.3550749171875 0.47205637280187573 0.3464007140625 0.48061579249706915 0.34648090625 0.48406280539273155 0.35010112968749996 0.49640374560375145 0.35747570781250004 0.5001652075029308 0.3776685703125 0.49801830363423216
1 0.08106286093750001 0.5217756436107854 0.10014933125 0.5243620433763189 0.10660468593750001 0.517824063305979 0.10651895156249999 0.5141388194607268 0.10534220937500001 0.5057385756154749 0.095150559375 0.502370797186401 0.08285437031250001 0.5025318335287221 0.0796980671875 0.5032063317702228 0.0799942734375 0.5159384994138335 0.08106286093750001 0.5217756436107854
1 0 0.3809825228604924 0.0137335953125 0.38818665298944904 0.019123065624999998 0.384840733880422 0.019119573437500002 0.3846906260257913 0.017460571875 0.3767425287221571 0.007439492187500001 0.3733707186400938 0.0021481796875 0.37344001641266117 0 0.3760771125439625 0 0.3809825228604924
1 0 0.5012284888628371 0.031961728125 0.5004666236811255 0.04642628125 0.47862587690504105 0.076212390625 0.47954320633059794 0.08575433906249999 0.4679244126611958 0.08174151406249999 0.4516710269636577 0.0695864859375 0.44759755334114887 0.058513554687500004 0.44774256858147715 0.05283135 0.45247368698710433 0.023427028125 0.45858642555685813 0.019777053125 0.4922419425556858 0 0.49735647010551 0 0.5012284888628371
1 0.1664138046875 0.46892243141852286 0.1633826234375 0.46594500586166476 0.149833365625 0.4637720375146542 0.1473685484375 0.46375051934349354 0.13413829531250002 0.4709731465416178 0.1344629859375 0.4909357069167644 0.11125234375 0.49953883001172333 0.110215859375 0.5036391348182884 0.13902311875 0.5056517878077373 0.1415831265625 0.5273950164126612 0.14612858281250002 0.5310159554513482 0.15763239375 0.5308652977725674 0.16488326874999998 0.5299466389214537 0.1674761265625 0.5145855416178194 0.1671184703125 0.4992119566236812 0.16074355 0.4958615545134818 0.16669130625 0.480850631887456 0.1664138046875 0.46892243141852286
1 0.279214584375 0.38866296717467763 0.253831040625 0.39761879132473626 0.25384380625 0.3981675369284877 0.2631614328125 0.4024941688159437 0.300818134375 0.4035009554513482 0.3011939453125 0.3945204220398593 0.30059196250000003 0.38996853810082066 0.28360933906249997 0.38864378311840564 0.279214584375 0.38866296717467763
1 0.360986453125 0.36866847362250876 0.342275803125 0.3666405404454865 0.3091261421875 0.36707468229777257 0.2876845265625 0.37497681594372806 0.3001359015625 0.4063914572098476 0.3453815765625 0.40322232004689335 0.3646795015625 0.39306515474794845 0.3676090078125 0.38464151348182885 0.360986453125 0.36866847362250876
1 0.297292228125 0.42433147127784293 0.275016446875 0.42462694372801874 0.2727754546875 0.43804800117233295 0.2877532484375 0.4542645146541618 0.3136405140625 0.4660782473622509 0.330218359375 0.48702530011723333 0.34296798281249996 0.4897451852286049 0.35873950468750004 0.48953863540445486 0.3684787953125 0.48158090621336463 0.3695919265625 0.4698758593200469 0.3695075734375 0.4662499753810082 0.3291774265625 0.45359162954279014 0.3198562921875 0.4249226682297773 0.297292228125 0.42433147127784293