0 0.45516067343750005 0.281693754982415 0.6203647796875 0.25975345017584994 0.6456382515625 0.2896860515826495 0.6924585375000001 0.2808124267291911 0.69230395 0.27948669167643614 0.645242540625 0.18626030949589684 0.6348493984375 0.1869425369284877 0.3934966578125 0.23653914302461898 0.3935162234375 0.2367911817116061 0.45516067343750005 0.281693754982415
0 0 0.2983302731535756 0.1412936125 0.3588502508792497 0.2738993390625 0.32757892028135993 0.27830491875 0.3005764185228605 0.2077691375 0.2725422614302462 0.0809130578125 0.2987000105509965 0.0034771437500000003 0.27077051582649475 0 0.27101406447831183 0 0.2983302731535756
0 0.7165745453125 0.37024606682297767 0.7023114171875 0.36063397186400936 0.5982454984375 0.37903928956623684 0.5849427875 0.35946827667057446 0.5785418124999999 0.3601147702227433 0.55966188125 0.3660051066822978 0.5640244062499999 0.403417633059789 0.6285740468750001 0.3991804560375146 0.641910553125 0.376208080890973 0.7165745453125 0.37024606682297767
0 0.4166436328125 0.4216085322391559 0.3651398265625 0.3854210879249707 0.3627766875 0.38561787807737397 0.30630583906250003 0.39311776670574444 0.29614619375 0.4065235252051583 0.24033080624999997 0.41745137866354043 0.2736343609375 0.4256677971864009 0.3625830859375 0.41198076670574446 0.3918179828125 0.42524589097303633 0.4166436328125 0.4216085322391559
0 0 0.4382648686987104 0.0913155234375 0.45209942086752636 0.12110061718750001 0.45014426377491207 0.182828125 0.4391072954279015 0.1057189921875 0.4342429777256741 0.001985775 0.43690385814771393 0 0.4371044196951935 0 0.4382648686987104
0 0.9016948796875001 0.32829572215709263 0.9451935328125 0.3434749753810082 0.9620489140625 0.32433395427901524 0.9016948796875001 0.32829572215709263
0 0.4530625265625 0.41776227432590857 0.44948547968749997 0.4179970785463072 0.43923090781249996 0.42273439507620164 0.44633097031249996 0.48362374208675263 0.4647698375 0.4627711922626026 0.4530625265625 0.41776227432590857
0 0.24318717343750001 0.5170186459554513 0.2602031171875 0.4593227069167644 0.24179989062499999 0.42699020633059787 0.24145476875 0.42701894607268465 0.24537054375 0.4700013833528722 0.239549040625 0.48581841735052755 0.24318717343750001 0.5170186459554513
1 0.9702390937500001 0.4464521547479484 0.9472906343749999 0.43874214536928485 0.938552759375 0.39800567057444314 0.9287095656250001 0.3987384806565064 0.8928103999999999 0.40512405861664713 0.8933939984375 0.4427546635404455 0.8727131484375 0.44743383470105513 0.8405074625 0.5012846611957796 0.8409231578125 0.5048496084407972 0.989746590625 0.4999411441969519 0.9702390937500001 0.4464521547479484
1 0.096747815625 0.4977381301289566 0.07597569374999999 0.5158021266119578 0.066229515625 0.5568984759671747 0.2000436734375 0.5542444677608441 0.163392775 0.49514805158264946 0.155323309375 0.4471135017584994 0.09603441562500001 0.45836377491207503 0.096747815625 0.4977381301289566
1 0.0842913375 0.5600258042203986 0.08973273281250001 0.5320244583821806 0.0518386578125 0.5308022063305979 0.029013520312500003 0.49855425556858146 0.0132544265625 0.4995887162954279 0.00018777656250000001 0.5045385861664713 0.0022527249999999997 0.5222473540445487 0.0055855093750000005 0.5296531711606096 0.03121915625 0.532535307151231 0.0842913375 0.5600258042203986
1 0.738725365625 0.4201933528722157 0.734958715625 0.4204406037514654 0.71145941875 0.42344383118405626 0.6912609703125 0.4267084642438453 0.681307028125 0.4566255322391559 0.6482798578125 0.4668834618991794 0.6512335203124999 0.4922137514654162 0.709778484375 0.5055027784290739 0.77689315625 0.5190420633059789 0.738725365625 0.4201933528722157
1 0.52306916875 0.5070679917936695 0.5230256421874999 0.5068450445486518 0.482435015625 0.501095120750293 0.481052125 0.4615632919109027 0.43602940468750007 0.4689055463071512 0.4527415578125 0.5112433610785463 0.4324416765625 0.5154260187573271 0.42696605625000006 0.5501013305978898 0.4642993578125 0.5476506928487691 0.46073742968750003 0.5197515123094959 0.52306916875 0.5070679917936695
1 0.2584105625 0.5503981125439625 0.2746494203125 0.5169196893317702 0.3072959984375 0.4986118300117234 0.3072309890625 0.4981477432590856 0.26553411250000003 0.47008361664712783 0.2618033265625 0.47032851348182886 0.20695518124999998 0.5117624947245017 0.2063762578125 0.5510586178194607 0.206659709375 0.5534894677608441 0.217804909375 0.553051225087925 0.2584105625 0.5503981125439625
1 0.3805965109375 0.5117368382180539 0.3804324375 0.5103297608440797 0.3709382140625 0.5102371078546307 0.33627117812499996 0.5125127268464243 0.3117139578125 0.5192065463071512 0.3138026421875 0.5576665732708089 0.31391221874999997 0.5586062860492379 0.346083040625 0.5585719062133646 0.356860015625 0.5266928288393904 0.3805965109375 0.5117368382180539
1 0.14261790937500002 0.569216592028136 0.1830519453125 0.5590864525205158 0.215700546875 0.5800920937866354 0.2359780265625 0.548624777256741 0.17894264531249998 0.5268456389214538 0.1380531984375 0.5300701383352873 0.14261790937500002 0.569216592028136
1 0.8640213156250001 0.5011716752637749 0.83855149375 0.4954619519343494 0.806962878125 0.47663806799531067 0.8070311796875 0.47839927432590856 0.8245474187499999 0.5082001242672919 0.8316501671875001 0.5400123540445486 0.8649208406250001 0.5378283962485346 0.8671092078125 0.5375585416178195 0.8665336437500001 0.5227171301289566 0.8640213156250001 0.5011716752637749
1 0.7449524578125 0.5348263223915593 0.733672621875 0.5082561266119578 0.7217926718750001 0.5072120597889801 0.694908721875 0.5089767796014069 0.7096510984375 0.5428096400937866 0.7449524578125 0.5348263223915593
1 0.482623690625 0.49986462016412664 0.48499711718749994 0.5224204994138335 0.5309039906249999 0.5225841230949589 0.53134110625 0.5366748429073857 0.5732469515624999 0.5508771371629543 0.5779243625 0.5360731277842907 0.5774392796875001 0.5319131113716296 0.554076025 0.5297112930832356 0.540597803125 0.4987809988276671 0.520985646875 0.4945036189917936 0.48253568125 0.4970275568581477 0.482623690625 0.49986462016412664
1 0.6044171625 0.5443404595545135 0.63268566875 0.519851243845252 0.5718674781249999 0.5110319859320047 0.5740109859375 0.5294144712778429 0.5766982031250001 0.5397384431418523 0.5780698828124999 0.5642231277842907 0.5789647859375 0.5718977069167643 0.6023089796875001 0.5703653446658851 0.61351020625 0.5685270984759672 0.6044171625 0.5443404595545135
1 0.3805561734375 0.5813912403282533 0.3934065640625 0.5558346799531066 0.34999608437499996 0.5586842368112545 0.35285588125 0.5832095463071512 0.3805561734375 0.5813912403282533
1 0.269065978125 0.5545821735052755 0.2834582046875 0.5872822133645955 0.3303017078125 0.578615468933177 0.312756609375 0.5517142274325908 0.269065978125 0.5545821735052755
1 0.7694147953125 0.51350052989449 0.7352770640624999 0.5180168452520516 0.7252902671875 0.5196870058616647 0.7263737734375 0.5313126869871043 0.7272269265625 0.5386292415005861 0.746979365625 0.5373326494724502 0.7686872124999999 0.532751429073857 0.769579503125 0.5134897174677608 0.7694147953125 0.51350052989449
1 0.65510995 0.5582843329425557 0.66199224375 0.5397621465416178 0.6619008671875 0.538857388042204 0.6278976625 0.5294028229777257 0.5942800671875 0.5207536752637749 0.5918475812499999 0.5209669953106683 0.592063984375 0.522822837045721 0.5990403953125 0.5539456260257913 0.6278731468750001 0.5498447010550996 0.65510995 0.5582843329425557
1 0.4629482140625 0.5438219331770223 0.44246124375000007 0.5432001371629542 0.42517779375 0.5443346600234467 0.4272235859375 0.5618791477139508 0.4326822625 0.5795671406799531 0.46896644375 0.5813136060961313 0.4650435421875 0.5545546400937866 0.4629482140625 0.5438219331770223
1 0.536024075 0.5357270550996484 0.5436134234375001 0.5589197022274326 0.5488264890625 0.5585775052754982 0.5870006328125 0.5531632203985932 0.58369935625 0.5292217221570926 0.564209334375 0.5305010879249706 0.535823271875 0.5333760293083236 0.536024075 0.5357270550996484