0 0.6783237062499999 0.7208457866354044 0.5117677859375 0.7279912895662368 0.46106151874999995 0.7828073587338804 0.46109667656250003 0.7830583341148887 0.6935986234375 0.789450349355217 0.7188613359375 0.7874581570926144 0.7447445171875 0.6881774009378663 0.7446691515625 0.6876393985932006 0.6966290296875 0.6870527186400938 0.6783237062499999 0.7208457866354044
0 0.24941572656250002 0.8277185650644784 0.19860829062500002 0.7715665943728018 0.2132794921875 0.67398643024619 0.16723691406250002 0.6270279437280187 0.14429551875 0.6288370785463071 0.13017538281250002 0.6314878511137163 0.113640284375 0.7140394747948418 0.11748255156250001 0.741467735052755 0.22969663593749998 0.8488686565064478 0.230572290625 0.8488380562719812 0.24941572656250002 0.8277185650644784
0 0.6838001515625 0.661505635404455 0.6706093562500001 0.6067840304806564 0.6966988578125 0.5919402203985932 0.6917215515625 0.556409409144197 0.6886510140625 0.5417635791324736 0.65495636875 0.5437728464243845 0.6348419953125 0.5453590457209847 0.6322054734375 0.5628389765533411 0.6334886281250001 0.5691550926143024 0.6619357609375001 0.574448977725674 0.66758555 0.6540565134818288 0.6825538421874999 0.6615929308323564 0.6838001515625 0.661505635404455
0 0.3348184796875 0.6448846940211019 0.3354122984375 0.6476977104337631 0.38935226875 0.6746623599062134 0.38635471093749996 0.6532641137162954 0.36932858749999997 0.6405624325908559 0.3635166703125 0.5729345990621336 0.343912703125 0.5502355674091441 0.34450385 0.5931317725674091 0.32969742968750004 0.6031833763188745 0.3348184796875 0.6448846940211019
0 0.0225747296875 0.6247344935521688 0.09463515624999999 0.6282432227432592 0.10379356718749999 0.628003264947245 0.20453790624999998 0.5986266776084408 0.09255566093749999 0.6100125803048065 0.022423475000000002 0.6236547479484174 0.0225747296875 0.6247344935521688
0 0.947149609375 0.6102601348182883 0.9504210234375 0.6100884982415006 0.9983247234375 0.588330327080891 0.9542116421875001 0.5897225193434935 0.9249409906249999 0.5920307725674091 0.947149609375 0.6102601348182883
0 0.4223913953125 0.5628355005861665 0.42260599218749995 0.5643674150058616 0.480890828125 0.5633934302461899 0.4845748703125 0.5631029097303634 0.50792231875 0.5454397432590856 0.5078898749999999 0.5451944091441969 0.42823974218750005 0.5511744185228604 0.4223913953125 0.5628355005861665
0 0.20391368124999998 0.5733807444314185 0.203973225 0.5738057971864009 0.22327014687500002 0.5754576014067996 0.26119068749999996 0.5724672262602579 0.32226326875 0.547356120750293 0.28746569375000003 0.5509093376318874 0.2596408921875 0.5636896084407972 0.20391368124999998 0.5733807444314185
1 0.9825515578124999 0.46793703751465415 0.9819120515625 0.4633718827667057 0.9251726359375001 0.4587040246189918 0.9097206953124999 0.4419767737397421 0.8618229484375 0.4343351113716295 0.8367221406249999 0.4363145345838218 0.837913465625 0.444818876905041 0.8617013015625 0.5416032497069168 0.865409628125 0.5415060879249707 0.9305712312500001 0.5146309460726846 0.9320872796874999 0.49901667291910906 0.9821934171875 0.4977038511137163 0.9825515578124999 0.46793703751465415
1 0.2000148609375 0.5185958218053928 0.1358631125 0.5232175849941383 0.053562290624999995 0.5094778464243845 0.05642919843750001 0.5299434419695194 0.0713910109375 0.6051164923798359 0.08533994843750001 0.6040164935521689 0.12400347656249999 0.5919817889800704 0.1440096796875 0.5727522790152404 0.1955744625 0.5646280023446658 0.2000148609375 0.5185958218053928
1 0.093129015625 0.5576571711606095 0.05108815625 0.5226690023446658 0.0445874875 0.5040773493552169 0.03017215 0.5022758264947245 0.010848434375 0.5037996752637749 0.0018849250000000002 0.5219008077373974 0.0024173453125000003 0.5257015228604924 0.050937101562499996 0.5382835978898007 0.0565101828125 0.5662522321219227 0.0565592078125 0.5662511606096131 0.093129015625 0.5576571711606095
1 0.7864032921875 0.5369434478311841 0.7853517546875 0.5294369824150058 0.7542237 0.49271685697538103 0.7151937453125 0.4494345123094959 0.68562885 0.4517659695193435 0.6827475828125 0.48214964595545134 0.6477968328125 0.49550532708089096 0.6500793015624999 0.5105025451348183 0.65444698125 0.531192957796014 0.7770710937499999 0.5376793751465416 0.7864032921875 0.5369434478311841
1 0.4897651359375 0.5030917995310669 0.523802684375 0.49046985463071513 0.5236446640625 0.48934181946072686 0.4616264484375 0.489479305978898 0.45302469375000004 0.4587049495896835 0.4329247265625 0.4599060539273154 0.41449241406250004 0.4613596072684642 0.41478945468750006 0.46276673974208676 0.436311815625 0.4992176248534584 0.4573666921875 0.49922083587338806 0.45821581718750004 0.5431383106682298 0.50414475 0.5412896893317702 0.4897651359375 0.5030917995310669
1 0.2063568734375 0.5423887221570927 0.244325146875 0.5631881113716295 0.25339900625 0.5624725556858148 0.2692878546875 0.5378864314185229 0.3102327625 0.5177900246189918 0.305949303125 0.4786212883939039 0.2512244984375 0.4892986143024619 0.20600985624999998 0.5401611582649473 0.2063568734375 0.5423887221570927
1 0.34684174687499997 0.46197930832356393 0.30550861875 0.465238797186401 0.33018313906249996 0.47758435287221573 0.34696648125 0.5082655275498241 0.3513753421875 0.5081885345838218 0.379914415625 0.5063506787807738 0.374454678125 0.46737601406799534 0.34684174687499997 0.46197930832356393
1 0.17792772968749998 0.5283452672919109 0.22217125625 0.5248562672919109 0.2237980984375 0.5246643622508792 0.2188612875 0.48942263892145366 0.17861053437500002 0.4561139073856975 0.143675971875 0.47825605392731535 0.1797712 0.49700867643610785 0.17792772968749998 0.5283452672919109
1 0.8508600515625 0.4105687948417351 0.8482970109375 0.41064715240328253 0.8153137031250001 0.41324818288393905 0.8134111890625 0.4460958065650645 0.8026709625 0.4736241441969519 0.803304809375 0.47814890152403283 0.8293658390624999 0.4565478124267292 0.8553154921875 0.4463775029308324 0.8508600515625 0.4105687948417351
1 0.73116374375 0.43421401641266116 0.686169834375 0.425789917936694 0.6798279734375 0.42629003048065656 0.6810635875 0.4313745603751465 0.6904043828125 0.4540503212192263 0.7235134421875 0.460063633059789 0.7278901249999999 0.4599489613130129 0.731483959375 0.436499898007034 0.73116374375 0.43421401641266116
1 0.49066790937500004 0.5002592743259086 0.526337953125 0.4856191594372802 0.523618671875 0.47169043610785466 0.5693313109375 0.4695402004689332 0.567872321875 0.45738498007033995 0.5656629484375 0.44161323446658846 0.546789390625 0.43913889800703404 0.5419480546875 0.4395206811254396 0.5086286453125 0.4486129015240328 0.5021219546875 0.479729917936694 0.47801305312500003 0.48309992497069165 0.47823953125 0.48425999062133646 0.48712007812499997 0.5003057385697538 0.49066790937500004 0.5002592743259086
1 0.5493972968749999 0.4448489460726846 0.5493655859375 0.4486433634232122 0.552529534375 0.4712294114888628 0.5948000484375 0.46737252168815946 0.6162344328125 0.46784745720984755 0.633530415625 0.4664835134818288 0.6091771609375 0.42280161781946074 0.5829866 0.4476463657678781 0.5493972968749999 0.4448489460726846
1 0.33503412187500003 0.4439250996483001 0.33999775312499997 0.46369780890973034 0.38444615 0.46019265416178196 0.3841295234375 0.45793239273153574 0.3622012765625 0.43827055451348185 0.334767740625 0.4420235263774912 0.33503412187500003 0.4439250996483001
1 0.266388175 0.44239040445486516 0.2647021953125 0.44252335873388043 0.255327775 0.4693548487690504 0.2566967390625 0.47912728370457214 0.275212640625 0.47823702110199295 0.29612318593750003 0.47658803634232116 0.312141621875 0.4471999636576788 0.266388175 0.44239040445486516
1 0.7133307296875 0.4302818112543963 0.7163314140625 0.4517023774912075 0.760332721875 0.4482324794841735 0.75532866875 0.429642243845252 0.7133307296875 0.4302818112543963
1 0.6457219421875 0.46787968229777255 0.6258326046875 0.4425110117233294 0.60647545625 0.41910783939038687 0.6045118890625 0.4192626846424385 0.5854706046875 0.4259952157092614 0.5862442671875 0.43151805275498245 0.5990465078125 0.4458389015240328 0.5996830156249999 0.46777177842907386 0.6456141078125001 0.4678881864009379 0.6457219421875 0.46787968229777255
1 0.44325022968749994 0.4299347104337632 0.406015234375 0.43471782180539276 0.4088199921875 0.4547397608440797 0.410328365625 0.4612884912075029 0.44874754218749996 0.45983707385697536 0.45926607500000005 0.45900759320046897 0.460017265625 0.4589317233294255 0.45409423125000004 0.4288394759671747 0.44325022968749994 0.4299347104337632
1 0.5688703953124999 0.4645097936694021 0.565494925 0.4404137866354044 0.5634975578125 0.43055932356389215 0.5306313171875 0.4336293903868699 0.5322453234375 0.44596077842907383 0.5362376796875 0.46641045017585 0.5438807031249999 0.4664804548651817 0.5688703953124999 0.4645097936694021