0 0.6306215749999999 0.2836399519343493 0.676795171875 0.2735348429073857 0.6766865203125 0.27300001758499415 0.6178061140625 0.18155142790152404 0.601996203125 0.1832185322391559 0.37191768125 0.23739609847596718 0.3721525328125 0.2386498792497069 0.4383782046875 0.2807853915592028 0.60155795625 0.2546208124267292 0.6306215749999999 0.2836399519343493
0 0 0.3331771090269636 0.1239392640625 0.374506756154748 0.151105915625 0.3716421195779601 0.260373390625 0.33710397186400937 0.2606022515625 0.3099869882766706 0.1858152015625 0.28709835873388045 0.06314394375 0.3219591324736225 0 0.30471539155920285 0 0.3331771090269636
0 0.619418146875 0.3920687092614303 0.63566141875 0.3669198792497069 0.7091948796875001 0.361700021101993 0.709011315625 0.3607200468933177 0.6967480078125 0.351831368112544 0.5920802140625 0.3693579683470105 0.5818297343750001 0.35226845486518166 0.5585681640625 0.3547213130128956 0.5511599953124999 0.35694155334114885 0.5537572296875 0.38265816060961316 0.5565617921875 0.39763062719812425 0.619418146875 0.3920687092614303
0 0.304201959375 0.432601776084408 0.321325875 0.4390547010550997 0.33256887343749997 0.4806646764361079 0.345322659375 0.45439008792497065 0.33232876093749997 0.38771340211019933 0.3412184390625 0.3767528851113716 0.3370997171875 0.35476463188745605 0.29748078125 0.388296672919109 0.29767993125 0.39114780187573267 0.304201959375 0.432601776084408
0 0.07469775 0.4689745627198124 0.0892977828125 0.5249575017584994 0.0895001203125 0.5249361664712778 0.09887114531249999 0.467174550996483 0.09918939843749999 0.42399959906213364 0.094343996875 0.3981318757327081 0.07392037343749999 0.46272671981242675 0.07469775 0.4689745627198124
0 0.93396268125 0.33180852520515824 0.9251436343749999 0.29120616060961313 0.9238255640625 0.29134514654161786 0.9051664453124999 0.3289892415005861 0.9052885843749999 0.32967001406799534 0.9364140828125 0.3449075486518171 0.9363633109375 0.3446245603751465 0.93396268125 0.33180852520515824
0 0.448871728125 0.4195618886283705 0.43691974843750003 0.4256030070339976 0.43938250625 0.4467233364595545 0.44456125 0.4820114630715123 0.445266940625 0.4857788686987104 0.463370146875 0.46449503399765535 0.46194045937499995 0.45686249355216885 0.45242749531250004 0.4191869449003517 0.448871728125 0.4195618886283705
0 0.20337462187500002 0.47622898475967174 0.2671226765625 0.48872005627198123 0.31031735625 0.4765723352872216 0.3102955078125 0.4764793657678781 0.2517586625 0.4772123962485346 0.2338639015625 0.4730139871043376 0.20337462187500002 0.47622898475967174
1 0.9611196375000001 0.37383395662368113 0.8951222703124999 0.3939015017584994 0.8856550796875 0.4122050785463071 0.83229825625 0.42374710668229776 0.8336178765625 0.43144054279015237 0.8430000124999999 0.45751589800703396 0.8925683187500001 0.45250953927315357 0.8993579671875 0.46759406565064476 0.9761652234374999 0.4866460187573271 0.9664515187499999 0.38732400703399766 0.9638703046874999 0.37354390738569754 0.9611196375000001 0.37383395662368113
1 0.069474784375 0.5663100187573271 0.2042354 0.5659244337631888 0.163685534375 0.5066574009378664 0.1526804640625 0.45908129425556854 0.14905790000000002 0.4594632813599063 0.0935314625 0.46901844783118407 0.0966463640625 0.5081081547479483 0.07680129687500001 0.5256870363423213 0.069474784375 0.5663100187573271
1 0.0412506671875 0.5439009109026963 0.065865346875 0.5789299894490035 0.0970499609375 0.5651067678780773 0.0871901953125 0.5422526776084408 0.06178042500000001 0.540893205158265 0.0166533296875 0.5195952332942556 0.008782015625 0.5204252379835873 0.004135184375 0.5425167479484174 0.0045129421875 0.5449416400937867 0.0412506671875 0.5439009109026963
1 0.767170015625 0.41850002461899183 0.7659839734375 0.41216820281359906 0.751365078125 0.41370971864009376 0.6383927828125 0.43764284407971865 0.6409872140624999 0.4584944712778429 0.6437297171874999 0.4734748182883939 0.682257978125 0.48121704806565063 0.6962887953125 0.5130418147713951 0.7238161375 0.5101391430246189 0.748498009375 0.46008535287221575 0.767170015625 0.41850002461899183
1 0.4616439671875 0.5496229050410316 0.48214376562499994 0.5474612672919109 0.5065464875 0.5434768593200469 0.48650566562500003 0.5015636834701055 0.506626209375 0.49740391676436113 0.5099467093750001 0.45780549472450177 0.50971105 0.4569491793669402 0.5036531734375 0.4575879624853459 0.4714180671875 0.46219429425556857 0.477809284375 0.49314489214536933 0.42043910156250003 0.5048567315357562 0.4207700296875 0.5066234255568581 0.457380553125 0.5116393985932005 0.4616439671875 0.5496229050410316
1 0.2582129546875 0.5087748628370458 0.2294858890625 0.48708208089097305 0.22675165000000003 0.4874808487690504 0.20140812968750002 0.5148335767878077 0.2034202171875 0.5255753376318875 0.26224905625 0.5592658077373974 0.3186712921875 0.5560008804220399 0.30569260625 0.517812671746776 0.2582129546875 0.5087748628370458
1 0.38218790468749997 0.5372193434935522 0.36877051562499996 0.5144296588511137 0.31603929375 0.5199899976553342 0.3170908765625 0.5319905826494724 0.3189919875 0.5430741324736225 0.3608542953125 0.5475620539273154 0.3841062484375 0.5652375005861665 0.38218790468749997 0.5372193434935522
1 0.22164761249999998 0.5907045064478312 0.2416028890625 0.5609466365767878 0.24100094843750003 0.5577331101992966 0.18854105625 0.5381696975381008 0.14538461875 0.542720406799531 0.1464680140625 0.5596672801875733 0.148842115625 0.5814887608440797 0.1901864078125 0.5702202356389214 0.22164761249999998 0.5907045064478312
1 0.8295373937500001 0.48138696014068 0.8015119609375001 0.46706141617819463 0.8032142484374999 0.4761492684642438 0.8182114625000001 0.4935694970691677 0.8342255953125 0.5266448862837045 0.8693203781250001 0.5231003423212193 0.8590531171875 0.4878676025791325 0.8295373937500001 0.48138696014068
1 0.7420691140625 0.49638520164126615 0.6962034015625 0.5129257338804221 0.696307240625 0.5141414865181712 0.70805169375 0.537846245017585 0.7107317531249999 0.5375636412661196 0.7426157124999999 0.5262786752637749 0.74413558125 0.5061170984759672 0.74230715625 0.49635584759671747 0.7420691140625 0.49638520164126615
1 0.4845757328125 0.49748295076201643 0.4822167046875 0.5080384196951934 0.48236198906250005 0.5092060844079719 0.507356928125 0.5109811652989449 0.5237370703125 0.5414805932004689 0.56241088125 0.5488591711606096 0.5825354796875 0.5447176471277844 0.577308953125 0.5168152426729191 0.5772898921875 0.5167197127784291 0.5312494140624999 0.5175673376318874 0.5295050015625 0.5035473634232122 0.50319078125 0.4955200527549824 0.4845757328125 0.49748295076201643
1 0.6515785078125 0.5504988464243845 0.64255949375 0.5247030961313013 0.6110142093750001 0.5340879777256741 0.5788913234375 0.5160184431418523 0.5773058875 0.5162496670574444 0.5692320468750001 0.5579313739742087 0.56975370625 0.560716305978898 0.5952487875 0.5580279308323564 0.60610239375 0.5555364337631887 0.6515785078125 0.5504988464243845
1 0.3927531375 0.5852997233294256 0.4047839171875 0.5832157655334115 0.399186921875 0.5597603645955451 0.3955272890625 0.5601462614302462 0.370178240625 0.5645371922626026 0.35905881562499997 0.5888526822977725 0.3927531375 0.5852997233294256
1 0.2805819625 0.5752989355216881 0.2922020078125 0.5989012168815944 0.3298767296875 0.5839636154747948 0.32320990781250003 0.552381794841735 0.317725121875 0.5529601477139507 0.27836617812500003 0.5634697174677609 0.2805819625 0.5752989355216881
1 0.769837525 0.5029186260257914 0.7362392984375 0.5079710386869871 0.7263387859375 0.5098111242672919 0.7285399625 0.5239408511137162 0.729610065625 0.5296537127784291 0.74467663125 0.5280649906213365 0.7706160718749999 0.5220844665885112 0.770320246875 0.5028677245017585 0.769837525 0.5029186260257914
1 0.6549510203125 0.5101381781946073 0.6549351921875 0.5100536787807737 0.6365999546875 0.5063134173505275 0.62798069375 0.5072222907385697 0.6165880828125 0.5306491031652989 0.605170334375 0.5560500926143025 0.605515328125 0.5578918815943729 0.6495126234375 0.5521481582649472 0.643876796875 0.5305454607268464 0.6549510203125 0.5101381781946073
1 0.475568503125 0.5469707538100821 0.4600918734375 0.548602715123095 0.4270667140625 0.5530187116060962 0.42761265000000004 0.5684242028135991 0.429729459375 0.5797250316529894 0.4674929 0.5780998546307151 0.4783945375 0.5773362731535756 0.476323675 0.5469178593200469 0.475568503125 0.5469707538100821
1 0.5499996968749999 0.5563400199296601 0.55144918125 0.560583123094959 0.5838734375 0.5558939742086753 0.5748804828125 0.5222923716295428 0.5584380421875 0.5240261746776085 0.544607665625 0.5275540504103166 0.5499996968749999 0.5563400199296601