1 0.8537750796875001 0.4928660586166471 0.8208739968750001 0.46798968464243845 0.8362394453125 0.4237841805392732 0.7707106625 0.4227498886283705 0.7682329703125 0.4806519331770223 0.7066103406249999 0.5085774994138335 0.705629146875 0.5118530820633059 0.7271705578125001 0.5494072754982415 0.75907791875 0.5527718053927315 0.8436064999999999 0.5577194900351701 0.8537750796875001 0.4928660586166471
1 0.8325839171875 0.5562176342321219 0.8596327531249999 0.5728458253223916 0.8610491625 0.5729951817116061 0.8711152453125001 0.5399353259085581 0.900751059375 0.5387454794841735 0.907301759375 0.5250668194607269 0.8927653609374999 0.5064921606096132 0.8834774890625001 0.5055127831184056 0.860057659375 0.5039754560375146 0.8312300296874999 0.5028294443141852 0.8259604843749999 0.5212950070339977 0.7769012562500001 0.5211250937866354 0.7762349203125 0.5246824009378663 0.781144284375 0.5497057022274325 0.8325839171875 0.5562176342321219
1 0.5521741390625 0.4715823845252051 0.622719759375 0.4761611899179367 0.630218209375 0.428027388042204 0.5535120140625 0.4226335568581477 0.5123562500000001 0.3764063165298945 0.482173490625 0.3732236400937866 0.4521632359375 0.41397946776084404 0.4276326265625 0.4904340679953107 0.4262427140625 0.49785426846424385 0.528128984375 0.5048494220398593 0.5521741390625 0.4715823845252051
1 0.23521771249999998 0.3926030105509965 0.20645988750000002 0.4293744243845252 0.17863219218749998 0.4362718206330598 0.14695165937500002 0.46421670691676437 0.145526359375 0.4718258335287222 0.3022751125 0.5138890996483001 0.269772159375 0.4430911735052755 0.27673101718750004 0.3948505932004689 0.23521771249999998 0.3926030105509965
1 0.105572225 0.37757713247362246 0.0451746953125 0.36029142438452516 0.024813545312499997 0.3581444067995311 0.003646759375 0.4711456799531067 0.0486851875 0.4753038288393904 0.054739673437500004 0.4239479249706917 0.08202095625 0.4187857033997655 0.105572225 0.37757713247362246
1 0.57706605 0.5097521981242673 0.5978369609375 0.5146186201641266 0.6043858281250001 0.5374142286049238 0.6883777484375 0.5555166037514654 0.6884136265625 0.5550544290738569 0.679984940625 0.5011758710433764 0.6472246625 0.49456353106682294 0.634223240625 0.4531849261430246 0.6294364921875 0.45268017819460726 0.6002724875000001 0.45645499648300114 0.5893469812500001 0.4900394208675264 0.578332496875 0.5029911289566237 0.57706605 0.5097521981242673
1 0.704991840625 0.49428810082063307 0.6781395078125 0.49672506682297773 0.6763964796875 0.5046821875732708 0.67805856875 0.5366671652989449 0.717286571875 0.5684243364595545 0.7406151140625 0.5379479906213365 0.7407097765625 0.5374426248534584 0.7005472296875 0.5196494314185228 0.71006255625 0.4947552368112544 0.704991840625 0.49428810082063307
1 0.6181472421875001 0.5579074607268464 0.6143634375 0.5381540855803048 0.625240375 0.5165483763188746 0.6252900390625 0.5161492180539273 0.6008724359375 0.5088608956623681 0.587689 0.5074707444314185 0.5906909015624999 0.5276853048065651 0.5710652453125 0.5417881735052755 0.570939246875 0.5424608276670575 0.6181036343749999 0.5578999062133646 0.6181472421875001 0.5579074607268464
1 0.44696625 0.4189540668229777 0.43668372031249997 0.37197845134818286 0.3985059328125 0.36795272567409143 0.387930340625 0.42441171864009375 0.4150645625 0.42540200468933176 0.42551960468749994 0.5204884243845253 0.4872849640625 0.5263248862837046 0.44696625 0.4189540668229777
1 0.39104026406250003 0.5071709413833528 0.385707375 0.5271346881594373 0.43805354375 0.5297261559202814 0.43470241249999997 0.4866773821805393 0.41200130625 0.4604711195779601 0.388396209375 0.4568596014067995 0.37189925156250003 0.4551200492379836 0.3711350671875 0.45798077960140676 0.3728913 0.4956918135990621 0.39104026406250003 0.5071709413833528
1 0.592051903125 0.5323116400937866 0.596297546875 0.5169588558030481 0.56670554375 0.5188303657678781 0.5496970937500001 0.5034646189917936 0.5249445671874999 0.5008545439624853 0.5093785609375 0.500472855803048 0.5070490046875 0.5129094560375147 0.5080634125 0.5336595779601406 0.5531024171875 0.5411609742086753 0.592051903125 0.5323116400937866
1 0.35414957343750003 0.5082124243845252 0.395796975 0.5086044525205159 0.40057002812500003 0.48389316881594374 0.3837796484375 0.4812337362250879 0.3495177984375 0.4776209331770223 0.30739005937499997 0.4837484572098476 0.30260546875 0.509291531066823 0.30264641875 0.5242197502930832 0.33822347812500003 0.5204797338804221 0.35414957343750003 0.5082124243845252
1 0.245984140625 0.4555833282532239 0.242023953125 0.4553581770222743 0.2204464015625 0.4593404982415006 0.2196601578125 0.4635379472450176 0.226380790625 0.4914225650644783 0.2691403859375 0.5001195791324736 0.2729682453125 0.5160017702227433 0.2960899796875 0.5382829706916764 0.29649389843749996 0.5383255627198125 0.298870290625 0.4845787245017585 0.245984140625 0.4555833282532239
1 0.159657690625 0.45895896483001175 0.11993761249999998 0.4568101688159437 0.1167076203125 0.47405384642438453 0.11712521093749999 0.4963907467760844 0.1544098078125 0.4961631383352872 0.2131542875 0.45969027315357563 0.20172921875 0.45848553575615475 0.159657690625 0.45895896483001175
1 0.064926084375 0.48856366940211016 0.042868282812500005 0.46777894607268466 0.04068324375 0.4675485416178195 0.073522890625 0.509053082063306 0.0993746875 0.521345654161782 0.10340674218749998 0.49611685111371634 0.10362930156250001 0.4935110890973037 0.064926084375 0.48856366940211016
1 0.3453559203125 0.5506145627198125 0.3453605421875 0.5505926694021103 0.3456258640625 0.5491762157092615 0.3491212375 0.5130947409144196 0.3364889265625 0.5117627045720985 0.30932459218749997 0.5122578253223915 0.3021275140625 0.5382980762016413 0.300798121875 0.5445956213364596 0.3453559203125 0.5506145627198125
1 0.4720501640625 0.5213217889800703 0.46276175 0.5387529531066823 0.4609083625 0.5486474724501759 0.502329090625 0.5569328100820633 0.5070852953125 0.537986389214537 0.50933379375 0.52598252989449 0.5045848687500001 0.5247524689331771 0.4720501640625 0.5213217889800703
0 0.481857878125 0.2508766189917937 0.5136325578125 0.28470926025791327 0.5338785374999999 0.2538946694021102 0.4428710546875 0.15006630949589683 0.4398635546875 0.14974917819460726 0.36513300000000004 0.31025821805392734 0.3642477328125 0.3149843106682298 0.42633502187500005 0.35788112543962486 0.426996546875 0.3579597373974209 0.481857878125 0.2508766189917937
0 1 0.1787098710433763 0.882256796875 0.1677303036342321 0.8661521921875 0.1663179835873388 0.8660846265625001 0.16662642907385697 0.9338114265625 0.2941750316529894 0.941467828125 0.2949823739742087 1 0.28283819929660026 1 0.1787098710433763