1 0.268662209375 0.404886713950762 0.2445153609375 0.3740295052754982 0.1982628609375 0.3681471055099648 0.1581907796875 0.3639216318874561 0.13918664218750001 0.44867609613130127 0.18680747656250002 0.47753597186400937 0.2396046921875 0.43943765650644784 0.3149119375 0.45399915240328254 0.32941153437500004 0.40624466705744433 0.268662209375 0.404886713950762
1 0.109954440625 0.4412242075029308 0.09377839375 0.4678802754982415 0.14261389375 0.47640677960140676 0.1407650328125 0.4951594818288394 0.20023630468750003 0.5032751160609613 0.221442975 0.4877144185228605 0.2223706203125 0.48276208089097306 0.22151402187499997 0.4724406963657679 0.193298196875 0.4661804525205158 0.196031165625 0.43207486400937867 0.1956178296875 0.4320294372801876 0.1621555125 0.44380180070339975 0.109954440625 0.4412242075029308
1 0.5698958671875001 0.4738192626025791 0.5708361 0.4657559214536929 0.5167098703125 0.4232515369284877 0.5282643578124999 0.3721645052754982 0.4644194796875 0.36543226611957796 0.4526829171875 0.41518445252051583 0.4031374109375 0.4267086916764361 0.385512203125 0.5036221957796014 0.5015490406249999 0.4993516881594373 0.566221196875 0.4839130867526378 0.5698958671875001 0.4738192626025791
1 0.6980173703125 0.5313092532239156 0.7625053390625001 0.5359616916764361 0.8414022140625 0.5726867690504104 0.843198475 0.5630972250879249 0.8389915015625 0.45110000468933176 0.8314139812500001 0.4503009788980071 0.78261398125 0.46862243962485345 0.7648812984375 0.48737948065650644 0.7082850796875 0.5008093751465417 0.6980173703125 0.5313092532239156
1 0.8926087703125001 0.5689504314185229 0.9890254781250001 0.5679744044548651 0.9911662546875 0.5565456236811254 0.984924065625 0.5221868452520516 0.9606642687500001 0.5100357456037515 0.9725381296875 0.4591739284876905 0.9410455859375 0.4535743036342321 0.925680003125 0.45195405158264945 0.8926087703125001 0.5689504314185229
1 0.32358299375 0.4405277608440797 0.306619684375 0.46445018405627203 0.3574337328125 0.48004307033997656 0.3550342875 0.5048574712778429 0.4208653546875 0.5181383528722157 0.42438077500000004 0.4993708851113716 0.427640903125 0.4547013106682298 0.40015332187499997 0.44677744196951935 0.40074939374999996 0.43211741383352875 0.391060659375 0.4310957678780774 0.3709952515625 0.43719119812426727 0.32358299375 0.4405277608440797
1 0.327663115625 0.5155418229777257 0.33773699218750003 0.4986326916764361 0.3390544328125 0.4915993810082063 0.30593915625 0.4918729214536929 0.2957771828125 0.4601156154747948 0.28850854375 0.4593491606096131 0.248586884375 0.4669626506447831 0.27746939843749996 0.5035752192262603 0.327663115625 0.5155418229777257
1 0.371081084375 0.4890926916764361 0.3696701078125 0.4966253540445486 0.3734467890625 0.5135826553341148 0.36515017968749997 0.531358899179367 0.3657949609375 0.5314268898007034 0.41476687187500005 0.5311360539273153 0.414784440625 0.5309853833528723 0.39876479374999996 0.5108187467760844 0.4074560671875 0.48985749120750294 0.4074014640625 0.4898497737397421 0.371081084375 0.4890926916764361
1 0.6316790359375 0.4046133329425557 0.6327010125 0.39264785111371625 0.58185539375 0.3872863423212192 0.5623084875 0.4318031746776084 0.5019336734375 0.5278662286049238 0.563851553125 0.5358997162954279 0.592465503125 0.4452089777256741 0.6212179765625 0.45062713364595547 0.6316790359375 0.4046133329425557
1 0.6242051578125001 0.5265037514654162 0.6423766203125 0.4980267573270809 0.64468978125 0.4856776787807737 0.5989422921875 0.4782161864009379 0.5936094015625 0.4981799343493552 0.570504046875 0.5053089261430246 0.5471215078125 0.5441396354044549 0.5891501515625001 0.546619817116061 0.6242051578125001 0.5265037514654162
1 0.46470207343750003 0.479687837045721 0.43934150625 0.47525401641266124 0.4229113171875 0.47352150527549824 0.41709733125000004 0.5045601301289566 0.43408054687500003 0.5201652684642438 0.4259756140625 0.541663754982415 0.446888353125 0.5414629249706917 0.4639919109375 0.5171268429073856 0.4654255078125 0.5003420480656506 0.46470207343750003 0.479687837045721
1 0.6517907703125 0.5721916342321219 0.676724046875 0.5420952614302462 0.6841518609375 0.5024410433763189 0.6687091140625 0.5007438569753809 0.6563926859375 0.49997265650644784 0.64104003125 0.5299048335287222 0.619281365625 0.5385802825322391 0.600952634375 0.5632404243845252 0.6517907703125 0.5721916342321219
1 0.6860858296875 0.5250194220398593 0.7095721968750001 0.5727666260257913 0.7362020046875 0.5787721125439624 0.7737588 0.5827323563892145 0.7563251015625 0.564224815943728 0.7370590875 0.5563529050410316 0.736998165625 0.5227474572098476 0.6984661375 0.5070036342321219 0.686625634375 0.5228691031652989 0.6860858296875 0.5250194220398593
1 0.85973388125 0.5172153446658851 0.7981270328125001 0.5525482391559202 0.7870024640625 0.5799796072684642 0.8384656749999999 0.587416083235639 0.847992628125 0.555125388042204 0.8635628953125 0.517619101992966 0.85973388125 0.5172153446658851
1 0.9435663999999999 0.6084973833528722 0.9435701421875 0.6084773974208675 0.9164246031250001 0.5828914466588512 0.9214757375 0.5580575967174677 0.8874172859374999 0.5544662415005861 0.8866434171875 0.5585976260257913 0.8924178109375 0.5740112883939038 0.9435663999999999 0.6084973833528722
1 0.631919803125 0.5773646822977726 0.6759405359375 0.57811001992966 0.6836899843750001 0.5549413247362252 0.6846379265625 0.5496577620164127 0.6337995921874999 0.544297021101993 0.631919803125 0.5773646822977726
1 0.5249619734375 0.5352088909730364 0.526068634375 0.5258340105509964 0.5117271640625 0.5243217479484173 0.48151135468749995 0.5259158077373974 0.480918721875 0.5540059413833529 0.5207536109374999 0.5576757080890973 0.5249619734375 0.5352088909730364
0 0.5830083078125 0.37454002813599063 0.5831913046875 0.37455526729191085 0.70694544375 0.29651933177022277 0.711428428125 0.2725864138335287 0.7083688421875001 0.257719347010551 0.6641944921875 0.28387427784290736 0.6552210421875 0.17245794021101996 0.6500755921875 0.1719153692848769 0.5762520546875 0.1996117573270809 0.5830083078125 0.37454002813599063
0 0.12257521093749998 0.08432807151230949 0.0611952625 0.14706939155920282 0.051160539062499996 0.2006408933177022 0.2004794015625 0.21488955568581478 0.25838383125000003 0.17331668464243846 0.25885441249999996 0.16953458499413834 0.2432160515625 0.1403385181711606 0.19196383125 0.18248252872215712 0.1961675953125 0.11508121101992966 0.12550086875 0.08463657327080891 0.12257521093749998 0.08432807151230949