1 0.25628154687500004 0.45870036107854634 0.2113356171875 0.45575001406799537 0.1920813125 0.45694070105509965 0.193262559375 0.5142589812426729 0.14222910625000001 0.5417258335287222 0.13997323125 0.5610719753810083 0.15739018124999998 0.5867425193434935 0.2725925703125 0.5844601055099649 0.2746112609375 0.5758703282532239 0.2799032359375 0.5196619718640094 0.2453012203125 0.4976758253223915 0.25628154687500004 0.45870036107854634
1 0.13611816875 0.526128488862837 0.1460394875 0.5267797444314185 0.17421494531249998 0.5237992907385698 0.18288893125 0.4852763856975381 0.206061534375 0.4641811125439625 0.161177234375 0.45629221101992967 0.15958687031250002 0.43406813599062133 0.1413506359375 0.42907442321219225 0.11491679218749999 0.44058822157092614 0.11171617656249999 0.4859677913247362 0.1363337546875 0.490030080890973 0.13611816875 0.526128488862837
1 0.503131415625 0.49949875146541617 0.3895773421875 0.47715201758499415 0.3956991671875 0.5557437303634232 0.44276933124999995 0.5748503939038687 0.447129125 0.6265670656506448 0.5109891703125 0.6307589753810082 0.5069470218750001 0.5769033259085581 0.5604157375 0.5468238300117233 0.5630508796875 0.5242251418522861 0.503131415625 0.49949875146541617
1 0.7315145484375 0.550043304806565 0.726611646875 0.5966636424384525 0.7692771281249999 0.5994642954279016 0.7949957359375001 0.565174610785463 0.8224024156249999 0.5588633317702227 0.8540629203125001 0.5304263716295428 0.8547921859375001 0.5241722731535756 0.6964821203125 0.47834346893317703 0.7315145484375 0.550043304806565
1 0.9032050203124999 0.49908006330597887 0.891121434375 0.6180537162954279 0.8918265703125 0.6181000023446658 0.906401975 0.6182272532239156 0.9393983421875 0.6163876260257913 0.9470824125 0.564978429073857 0.9752544078125001 0.555865021101993 0.9965718000000001 0.5188770855803048 0.9974400375 0.5114311781946073 0.9032050203124999 0.49908006330597887
1 0.37800751093749996 0.5298324185228604 0.4081656359375 0.5252810691676436 0.428111028125 0.47086328135990624 0.42903037031249996 0.46297909730363423 0.4246419765625 0.4626910339976553 0.359291625 0.4676755123094959 0.35087782500000003 0.4922608511137163 0.29593616875 0.5013972461899179 0.2955233515625 0.5049375193434935 0.3008508984375 0.5270122297772567 0.345505203125 0.5358169495896834 0.370051653125 0.5479134595545135 0.370761465625 0.547953814771395 0.37800751093749996 0.5298324185228604
1 0.25754645 0.4720454302461899 0.299668246875 0.4864397538100821 0.2924752609375 0.5118872626025791 0.29759757656249997 0.5119319824150058 0.32346371406249996 0.5074422801875733 0.3247883625 0.4960822379835873 0.32059377499999997 0.4677259050410316 0.2793933484375 0.4402116811254396 0.2779304125 0.4401156518171161 0.25754645 0.4720454302461899
1 0.4132105484375 0.47933834818288396 0.42590499687500005 0.45806345369284873 0.42616535625 0.4568748745603752 0.3883123421875 0.44835628722157095 0.3897670890625 0.47064453106682297 0.37175121093749997 0.4834134056271981 0.3712930421875 0.48734260726846423 0.40300678124999995 0.49539837397420866 0.415083071875 0.4961910879249707 0.4132105484375 0.47933834818288396
1 0.5854448296875 0.5050203763188745 0.585877171875 0.5255021395076201 0.46072436406249995 0.5409012309495898 0.4576544671875 0.5672283341148886 0.4560423328125 0.586977349355217 0.458092878125 0.586977349355217 0.596529028125 0.5487724454865182 0.6629667125 0.536461614302462 0.6638150953124999 0.5315155064478312 0.665168465625 0.5102536060961314 0.5854448296875 0.5050203763188745
1 0.5963015359375 0.5267069472450175 0.6123630765625 0.5122922379835874 0.6392962109375 0.5145350937866354 0.6442299296875 0.47556537045720987 0.5857502203125 0.48172198710433767 0.5501353875 0.5004768511137163 0.546609484375 0.5307146060961313 0.5490762390625 0.5308765287221571 0.5963015359375 0.5267069472450175
1 0.47321403906250004 0.46069319343493553 0.47356157187500003 0.44830836459554513 0.429236884375 0.45029906799531066 0.4206510484375 0.4810351899179367 0.4201668625 0.4851875193434936 0.43201239999999996 0.5132079765533412 0.4396894859375 0.5142649906213365 0.45240458749999996 0.5150437373974209 0.4496915859375 0.49390061781946076 0.4709421359375 0.4801767819460727 0.47321403906250004 0.46069319343493553
1 0.6774838937500001 0.5025319554513482 0.6590077140624999 0.489345103165299 0.6530639921875 0.4572350996483001 0.6200783296875 0.45174503634232127 0.6177482249999999 0.4860122004689332 0.63534963125 0.5259483997655334 0.6785856671875 0.5287865052754982 0.6806593875 0.5110025064478312 0.6774838937500001 0.5025319554513482
1 0.7000814890625 0.45953725439624854 0.7120894515625 0.4913730457209848 0.7557216421875 0.49936158382180534 0.7617256218749999 0.5152794794841735 0.7802816265625 0.5309689976553341 0.78430905 0.49643026963657677 0.78305955 0.48318645486518175 0.727701575 0.4555178593200469 0.7211851031250001 0.4550901043376319 0.7000814890625 0.45953725439624854
1 0.8600890625 0.5390415662368112 0.8576289734375001 0.5109939132473623 0.8038454015625 0.46647462133645956 0.8079003374999999 0.5083530773739742 0.8072945984375 0.5409994454865182 0.8600890625 0.5390415662368112
1 0.9260976890625001 0.48860290504103165 0.8965807328125001 0.4629142086752638 0.9341226218750001 0.5082295287221571 0.947400425 0.5134813716295428 0.9608832906250001 0.5143664161781946 0.9646094609375 0.4957049226260258 0.9652384515625 0.490649674091442 0.9260976890625001 0.48860290504103165
1 0.680515775 0.4818407596717468 0.6949915140625 0.48224886166471276 0.697006775 0.46496620750293083 0.69524235 0.45234718640093785 0.651811396875 0.44677623915592024 0.6475649390625 0.479677796014068 0.680515775 0.4818407596717468
1 0.495052840625 0.4433329695193435 0.4920103671875 0.47652772801875737 0.53223005625 0.47916783352872216 0.535402015625 0.4519654724501758 0.495052840625 0.4433329695193435
0 0.47886653125 0.8052411254396249 0.5446516625 0.8417805838218054 0.5465320515625 0.8418216342321219 0.5929949718749999 0.7311983399765534 0.6275629390625 0.7616296060961314 0.6399272921875 0.7392573282532239 0.6415318203125 0.7254970773739743 0.5461455234375 0.6354203352872216 0.542868775 0.6352052426729191 0.47886653125 0.8052411254396249
0 0 0.8497004994138335 0.128237965625 0.7962224243845252 0.12860422656249998 0.7930814161781947 0.10407354531249999 0.7383339214536929 0.014502135937499999 0.7352171524032824 0.080960540625 0.7009322368112545 0.0549122046875 0.6902587479484174 0.036592709375 0.6890562180539272 0 0.7104737749120751 0 0.8497004994138335