1 0.83474768125 0.7364705882352941 0.8684309015625 0.7364705882352941 0.8746236296875001 0.7296362635294118 0.8796197046875 0.6612639247058824 0.8843188609375 0.6760783929411766 0.8887345953124999 0.6346963576470588 0.9037442890625 0.6146394376470589 0.8978494859374999 0.6081287882352941 0.904336284375 0.602874731764706 0.9050466796875 0.5887570847058823 0.9426534234374999 0.5678895105882352 0.9648603109374999 0.5284608894117647 0.9630027359375 0.45717583529411765 0.95650428125 0.44720429411764706 0.9322146765625 0.4352793388235294 0.863701475 0.4366033576470589 0.82994178125 0.45830479529411766 0.8151805421875 0.4888814282352941 0.814470146875 0.5029990752941177 0.805462 0.5119881058823529 0.768317196875 0.50821832 0.7227678984375 0.5168984564705883 0.7109375 0.5379706117647058 0.7109375 0.629571854117647 0.7122788390625 0.6326037035294119 0.7345323484375 0.654077465882353 0.8023351546875 0.666871094117647 0.8045246171875 0.7006461341176471 0.8164442765625 0.7265400894117647 0.83474768125 0.7364705882352941
1 0.6677718640625 0.5019116470588235 0.669532940625 0.5728014494117647 0.6902228703125 0.6001393364705883 0.7131848265625 0.6023551952941177 0.7320784046875 0.57647984 0.7317889 0.5104467035294118 0.754254934375 0.4819694352941176 0.7852608921875001 0.41659902352941175 0.793891746875 0.375 0.787201478125 0.35667441647058823 0.759076478125 0.35396031529411764 0.7557839921875 0.3218186517647059 0.7473948312500001 0.3104011082352941 0.7365027953125 0.30699268470588237 0.7252470468750001 0.32240778823529415 0.712747046875 0.3212015223529412 0.70498809375 0.30117647058823527 0.6730900937500001 0.30117647058823527 0.6527810140625 0.3460599905882353 0.620454246875 0.3582630517647059 0.61875 0.379524 0.61875 0.4181752682352941 0.62952771875 0.45578912235294117 0.6677718640625 0.5019116470588235
1 0.9392820328125 0.4952576776470588 0.9590491562500001 0.4964705882352941 0.9927139484374999 0.4964705882352941 0.9957693890625 0.4401043647058823 0.9897004218750001 0.4363812047058823 0.9759886078125 0.4001283388235294 0.9414541125 0.3720408611764706 0.9025694921875 0.36 0.8813136359374999 0.36 0.865625 0.3885251576470588 0.865625 0.4128356188235294 0.8699778531250001 0.4325761788235294 0.8837852625 0.4381449364705883 0.8779020531249999 0.4743758376470589 0.9392820328125 0.4952576776470588
1 0.9599417125 0.3001988823529412 0.9459436999999999 0.26450887529411765 0.932798859375 0.25932493647058824 0.90192088125 0.27857424235294115 0.884375 0.3278270894117647 0.884375 0.3341136705882353 0.8972135343750001 0.3469738705882353 0.919088534375 0.34582353882352945 0.9301794984375 0.3835294117647059 0.9553225281250001 0.3835294117647059 0.9680071828125 0.3561764705882353 0.9599417125 0.3001988823529412
1 0.8961668812499999 0.3021272870588235 0.8822704765625 0.29212099294117644 0.8390966750000001 0.2904743294117647 0.8271434796875001 0.30043380235294115 0.8362642015624999 0.3495717129411765 0.8497211078125 0.3654945929411765 0.8532268171874999 0.38539189647058825 0.8627785343750001 0.38823529411764707 0.8762277390625 0.38823529411764707 0.8847796140625 0.3757530988235294 0.8882955921875 0.3284204211764706 0.8945749875000001 0.31517116 0.896875 0.3182633929411765 0.896875 0.3071273905882353 0.8961668812499999 0.3021272870588235
1 0.5958593984375 0.5212156188235294 0.609626759375 0.5259323223529412 0.616189259375 0.5262198682352941 0.6331857828125 0.48171650588235293 0.63354788125 0.43002026352941175 0.6359375 0.4213468988235294 0.6359375 0.27915437882352945 0.625794890625 0.26396675058823527 0.603384178125 0.27356226352941176 0.58492684375 0.35267223764705885 0.593850465625 0.46824020941176475 0.5901451109375 0.51038776 0.5958593984375 0.5212156188235294
1 0.7624861187499999 0.3978375388235294 0.7635737421875 0.3979329317647059 0.7831798890624999 0.3825300470588235 0.789569590625 0.34294117647058825 0.7735836453125 0.3131984070588235 0.7714995140625 0.25161080705882355 0.762637740625 0.2447058823529412 0.75107704375 0.2447058823529412 0.72651768125 0.2582933105882353 0.7234375 0.2734302988235294 0.7234375 0.2870150094117647 0.7501065734375 0.3489268611764706 0.74890501875 0.3771621552941176 0.7624861187499999 0.3978375388235294
1 0.8703125 0.3240335505882353 0.8703125 0.31000383764705886 0.859131840625 0.29909848 0.8291165578124999 0.29438259294117647 0.8191952546874999 0.2833577623529412 0.7976480375 0.29214296 0.7953125 0.3015050282352941 0.7953125 0.30750376705882354 0.8021934249999999 0.3224845694117647 0.820943425 0.3210048211764706 0.8383385390625 0.3388235294117647 0.8453695484375 0.3388235294117647 0.857099446875 0.3228745176470588 0.8703125 0.3240335505882353
1 0.5057267203125 0.33962168235294116 0.4958889875 0.3326348352941177 0.46564775156250005 0.33049782588235294 0.451070040625 0.4259599552941177 0.4453125 0.4294892376470588 0.4453125 0.5088024070588235 0.44785710781250004 0.5223529411764706 0.524456328125 0.5223529411764706 0.5318958359375 0.5073529411764706 0.5157849875 0.4414224729411764 0.51916759375 0.39417158117647055 0.5057267203125 0.33962168235294116
1 0.4566556765625 0.3505511152941177 0.4390625 0.36360911529411766 0.4390625 0.37428728 0.44149956875 0.3690050070588235 0.44536686249999996 0.3832458682352941 0.46228095937499997 0.38840352705882353 0.495776965625 0.3775013082352941 0.512768975 0.35438260235294117 0.5192438593750001 0.39107907999999997 0.528334521875 0.4 0.5330567578125 0.4 0.564663665625 0.3769554776470588 0.575132275 0.35837837411764706 0.598296371875 0.3637003176470588 0.6054738859375 0.33443230117647055 0.5974952906250001 0.3236181764705882 0.5770460890625 0.32543719764705886 0.5673388984375001 0.30397323058823533 0.5504508968749999 0.2988235294117647 0.5504219124999999 0.2988235294117647 0.5411085890625 0.32449256941176474 0.520112584375 0.3357233552941176 0.513042378125 0.34967672 0.497554078125 0.34691307294117646 0.4765580734375 0.3581438588235294 0.4566556765625 0.3505511152941177
1 0.4789487078125 0.27088235294117646 0.46154825937500005 0.24147058823529413 0.438292615625 0.23205882352941176 0.418556778125 0.2426470588235294 0.4101077796875 0.27558823529411763 0.4098349953125 0.2897058823529412 0.4220622109375 0.3038235294117647 0.42477803437499995 0.325 0.415084784375 0.34147058823529414 0.4078125 0.3850454682352941 0.4078125 0.4072866729411765 0.4314679734375 0.4235294117647059 0.4445894234375 0.4235294117647059 0.4496583625 0.41205882352941176 0.45906210625000005 0.3297058823529412 0.476795175 0.3014705882352941 0.4789487078125 0.27088235294117646
1 0.378125 0.4202176282352941 0.378125 0.4094798117647059 0.3705323390625 0.37567036941176474 0.356288 0.3640288635294118 0.3142459703125 0.3738102329411765 0.3033078171875 0.3233109764705882 0.2863742375 0.2893370635294118 0.2074127828125 0.23590386588235293 0.1879724515625 0.2419573317647059 0.18372136249999999 0.2702336941176471 0.1774713625 0.2702884494117647 0.183830465625 0.2772925176470588 0.18441234687500002 0.31493957647058823 0.163674121875 0.3381264070588235 0.1645402171875 0.3941618117647059 0.1725676171875 0.40799710823529417 0.18815625 0.40550727764705885 0.2016738890625 0.42068504 0.20276491718749998 0.4912732752941177 0.237358121875 0.5050897623529412 0.232198496875 0.5251376752941177 0.185433253125 0.5832022470588235 0.1825628265625 0.5997002141176471 0.19014073125 0.6141176470588235 0.2021870640625 0.6141176470588235 0.2208986265625 0.6028942447058824 0.23612358437499997 0.5768750023529412 0.2946621296875 0.5222371717647059 0.31551883593749996 0.45616317411764706 0.36235746875 0.4533995623529412 0.378125 0.4202176282352941
1 0.2336135390625 0.6786368917647059 0.21186859375 0.6682886470588235 0.20012561093749998 0.6223822352941176 0.17790706875 0.6026222258823529 0.1316240640625 0.6201489976470589 0.13019161875000002 0.6073038564705882 0.1198577703125 0.6050228917647059 0.11445987500000002 0.5914814517647059 0.07250917343749999 0.6013731952941176 0.060447804687499995 0.6584919670588235 0.045047946875 0.6805086894117647 0.023528145312500002 0.6902564776470588 0.009383134375000001 0.7215889317647058 0.014867940625000001 0.8305882352941176 0.3359375 0.8305882352941176 0.3359375 0.521473651764706 0.332534446875 0.5043037011764706 0.3171579 0.49554012 0.2629206859375 0.5424546023529412 0.250882628125 0.5687930705882353 0.2493919046875 0.6328986870588236 0.2336135390625 0.6786368917647059
1 0.2090731890625 0.39086181647058826 0.18322131875 0.34334526117647063 0.17697131875 0.34350954352941176 0.162253846875 0.3650556517647059 0.1432127484375 0.37496026588235293 0.08874357187500001 0.36933891764705884 0.075079178125 0.40731454352941177 0.053058629687500004 0.41259541411764705 0.0484375 0.4182947388235294 0.0484375 0.4276963905882353 0.11947971718749999 0.47058823529411764 0.1362055484375 0.47058823529411764 0.1643942359375 0.44728538117647054 0.192810334375 0.4371343435294118 0.2069284921875 0.4097264188235294 0.2090731890625 0.39086181647058826
1 0.2876227234375 0.26813986352941177 0.2895124875 0.31047911529411765 0.313404521875 0.3690973105882353 0.3284123875 0.3764705882352941 0.3303431125 0.3764705882352941 0.34375 0.3559248635294118 0.34375 0.33729604 0.3407840859375 0.27238032 0.3087239578125 0.2520715670588235 0.307087053125 0.2520859082352941 0.2876227234375 0.26813986352941177
1 0.1777002 0.26731226588235296 0.16506349843749998 0.26977472 0.146875 0.29119701176470586 0.146875 0.3024026211764706 0.1618472671875 0.37176470588235294 0.222496928125 0.37176470588235294 0.23401925937499998 0.3597127270588235 0.2320951734375 0.32562930117647054 0.20397017343749999 0.32587570352941175 0.1777002 0.26731226588235296
1 0.657604459375 0.2788315905882353 0.6215031859375 0.27790998352941176 0.6135235890625 0.2964619788235294 0.6159049609375 0.3198268564705882 0.616114715625 0.32 0.653418003125 0.32 0.6900827671875 0.31083503529411766 0.690625 0.30786068470588235 0.690625 0.29094372470588237 0.67265625 0.26071566588235295 0.66015625 0.26203193647058826 0.657604459375 0.2788315905882353
1 0.7051100109374999 0.24527264 0.690625 0.2464849011764706 0.690625 0.30020104 0.7002050750000001 0.31058823529411766 0.7098355484375001 0.31058823529411766 0.7126037765625 0.30937721647058825 0.72059161875 0.29209990588235296 0.7206872140625 0.2614295058823529 0.7051100109374999 0.24527264
1 0.31875 0.25227438823529413 0.328652184375 0.29587306823529413 0.330079740625 0.29596066352941175 0.3440227765625 0.2726470588235294 0.335135778125 0.23555328235294118 0.31875 0.24937448470588236 0.31875 0.25227438823529413
1 0.1151500515625 0.27085914588235294 0.11163926718749999 0.2370841082352941 0.0897642671875 0.23900271294117648 0.0778955125 0.2529717129411765 0.075 0.27139956470588233 0.075 0.2753645764705882 0.0951256 0.31529411764705884 0.12173765781250001 0.31529411764705884 0.1295165140625 0.31073370588235294 0.1363120390625 0.31529411764705884 0.1398224609375 0.31529411764705884 0.1151500515625 0.27085914588235294
0 0.3984177109375 0.7623020188235294 0.408858303125 0.7403032894117647 0.4294076015625 0.7338158447058823 0.605733303125 0.7230358423529412 0.6332663078125 0.7323337717647058 0.6384507140625 0.7529620682352941 0.6102073156250001 0.7577817882352941 0.585941021875 0.7763080235294118 0.48149031875 0.7807840376470588 0.473571075 0.7990477905882353 0.5001685421875 0.8423948447058823 0.525286940625 0.8378492117647058 0.5226238828125 0.8134859388235294 0.531750428125 0.8021439647058823 0.5841417234375 0.7811509505882352 0.6026549250000001 0.7842123129411764 0.6002752859375 0.8160455411764705 0.62325084375 0.838627254117647 0.7249084328125 0.7969153105882353 0.764467840625 0.8145286588235294 0.7920125 0.8390521835294117 0.78805870625 0.8557968564705882 0.7922842640625001 0.8800230894117648 0.731109965625 0.8900736564705882 0.72126136875 0.9003076799999999 0.7011856671875 0.89738336 0.696746621875 0.9083142023529412 0.728363475 0.9137401105882352 0.7305179703125 0.9018383623529411 0.74157386875 0.8985261176470588 0.7385789234375 0.9116728588235293 0.748675975 0.9119585482352941 0.75719886875 0.8971556870588234 0.7695804703125 0.8984122823529411 0.7798658515625 0.9876986070588235 0.7822267421875 0.9952941176470588 0.8326153125 0.9952941176470588 0.84572765 0.9772369082352942 0.843076246875 0.9680992305882353 0.8533984406249999 0.9484534423529412 0.8442602390625 0.9445698188235294 0.8529015328125 0.9274140141176471 0.84388173125 0.9211774494117646 0.857210525 0.9036105152941176 0.851315721875 0.897099865882353 0.8879519625000001 0.8646046282352942 0.8853005578124999 0.8554669505882354 0.9118514031249999 0.8379116188235294 0.9189068859375 0.7904416658823529 0.9073540796874999 0.7727144823529412 0.9091300671875 0.7374203647058823 0.9212632140625001 0.7281572470588236 0.9808750125 0.7182437223529412 0.991564059375 0.706764705882353 0.9708031187499999 0.5938003223529412 0.9564921640625 0.5845139976470588 0.775383875 0.6285092611764707 0.7783788203124999 0.61536252 0.7690038203125 0.6161847811764706 0.7708147734375 0.6265674517647059 0.765642021875 0.6211647482352941 0.7603275593750001 0.5876637976470588 0.7520414625 0.5977607764705882 0.7427848625 0.5962300964705882 0.7406303656250001 0.6081318447058823 0.731255365625 0.6089541035294118 0.7355760140625 0.6003762023529412 0.7271598625 0.5976005270588235 0.7233244671875 0.6119922611764707 0.7074626687500001 0.6180685764705882 0.7037456734374999 0.6301073670588235 0.7010942703125 0.6209696894117648 0.6826994671875 0.6155553858823529 0.672614071875 0.630495291764706 0.6655119671875 0.6170628611764706 0.6568706734374999 0.6342186635294118 0.6530119671875 0.6181592070588235 0.6417192703125 0.6261773317647058 0.634380365625 0.6174507835294117 0.6245317703125 0.6276848070588236 0.614186265625 0.6168794047058823 0.603130365625 0.6201916470588236 0.602740203125 0.5815736823529412 0.5938504546875001 0.5882097741176471 0.57725495 0.5779525435294117 0.5670744671875 0.6256965835294117 0.519607471875 0.6415725858823529 0.5156536765624999 0.6583172588235294 0.5036272734375 0.65000184 0.49209777812500005 0.6627258494117647 0.362410278125 0.6741004376470588 0.33681828281250004 0.6880578329411765 0.3244250265625 0.6715756423529412 0.3265329 0.5987715082352941 0.3200461015625 0.6040255647058824 0.316589215625 0.641809665882353 0.291777546875 0.7330029929411764 0.2824142015625 0.7490508494117647 0.275 0.7502838423529412 0.275 0.7731266964705882 0.2796677109375 0.7727173035294118 0.3308983234375 0.8057048917647058 0.3368998703125 0.7946370070588236 0.328235265625 0.7813416188235294 0.3372434125 0.7723525858823529 0.3984177109375 0.7623020188235294
0 1 0.8245493435294118 0.9862652734375 0.8226186 0.945513009375 0.7871846729411766 0.9314414187500001 0.7839688564705882 0.9259863046874999 0.7871627058823529 0.9385590265625 0.8067532352941176 0.9300061828124999 0.8168141576470588 0.8675243640625 0.81768504 0.858231178125 0.8382862611764705 0.8457402671875001 0.8398722023529412 0.6785436781249999 0.8272606352941178 0.6441323156250001 0.8157396188235294 0.6276487984375 0.7947329317647059 0.658094821875 0.7907201411764706 0.6783527796875 0.7778488705882354 0.7877368703125 0.7869130611764705 0.7931374421874999 0.7696015647058824 0.7774397203125 0.7498192870588236 0.76559825 0.7173355176470588 0.7359289312499999 0.7202197741176471 0.7383681296875 0.7450694705882352 0.7251368765625 0.7571957082352941 0.679869828125 0.76618004 0.6657982375 0.7629642235294117 0.66028858125 0.752040425882353 0.6664749484375 0.7359533364705882 0.639026659375 0.7072167011764705 0.537591425 0.7339260023529411 0.5031437015625 0.7129932211764706 0.4710079125 0.6839689623529411 0.471639171875 0.6451933694117646 0.5419244 0.64244892 0.5903164484375 0.6336563411764706 0.5941908828125 0.6256607341176471 0.505877815625 0.6120085011764705 0.4767852140625 0.56199952 0.47668658593749996 0.5364705882352941 0.3980383125 0.5364705882352941 0.3900437375 0.5507961035294118 0.36501646718749997 0.5422032800000001 0.3049193046875 0.5538062094117647 0.3291789609375 0.5658805082352941 0.3347067984375 0.5815101882352941 0.2973886046875 0.6262680117647059 0.3029073515625 0.6395447505882352 0.3341664421875 0.6438151929411765 0.3301283828125 0.6094578588235294 0.3386812265625 0.599396934117647 0.3651982734375 0.5892621035294118 0.39414543125 0.6016240282352942 0.3809869 0.6325737952941176 0.3443636 0.655026614117647 0.3475704125 0.6763948352941176 0.3414567671875 0.7113054541176471 0.33366244843750004 0.7155319600000001 0.350922671875 0.7354101152941177 0.357272665625 0.7616759670588236 0.34091641250000004 0.7736104564705882 0.284675503125 0.7725118988235294 0.276122659375 0.7825728211764706 0.2951362796875 0.8519586141176471 0.298406725 0.8897974235294117 0.31413171875 0.9166385270588235 0.306364671875 0.9279238564705883 0.3087947796875 0.9504206117647059 0.5416072796875 0.9647059882352941 0.60875841875 0.9594168470588236 0.6431788703125 0.9732908047058824 0.6877146656249999 0.9771997129411766 0.7041163703125 0.9770299294117648 0.7063101296875 0.9383502117647059 0.725800471875 0.9289604141176471 0.7695322921875001 0.9269390329411765 0.79291525 0.9142595105882353 0.8054516109375 0.9244382752941176 0.831950478125 0.9095975623529411 0.914762978125 0.9146789364705882 0.9381641171874999 0.9067052964705883 0.94686240625 0.9342914329411766 0.9423476234375 0.9787096917647059 0.9541254609375001 0.9947228705882354 0.9778487859375 0.86797364 0.9879368578125 0.8509497694117648 1 0.8506212823529412 1 0.8245493435294118