1 0.2996433625 0.802515503125 0.300820928125 0.7605641999999999 0.3008235890625 0.7602593625 0.2755906734375 0.74513780625 0.2574054609375 0.7641781062499999 0.24268572812500003 0.7965300875 0.2422218703125 0.8496789187499999 0.24321508593750002 0.882911953125 0.2499981046875 0.906028528125 0.24664814218750003 0.9777975281250001 0.248070478125 0.988155796875 0.2902588484375 0.989628596875 0.2996433625 0.802515503125
1 0.21089575 0.41771783124999995 0.205638025 0.454165775 0.22008825625 0.531430096875 0.18863239062499998 0.575749940625 0.1761467125 0.6327311156250001 0.1750725296875 0.769558896875 0.188786409375 0.7890854843749999 0.2033767390625 0.79594149375 0.332131515625 0.800436340625 0.3365022578125 0.7905433375 0.3372599765625 0.7037240375 0.3196174140625 0.654721240625 0.3106679921875 0.6095593781249999 0.2981865703125 0.57779246875 0.2829943109375 0.56112119375 0.2866916796875 0.524400221875 0.280207171875 0.45475770937500004 0.27166762499999997 0.4252375375 0.2547510625 0.4020365625 0.2251862890625 0.3999773875 0.21089575 0.41771783124999995
1 0 0.765683428125 0.0428548 0.797629175 0.0633590265625 0.83820808125 0.2118317171875 0.8330248812500001 0.22199923593749998 0.76842584375 0.2257380296875 0.6768216125000001 0.217668975 0.6450470312500001 0.20672647500000002 0.645429034375 0.197509184375 0.680033215625 0.1896585015625 0.6429082968750001 0.1593669 0.639290909375 0.1914882609375 0.5789544906249999 0.20445514375 0.42092201874999996 0.190731990625 0.420442940625 0.184842196875 0.43582372812500003 0.186822171875 0.463803846875 0.1683875875 0.53301220625 0.1342398640625 0.5856279125 0.10635677343750001 0.58036815 0.00072973125 0.605871678125 0 0.606544290625 0 0.765683428125
1 0.5312939703125 0.5042179531250001 0.5474922671875 0.5015955812499999 0.5501649125 0.48197700625 0.55037225625 0.45821953125 0.53930456875 0.43503798125 0.5142715921875001 0.42274999375 0.5031616578125 0.3902159125 0.4890203609375 0.372948675 0.45777915468749997 0.3661855 0.442993690625 0.37227316875 0.44429261875000003 0.46145825937499996 0.4491033875 0.483886596875 0.478264503125 0.5023666875 0.5312939703125 0.5042179531250001
1 0.3306287484375 0.6717441187500001 0.3291056984375 0.695159296875 0.3229654265625 0.69814315 0.3792282046875 0.7295845625 0.379364190625 0.7140033125 0.365400275 0.661609703125 0.35736935000000003 0.655169309375 0.3306287484375 0.6717441187500001
1 0.24530448593749998 0.49647304375 0.245189575 0.509639528125 0.25013909375 0.530528178125 0.2643069640625 0.541779540625 0.2938791890625 0.5428119125 0.32851479375000003 0.524004575 0.35479983437499996 0.5395890999999999 0.38204106250000003 0.46983621875 0.38235959375 0.454201575 0.3803317515625 0.4001178875 0.3674119421875 0.381394234375 0.3079949421875 0.45587028125 0.2673413875 0.45426534687500003 0.2530365046875 0.465121684375 0.24530448593749998 0.49647304375
1 0.6125222921875 0.953996715625 0.6950778015625 0.9568787375 0.722966903125 0.9159375031250001 0.7232383171875 0.884839 0.6906959125000001 0.8505791468749999 0.678036665625 0.82171698125 0.6670848640625 0.817954596875 0.6559875609375 0.789183328125 0.6308873187499999 0.768972328125 0.6113721046875 0.769399184375 0.61151760625 0.7944080718750001 0.6038170093749999 0.812710259375 0.6029643874999999 0.9345376906249999 0.6125222921875 0.953996715625
1 0.5354839796875 0.47618918125 0.5238464640625 0.535603403125 0.5286711609375 0.544984596875 0.5379702203125001 0.754497903125 0.5432043640625001 0.7920226687499999 0.553612378125 0.8092215218750001 0.600956315625 0.8160719999999999 0.6062676203125 0.81625741875 0.608215228125 0.81625741875 0.6122378 0.81078505625 0.6112369296875 0.7419896406250001 0.6005559500000001 0.706028403125 0.5385320859375 0.6857024843749999 0.5422342078125 0.6716306999999999 0.6409767609375 0.6412081187500001 0.641418115625 0.59063775625 0.6401714890625 0.582509365625 0.6122401187500001 0.48869744062500003 0.5928958375 0.44804560625 0.603289075 0.41052083437500003 0.6052317031250001 0.3292171625 0.5932154578125 0.30889124687499997 0.5743716125 0.30263711875 0.5553605687500001 0.338598359375 0.55975988125 0.426156153125 0.5354839796875 0.47618918125
1 0.676280640625 0.8934938375 0.676180646875 0.9049512656250001 0.6862079640625 0.939048853125 0.7013547984375 0.94465713125 0.7104507484375 0.9438098281249999 0.7576658078125 0.9121146875000001 0.7223298609375 0.871731103125 0.7260941515625 0.82770526875 0.7587377796875 0.7310747906249999 0.757966059375 0.702785140625 0.7388369609375001 0.70211734375 0.7378281671875 0.7189841 0.7302353593750001 0.7040930999999999 0.7236157375000001 0.729666975 0.7146407124999999 0.7024261125 0.7134723984375 0.729052015625 0.70556145625 0.7360282437500001 0.7016153734375 0.79254963125 0.6977735218750001 0.788228025 0.690485515625 0.80606501875 0.676280640625 0.8934938375
1 0.6503870859374999 0.63339455 0.68844755625 0.6347232468749999 0.7301911999999999 0.6115190625 0.730319034375 0.6107062 0.730713140625 0.565549434375 0.6900248546875 0.44380127500000005 0.6942726046875001 0.406716678125 0.6859194421875 0.35908821875 0.6771676203125 0.34421786875 0.664675871875 0.34305424375000004 0.651603521875 0.359014996875 0.64615818125 0.42722160625 0.623209196875 0.46568750937500003 0.6158748968750001 0.505607946875 0.6503870859374999 0.63339455
1 0.780161246875 0.841080925 0.862961134375 0.8439714781250001 0.8746781 0.8271904031249999 0.8731158375 0.7802537218750001 0.8899296375000001 0.7655507625 0.89000066875 0.75741211875 0.8895195875 0.7448834062499999 0.8817082781250001 0.722732378125 0.8567120859375 0.7749928500000001 0.8317158921875001 0.7928730875000001 0.79109708125 0.76020031875 0.7723499359375 0.7626713281249999 0.7637574953125 0.7795614843750001 0.7637574953125 0.81081624375 0.7723499359375 0.837682753125 0.780161246875 0.841080925
1 0.7656836421875 0.5214194937500001 0.8047304656250001 0.5343150249999999 0.820368128125 0.499216778125 0.8204497749999999 0.48986161250000004 0.818208203125 0.46932098125 0.792484571875 0.44455910625 0.7731338828125 0.378733328125 0.7617768515625001 0.359115815625 0.7514585640625 0.358755603125 0.728582321875 0.377158090625 0.705017865625 0.41629815625 0.6924992453125001 0.420297 0.6916901265625001 0.42972708125 0.6916352328125 0.44859823125 0.700685915625 0.561891059375 0.7086423640625 0.571490071875 0.7135568218749999 0.5711468375 0.7264640921875001 0.56790198125 0.7656836421875 0.5214194937500001
1 0.8224190078125 0.538554296875 0.9063591656250001 0.591617203125 0.9130958343750001 0.599420575 0.90518923125 0.643119440625 0.9061860140625001 0.699303696875 0.9137113625 0.718812115625 0.9331515093749999 0.7188121187500001 0.9505339812500001 0.68369695625 0.9667146437499999 0.60722394375 0.9913873203125 0.615963715625 0.999331253125 0.40629343437500004 0.9995887078125 0.376794284375 0.8050165 0.37000174375 0.7762886499999999 0.394972309375 0.7580530421875 0.36836224375 0.715599428125 0.366880184375 0.7054670468750001 0.36688018125 0.6810925640625001 0.41213972187500003 0.6803856296874999 0.42314460625 0.6798636921875 0.48294818125 0.6919895140625 0.536993625 0.70762956875 0.557282384375 0.75462996875 0.5541610343750001 0.782024340625 0.5323116031249999 0.8003970656250001 0.501098128125 0.8224190078125 0.538554296875
1 0.42898013281249997 0.713382634375 0.4318136390625 0.722653878125 0.455416928125 0.723477871875 0.45596288124999995 0.7111928625 0.45624853125 0.678463090625 0.4230673859375 0.6285155437500001 0.3996453578125 0.62633374375 0.39211098125 0.6443688625 0.37640530625 0.63666020625 0.350800303125 0.645204953125 0.3586986359375 0.652186346875 0.36133655 0.67273044375 0.39623478749999996 0.713455184375 0.41974780625 0.721891109375 0.42898013281249997 0.713382634375
1 0.34798064375000004 0.3706428125 0.348813178125 0.396488109375 0.3737575921875 0.49171315312499997 0.37740242031250004 0.551880103125 0.38615952343750004 0.574162715625 0.40635421406249994 0.574867715625 0.4179716546875 0.5589788 0.41583264218749993 0.50220845 0.43532044687499993 0.46175475937500005 0.4456097375 0.41029219687499996 0.43174079218749994 0.353035928125 0.3981658859375 0.348727640625 0.3706687859375 0.354882175 0.3567346671875 0.3461777875 0.34803440937499996 0.36448241875 0.34798064375000004 0.3706428125
0 0 0.971938834375 0.00019307187499999998 0.97358631875 0.0373038015625 0.983923378125 0.0688697640625 0.9850253500000001 0.0727882859375 0.98132695625 0.075229765625 0.9644404312500001 0.0955226609375 0.9670412875000001 0.19731438437499998 0.92379841875 0.29237126875 0.9641260062500001 0.28944926875 0.92935261875 0.26763174375 0.920302015625 0.26379289375 0.90886490625 0.43046577499999994 0.85673814375 0.5106875578125 0.88694601875 0.5114335796875 0.8014669781249999 0.42926839218749996 0.79404125 0.3431956703125 0.8205357281250001 0.27892229375 0.85920565 0.2242330359375 0.8615778687500001 0.2053920515625 0.8779261281249999 0.09590445 0.90141961875 0.09595116249999999 0.759139303125 0.08351776875 0.748164253125 0.0786529890625 0.778812465625 0.079523125 0.897756503125 0.074749246875 0.912780515625 0 0.946916321875 0 0.971938834375
0 0.3135818203125 0.59369663125 0.3098283703125 0.6237842031249999 0.309774075 0.63000533125 0.34227214687499996 0.6269819125 0.3762311078125 0.62302614375 0.393035334375 0.603144665625 0.4588462046875 0.5892441374999999 0.5105849953125 0.553502615625 0.42252284375000004 0.5504283562500001 0.3135818203125 0.59369663125
0 0.598954296875 0.9871219218749999 0.6036690984375 0.9974443125000001 0.6045305921875 0.9974743875 0.610827090625 0.87270374375 0.6108754390625 0.8671640375 0.6035525140625 0.8482359374999999 0.60320150625 0.848166278125 0.598954296875 0.9871219218749999
0 0.6729740859375 0.6226287375 0.6770214421875 0.5137058 0.6810065609375 0.528182425 0.68326668125 0.514360396875 0.6707111265625 0.367768865625 0.6652920124999999 0.375011371875 0.6566152890625 0.49282169062500003 0.6497258031250001 0.5155311 0.6372535125 0.5173480125000001 0.6373262640624999 0.52985245625 0.6522223640625 0.54234851875 0.65284075 0.6486362906250001 0.6855037796875 0.898872046875 0.7025609265625 0.960265453125 0.706148921875 0.9603907093749999 0.7115473015625 0.9500269843750001 0.7242205312500001 0.9513553375000001 0.7248483 0.879425578125 0.7177274625 0.805399246875 0.7130071578125 0.798656078125 0.7117732296875 0.854762425 0.7063904890625 0.86825715 0.6928010703124999 0.8121591875 0.699534540625 0.6285368906250001 0.6907381765625 0.591686540625 0.6837213765625 0.5925131718750001 0.6785205140625 0.63726900625 0.6729740859375 0.6226287375
0 0.13460545468750001 0.559129978125 0.148170578125 0.5589721375 0.1908465140625 0.5514327531250001 0.21066860781250002 0.5180286875 0.2013061578125 0.5177018437500001 0.1254348875 0.534978078125 0.1283141875 0.55891035 0.13460545468750001 0.559129978125
0 0 0.501297790625 0.0242298484375 0.5021436593749999 0.0297676859375 0.48260353437500003 0.0297679234375 0.482576421875 0.0025176234375 0.47847170937500005 0 0.497381653125 0 0.501297790625
0 0.195143521875 0.51312815625 0.2057996890625 0.505356809375 0.1893227875 0.504781596875 0.17493480781249998 0.505451365625 0.17699271249999998 0.5137275812500001 0.18000650625 0.51383279375 0.195143521875 0.51312815625
0 0.017424651562499997 0.46440037500000003 0.014310671875 0.46429166562499996 0.0074795390625 0.466061253125 0.0087892484375 0.511317096875 0.016975375 0.5158783375 0.017424651562499997 0.46440037500000003
0 0.156642284375 0.5126264625 0.1629882734375 0.55699535 0.165881821875 0.5570963625 0.16977825468750002 0.55545958125 0.17114155625 0.399252484375 0.1610129109375 0.398780990625 0.15587335156249998 0.41260256875 0.156642284375 0.5126264625