1 0.3661092453125 0.8855225624999999 0.3616322875 0.876477640625 0.19104385625 0.870522375 0.181805578125 0.872169715625 0.17602156093750002 0.914452359375 0.1759001203125 0.9283670374999999 0.1845292640625 0.95745045 0.2016624984375 0.9828802375000001 0.21083140937499997 0.981919190625 0.244199584375 0.9683093156250001 0.25564893125 0.9515517499999999 0.291624815625 0.947780921875 0.3661092453125 0.8855225624999999
1 0.21338271562500002 0.740103665625 0.2202212640625 0.7673789125 0.23533120312500003 0.785234065625 0.2433926875 0.784389096875 0.265763953125 0.779711571875 0.28133299375 0.757863228125 0.2888993984375 0.7197474374999999 0.2790055046875 0.64613905625 0.31359935625 0.59274946875 0.3297506140625 0.531962271875 0.339245459375 0.39411713125 0.3368692796875 0.391164375 0.229938690625 0.387431415625 0.18555682812500002 0.3993403 0.1644817859375 0.446094875 0.164191203125 0.47938989374999996 0.1645674234375 0.487071525 0.1857379328125 0.55016726875 0.192030759375 0.5930508437500001 0.2027251578125 0.62147705 0.2170936140625 0.633967028125 0.21109137812499998 0.671918865625 0.21338271562500002 0.740103665625
1 0 0.8344041343749999 0.0004628421875 0.8341214812500001 0.008568709375 0.8129407750000001 0.0069152796875 0.785264034375 0.026167051562499998 0.7146243375 0.0609442234375 0.6590378875 0.088777109375 0.661668140625 0.194745453125 0.626395440625 0.21606749375 0.605070246875 0.2271948109375 0.5707497906250001 0.2284874890625 0.5461517406249999 0.22885289375 0.52441373125 0.22024124218750002 0.49607942187500004 0.19841341875000001 0.46788960625 0.15484671249999998 0.43938723125 0.14413757968750002 0.418816325 0.0126718109375 0.41422683749999994 0.0006932046875000001 0.415762084375 0.00065221875 0.416542015625 0 0.491273190625 0 0.57703418125 0.0061732109375 0.607181603125 0.0364348015625 0.607951209375 0.0035944875 0.671036275 0 0.709495378125 0 0.8344041343749999
1 0.50960493125 0.5462184 0.5205941968750001 0.53735289375 0.5316360875 0.45630750000000003 0.5317041171875 0.44851269687500006 0.52486376875 0.340633321875 0.5054011078125 0.328787415625 0.491968696875 0.35473047812499997 0.48699149999999997 0.4045097875 0.47124320312499995 0.425656509375 0.46326906250000005 0.4534165 0.4613433515625 0.515840609375 0.46507018906250003 0.5456627375 0.467013928125 0.54573059375 0.50960493125 0.5462184
1 0.350277259375 0.645120359375 0.34846121874999997 0.6324277031250001 0.3349380421875 0.7474012250000001 0.338604046875 0.747529203125 0.3689792453125 0.72218555625 0.369963134375 0.716825240625 0.37013241875 0.69742851875 0.3620814734375 0.65117580625 0.350277259375 0.645120359375
1 0.37506304375 0.42736924062500004 0.3837751390625 0.38765551249999997 0.38378358125 0.38668819375 0.3794988 0.370774246875 0.3227387484375 0.36879274687499997 0.2986861890625 0.388094040625 0.2721598984375 0.37931464375 0.24591971406250002 0.455715625 0.245828703125 0.47135821250000004 0.248645296875 0.524667840625 0.26124483125000003 0.5392978187499999 0.2624060078125 0.539135421875 0.32020946875 0.45065220312500004 0.3609084921875 0.441838 0.37506304375 0.42736924062500004
1 0.6344903109375 0.87939919375 0.6464106468749999 0.9085265874999999 0.6572784078125 0.9125406843749999 0.667637115625 0.9415408125000001 0.6854014312500001 0.956540934375 0.7118929421875 0.9574657562500001 0.712302571875 0.9373596687499999 0.7204924984375001 0.91925645625 0.7225141234375 0.8584166218749999 0.723786753125 0.795951528125 0.714798778125 0.776448425 0.635155784375 0.769958015625 0.6021561375 0.8157595750000001 0.6019034546875 0.82082286875 0.6017080875 0.843208084375 0.6344903109375 0.87939919375
1 0.5100038062500001 0.602818771875 0.5340022156249999 0.651335034375 0.5604629578125 0.672411925 0.5644206484375001 0.6721816125 0.568081765625 0.6649495625 0.6730929421875 0.64636033125 0.6920462234375 0.63589870625 0.7010592531250001 0.61509711875 0.7071633687500001 0.507117359375 0.7042271984374999 0.497929575 0.6698294921875 0.49993131562500004 0.65143526875 0.521278834375 0.6387588671875 0.64523881875 0.631882053125 0.63784013125 0.6206006281249999 0.4385751875 0.5984622078124999 0.43780233125 0.591361984375 0.442106628125 0.543374284375 0.49793160312499996 0.522284790625 0.53659350625 0.5039678249999999 0.5158225843750001 0.463443253125 0.5119417687500001 0.452803059375 0.535957603125 0.4493902421875 0.5689933375 0.44934159375 0.5745674875 0.46609764374999996 0.6116129531250001 0.5100038062500001 0.602818771875
1 0.7146381125 0.7118396312499999 0.71385785625 0.7382787937499999 0.706055284375 0.74325590625 0.7029342546875 0.79900494375 0.69903296875 0.793679809375 0.692010653125 0.809723475 0.677966021875 0.9011948500000001 0.6896698812500001 0.9421740562500001 0.6983728046875 0.947617340625 0.7249220671875001 0.9485441781249999 0.758749946875 0.9342623937500001 0.758779878125 0.9308329499999999 0.7247814578125 0.8838340625000001 0.7279024859375001 0.8405869312500001 0.759112778125 0.7519179968749999 0.7575522625 0.714157521875 0.7466286609375 0.712374146875 0.7388260890625 0.717351265625 0.73804583125 0.7344139968750001 0.7302432578125 0.7175127812500001 0.7240012 0.7414975187499999 0.7146381125 0.7118396312499999
1 0.65139720625 0.537523696875 0.6455124062500001 0.57455114375 0.65181925625 0.62210816875 0.6581533281249999 0.63366566875 0.6757797375 0.634281009375 0.6862715953125 0.62218615 0.6947181953125 0.554084321875 0.71944065 0.515680325 0.7285484203125 0.4758218 0.6990281796875 0.3462542125 0.6654065890624999 0.3446879625 0.6183929546875 0.37005594375 0.613436990625 0.39460324375 0.6133263171875 0.4072841625 0.65139720625 0.537523696875
1 0.825951915625 0.9083144781250001 0.8421683312500001 0.908880596875 0.8551249625 0.8928337687499999 0.8560796625 0.8838519343750001 0.8575862437499999 0.7112279218750001 0.8492863140625 0.687829434375 0.8258365828124999 0.689863525 0.81822605 0.6551266874999999 0.8080632890624999 0.65621645 0.7970376625 0.6713316375 0.8233025328125001 0.722565284375 0.8323842671874999 0.772999046875 0.8162905421875 0.853517753125 0.81763448125 0.8910885687500001 0.825951915625 0.9083144781250001
1 0.6913501421875 0.4202403375 0.690506971875 0.516850803125 0.6922897765625 0.563672975 0.6981788546875001 0.572553446875 0.719936165625 0.573312996875 0.758627640625 0.53760045 0.7969619171875 0.559117040625 0.814918896875 0.5257123499999999 0.8130261703125001 0.49715291562499997 0.7884354171875 0.46672426875 0.77186203125 0.396672478125 0.7581959953124999 0.367899484375 0.7275876 0.385250546875 0.7025393328125 0.41915125 0.6913501421875 0.4202403375
1 0.7529149953125 0.561521534375 0.7804795140625 0.5421515 0.799112175 0.51254756875 0.8207863968750001 0.5521740625 0.9041911078125 0.6132206375 0.9108535921875 0.6216761562500001 0.902568609375 0.6647798218750001 0.9030698375 0.721237771875 0.9050395968749999 0.726672353125 0.9379919250000001 0.727822725 0.947519209375 0.709708503125 0.9643601296875 0.634495265625 0.98893580625 0.6455596124999999 0.99915353125 0.42665686249999996 0.9994171968750001 0.396446046875 0.8084980843749999 0.37866164687500004 0.7759578578124999 0.403836109375 0.7569696218749999 0.37386169375 0.7054411578125 0.36906174062499997 0.6806879328125001 0.412198346875 0.6804531703125 0.41540574374999995 0.6798213203125 0.48780305312500005 0.690476596875 0.53846853125 0.7059252890625001 0.560278334375 0.7529149953125 0.561521534375
1 0.4256774390625 0.6949561906249999 0.427571709375 0.648212915625 0.4223940265625 0.629170196875 0.4286135421875 0.62182685625 0.4289972015625 0.5778671375 0.40291513281249997 0.57025065 0.38046744375 0.636101025 0.3816970625 0.6830260906250001 0.391478603125 0.699213153125 0.38917446093749997 0.730314740625 0.395800865625 0.7807807125 0.3962491171875 0.7807963625000001 0.398707865625 0.766790553125 0.40873754375000004 0.76268886875 0.4256774390625 0.6949561906249999
1 0.4151030875 0.540908025 0.41377629687499995 0.48493073750000004 0.43394105156249996 0.43991243750000003 0.44502375625 0.38618345 0.43408032499999993 0.341424934375 0.390864659375 0.33991626875000003 0.37053518125 0.349333378125 0.3566620265625 0.34407230625 0.3480426296875 0.363540390625 0.347828984375 0.388019996875 0.3479748734375 0.3960764875 0.37165666875 0.484757440625 0.3744471171875 0.543747503125 0.38532452031250003 0.569465284375 0.399497775 0.5653604062500001 0.4151030875 0.540908025
0 0.21373151093749998 0.6890144968749999 0.2356771296875 0.8176523843749999 0.23909184843750003 0.9271087031249999 0.248030071875 0.96481735 0.249760234375 0.988214784375 0.272298396875 0.9890015968749999 0.271284590625 0.9809837937499999 0.2875642375 0.79073443125 0.2703048921875 0.796582875 0.2666710359375 0.84024905 0.261111665625 0.8479323031250001 0.2282669453125 0.514349803125 0.24033149374999999 0.35056529375 0.197346746875 0.351127478125 0.1969821734375 0.51674679375 0.21373151093749998 0.6890144968749999
0 0.313580625 0.593833584375 0.3098281625 0.6238078812500001 0.30977385156250004 0.630030915625 0.34226198750000003 0.628145975 0.3762105703125 0.6253793812499999 0.39300975781249997 0.60607536875 0.45880054687499994 0.5944755749999999 0.52068955625 0.5538553687500001 0.4323899546875 0.550772815625 0.313580625 0.593833584375
0 0.634082184375 0.9332736625000001 0.6416677234375 0.920154440625 0.6416848875000001 0.9181878187500001 0.5722371515625 0.909751134375 0.56695813125 0.9207606187499999 0.6299231421875 0.93332205625 0.634082184375 0.9332736625000001
0 0.72424629375 0.9484034937500001 0.7256035546875 0.792888596875 0.724278153125 0.791191978125 0.7245200421875 0.847513546875 0.7195016140625 0.8615939375 0.7044638453125 0.8068368593749999 0.706362375 0.622227271875 0.6966143609375 0.586244046875 0.68963216875 0.5878085375000001 0.6856163125 0.633178690625 0.679695571875 0.6190982968750001 0.6808747937499999 0.509584134375 0.6852327953125 0.5236645281250001 0.6871257453124999 0.5095841375 0.67088201875 0.36531909375 0.669942946875 0.365286309375 0.6655243203125 0.37190919375 0.65995765625 0.49081028125000004 0.6536772640625 0.5142776 0.641275615625 0.517406575 0.64167664375 0.529922478125 0.6568735546875 0.540873896875 0.6602822890625 0.64725908125 0.6994573500000001 0.894448184375 0.719484103125 0.95859219375 0.72424629375 0.9484034937500001
0 0.1286235046875 0.558921146875 0.1475470890625 0.5571583875 0.1903562875 0.546122590625 0.2067052640625 0.517890328125 0.18316223125 0.5170684375000001 0.125149565625 0.534968115625 0.1276992765625 0.5588888812499999 0.1286235046875 0.558921146875
0 0.02459490625 0.5010053375 0.0298011421875 0.47733434375000006 0.025785040625 0.477194140625 0.0024804859374999997 0.478033565625 0.000643078125 0.5013202406249999 0.019664309375 0.501984275 0.02459490625 0.5010053375
0 0.193868371875 0.481091696875 0.1938644640625 0.48097992187500005 0.1893255078125 0.484019603125 0.191254259375 0.51704115625 0.19345575312500002 0.5283695500000001 0.193868371875 0.481091696875
0 0.026656051562499998 0.48101762187499997 0.00457575625 0.481255421875 0.00040224218750000004 0.504437309375 0.0005507437500000001 0.5044424937499999 0.026477184375 0.501512121875 0.026656051562499998 0.48101762187499997
0 0.12762439375 0.49057980625 0.16501781875 0.49248341250000005 0.17913970625 0.49231909687500003 0.20068608124999998 0.481934009375 0.1993479078125 0.46168081875 0.1776469765625 0.46061733125000004 0.12217801406249999 0.45868089999999995 0.12198184062499999 0.48115845625000003 0.12762439375 0.49057980625