1 0.772144309375 0.753193903125 0.7715947046875 0.744241553125 0.7546263453125001 0.712824515625 0.73610139375 0.698364403125 0.7118437421875 0.71973845 0.71582023125 0.7845102749999999 0.72857781875 0.9444747906250001 0.77050653125 0.9341783937500001 0.7715283484375 0.9242062499999999 0.7661107890625 0.8531218656249999 0.7721329359375 0.828226459375 0.772144309375 0.753193903125
1 0.7638397125 0.38468045625 0.736870034375 0.424522728125 0.7174412171875 0.49952379062499996 0.67863716875 0.49003329687499997 0.661191765625 0.50999530625 0.65353574375 0.543456384375 0.6550915796875 0.57311326875 0.6576126109375 0.604947621875 0.6691949921875 0.63107723125 0.6842356671875 0.6408129812500001 0.7187462078125 0.636129503125 0.7364361875000001 0.619255896875 0.74566856875 0.645742628125 0.76208834375 0.6628823781250001 0.7848055656249999 0.669447971875 0.814448334375 0.69669793125 0.8442637281250001 0.68937619375 0.8601240953125 0.64950685625 0.8550323734375 0.513514734375 0.8494500296874999 0.42258565625 0.8411827078125 0.370282121875 0.8306595953125001 0.347517834375 0.7638397125 0.38468045625
1 1 0.43883736874999996 0.9922504343749999 0.31260707499999996 0.99219155 0.311834446875 0.8607457421875001 0.350342396875 0.8408470671874999 0.400406675 0.7985918562500001 0.447541559375 0.7777510000000001 0.48524333437499995 0.7699369468749999 0.517549 0.7708125609375001 0.53940989375 0.7726697515625001 0.5637782875 0.784448690625 0.5938682531249999 0.8059654437500001 0.6065225562500001 0.911224490625 0.597803609375 0.93858898125 0.5834677312500001 0.9741771281249999 0.6251758374999999 0.9948233546875 0.68863925 0.9938504265624999 0.717360946875 1 0.730435509375 1 0.6103460875 0.9953866765624999 0.5715679031249999 0.961529296875 0.5214536812499999 0.9913311921875 0.507983565625 0.9977831671875 0.468177853125 1 0.4749920625 1 0.43883736874999996
1 0.48886794062499994 0.37547177187499997 0.44786817343749996 0.412530515625 0.4452069609375 0.428043928125 0.4505631125 0.515288640625 0.497356909375 0.503797528125 0.504383053125 0.492984978125 0.5143416453125 0.45777113125 0.538731921875 0.4394021875 0.5511231203125 0.40803860625 0.5447092687499999 0.37089961875 0.48886794062499994 0.37547177187499997
1 0.6854451484374999 0.6138836750000001 0.6291864984375 0.65547079375 0.62923305625 0.656229159375 0.6350057671875 0.658051396875 0.6395172171875 0.680749471875 0.66604678125 0.692210684375 0.6704092562499999 0.6911393968749999 0.6756003109375001 0.68579475 0.6854451484374999 0.6138836750000001
1 0.7342040953125 0.48891733750000005 0.75092145 0.476104184375 0.7540880546875 0.459081115625 0.752890828125 0.43957986250000003 0.744217803125 0.41135710625 0.7291318734375001 0.39998877187500004 0.6881319578125 0.39974678125 0.6378745296874999 0.34020354375 0.6119000734375 0.34658206874999997 0.6128679828125 0.394755221875 0.6140923093749999 0.41021542499999997 0.6456534984375 0.48035077187499997 0.6713229093749999 0.46613602500000006 0.7146101828125 0.49028580312500003 0.7342040953125 0.48891733750000005
1 0.3973112328125 1 0.4023380109375 0.989095371875 0.410282365625 0.9874254 0.40663754687500003 0.9280560843749999 0.39873784375 0.9003855125 0.38291167812500004 0.881738040625 0.379518928125 0.8604769593749999 0.3634301109375 0.83874551875 0.34081696875 0.7752255531250001 0.3311310890625 0.77760410625 0.3274766171875 0.77881086875 0.30877125781250003 0.84709609375 0.32179365625 1 0.3973112328125 1
1 0.2944396640625 0.5621055312500001 0.2971870703125 0.6068571781250001 0.3030238203125 0.6720975 0.312633575 0.690504946875 0.331773753125 0.695909596875 0.43655702500000004 0.68645403125 0.44042146249999997 0.692712753125 0.4443554734375 0.691885790625 0.4699321703125 0.6637248375 0.4921853953125 0.608763946875 0.5360290578125 0.605833021875 0.5518602109375 0.5632215281249999 0.5467916500000001 0.526574678125 0.53546436875 0.5053855781250001 0.4953824640625 0.52009651875 0.47787579375 0.5457754125000001 0.45571128125 0.512722278125 0.40630900625 0.46968129062499997 0.384297171875 0.462295209375 0.37742310625000003 0.46398326875 0.3723877203125 0.676372775 0.3658023 0.68561381875 0.3492477984375 0.564957378125 0.3303129828125 0.5485101375 0.296121084375 0.555697565625 0.2944396640625 0.5621055312500001
1 0.3001243203125 0.9498541062499999 0.3085625171875 0.9549039031250001 0.31203756875 0.9808950187500001 0.31854942343750003 0.9519497187500001 0.3273288828125 0.975641515625 0.3335479671875 0.9591969812500001 0.3360719703125 0.9759762406249999 0.34207301874999996 0.9795675375 0.3483107828125 0.9780357375 0.3450475875 0.924882553125 0.3124655046875 0.854679503125 0.30490561718750003 0.8121274156249999 0.3352797125 0.7657766374999999 0.3351471375 0.763617171875 0.28779989375000004 0.744166353125 0.27363434999999997 0.7476449749999999 0.2632880515625 0.7540912093750001 0.255544503125 0.794111109375 0.279102475 0.88426508125 0.2878698109375 0.900171190625 0.29129636875 0.895019540625 0.3001243203125 0.9498541062499999
1 0.366270946875 0.5670933625 0.3994736296875 0.5491683218750001 0.40291180468750004 0.534019796875 0.400257159375 0.490779096875 0.39505489374999997 0.481115415625 0.37031721875 0.46952353125 0.3524289640625 0.481822253125 0.2867250640625 0.41384113749999996 0.264332878125 0.41933996562500003 0.26394521875 0.41967842187500004 0.2571534828125 0.5130073187499999 0.262215675 0.579392121875 0.3311809765625 0.6353441937500001 0.3500844484375 0.6166275156250001 0.366270946875 0.5670933625
1 0.21358547031250003 0.7323449156249999 0.2018411734375 0.720392 0.1916996171875 0.7220228750000001 0.18627173125000002 0.75853868125 0.162900209375 0.7627787406250001 0.1559705890625 0.7886986625 0.167019321875 0.95285425 0.16960585781249998 0.9678514687499999 0.1810524203125 0.9781791375 0.2001990796875 0.973477309375 0.2066667484375 0.9561117343750001 0.2057093515625 0.918455275 0.18484718125 0.842817675 0.1907769359375 0.7903263375 0.2136057078125 0.732674565625 0.21358547031250003 0.7323449156249999
1 0.2437796578125 0.6241483875 0.24527278125000002 0.6239046218750001 0.25889304375 0.595767953125 0.276418390625 0.52537583125 0.30136167343750003 0.494605340625 0.3036595609375 0.46596141874999997 0.286247196875 0.43268292500000005 0.247737075 0.45467490625 0.2104181953125 0.41998587499999995 0.1838658609375 0.426506309375 0.1820077265625 0.42928457187499997 0.1778400390625 0.5090895875 0.18178127500000002 0.5732871562499999 0.190137509375 0.57401265 0.214609146875 0.60770914375 0.2437796578125 0.6241483875
1 0 0.527067575 0.018316303125 0.72156031875 0.042353957812499995 0.707427875 0.06265524375 0.779891378125 0.0818682609375 0.8109698375000001 0.101188128125 0.8066812156250001 0.1075902 0.785624884375 0.10547986406250001 0.7295439625 0.09521033281249999 0.68784074375 0.10147463281249999 0.678596115625 0.181966765625 0.607320740625 0.20178515312499998 0.565221875 0.221766953125 0.592202634375 0.25019775625 0.60788299375 0.297079634375 0.60061779375 0.3115031328125 0.5769954562499999 0.320322 0.52213505625 0.316411878125 0.45844429375000006 0.3154416625 0.45045590625000004 0.288720003125 0.41083391249999995 0.26196466875 0.416773059375 0.2371040609375 0.42287805624999997 0.21988705937500003 0.454388128125 0.18828705625 0.43486600312499996 0 0.48110349374999994 0 0.527067575
1 0.5815748187499999 0.6819848687500001 0.5913957187500001 0.6903395406249999 0.6145676609375 0.681654725 0.6472358296875 0.6406943843749999 0.6486376609375 0.6202153375 0.656167915625 0.613170015625 0.62985059375 0.6049804187500001 0.6144994953125 0.612845484375 0.6079667343749999 0.59942543125 0.576456034375 0.6071634875 0.551601078125 0.648174296875 0.5526170171875 0.6647225999999999 0.5564828296875 0.7010369937500001 0.5670869749999999 0.6999255093750001 0.577608790625 0.69804065625 0.5815748187499999 0.6819848687500001
1 0.5748879640625 0.545950825 0.6024486765625 0.55084353125 0.6358942359374999 0.544992234375 0.648738371875 0.487087959375 0.6375645078125001 0.43608814375 0.6173996609375 0.396521821875 0.61854120625 0.3396423375 0.60296846875 0.319504971875 0.5940006671875 0.31949292812499996 0.5883701453125 0.32087561249999996 0.578161409375 0.348605840625 0.5755759390625 0.40895174062499995 0.5547994765625 0.4951342875 0.5581265359375001 0.549327746875 0.5611286296875 0.555296909375 0.5748879640625 0.545950825
0 1 0.835862290625 0.94250813125 0.8211925062500001 0.9371523703125 0.80715024375 0.9331742296875 0.68835706875 0.927091990625 0.65875086875 0.9151831234375001 0.6721470468749999 0.9210225281250001 0.81403251875 0.8112623781250001 0.812184921875 0.7918734734374999 0.799594909375 0.7374292859375 0.8080094750000001 0.6719829859375 0.78211394375 0.5853692500000001 0.772657946875 0.5040199640624999 0.796259890625 0.5092096765624999 0.8807935312499999 0.5867320671875 0.835420934375 0.754486059375 0.8545518281250001 0.7511368593750001 0.866714653125 0.7298241296875 0.8800414 0.7283361921875 0.915296521875 0.8211572859375 0.856340609375 0.9240737359375 0.87940106875 0.9441339624999999 0.872807121875 0.947247728125 0.88916661875 0.9521706390625001 0.892715765625 0.9806066578125 0.885732759375 1 0.8763577437500001 1 0.835862290625
0 0.6895404468749999 0.5555892625000001 0.52152443125 0.57453745 0.5140736015625 0.577524115625 0.49059125000000003 0.590904296875 0.48491071718749995 0.6132063375000001 0.484954490625 0.61391934375 0.5473064062499999 0.62529905 0.6121629203125 0.6056490125 0.61803269375 0.609547415625 0.690877759375 0.59165891875 0.6952600390625 0.5897956468750001 0.6895404468749999 0.5555892625000001
0 0.42837092343750005 1 0.42653947968750006 0.970168178125 0.413194765625 0.868003665625 0.40855237187500004 0.8795215125 0.42185100468750003 1 0.42837092343750005 1
0 0.40121413281249996 0.7706780656250001 0.407435275 0.76944346875 0.407322828125 0.744356621875 0.41804936875000004 0.7281040156249999 0.475899415625 0.697791715625 0.478497565625 0.688239978125 0.478365971875 0.68609648125 0.4051737234375 0.6773022281250001 0.3984876390625 0.6833370624999999 0.4060075890625 0.689691328125 0.3521979984375 0.7097858593749999 0.34446958125 0.7003343156249999 0.3662915859375 0.685018446875 0.36613112812500004 0.670926384375 0.34709877968749997 0.657440828125 0.25637927031249996 0.691137478125 0.22738980937500003 0.670211990625 0.2336589609375 0.6579826093750001 0.2614456328125 0.64932965625 0.257709659375 0.6406551281249999 0.2130452671875 0.633436584375 0.184410328125 0.64046844375 0.1863269875 0.668945028125 0.17959289218750002 0.68597465 0.21387361249999998 0.7152660187500001 0.34091049687499997 0.7528282749999999 0.3937902015625 0.742334221875 0.40121413281249996 0.7706780656250001
0 0.8094230046875 0.45235147812500004 0.7893320171875 0.457285203125 0.7890207218749999 0.46395985937499995 0.7900307140625 0.48041130625 0.8519666546875 0.482834159375 0.8718442921875 0.477952825 0.8521933109375001 0.451887271875 0.8094230046875 0.45235147812500004
0 0.9869143921875001 0.36031156875 0.9759079093749999 0.373346978125 0.9764233109375 0.38815273437500003 0.9782066109375 0.41720037187500003 0.9909956187500001 0.4140597875 0.9869143921875001 0.36031156875
0 0.8084712968750001 0.4521628875 0.8081940765625 0.41914456875 0.8034227953125 0.4164330875 0.8034263703125 0.416544646875 0.8065435750000001 0.46731985 0.8084712968750001 0.4521628875
0 0.9908748984375 0.40818605625000004 0.9881039453125 0.363213725 0.9780967921875 0.364127134375 0.98130831875 0.416438690625 0.9826099312500001 0.41611905312499997 0.9908748984375 0.40818605625000004
0 0.8318602828125 0.3284628875 0.8217914453124999 0.33105449062500003 0.8269212484375 0.414612275 0.831869246875 0.48441060625 0.8394074937499999 0.48591829999999997 0.8422807890625 0.48521270625 0.8451258265625 0.440041940625 0.8380600812500001 0.34104440625 0.8318602828125 0.3284628875