1 0.5087456890625 0.6494710041666667 0.5304600890625 0.3874996916666667 0.531544478125 0.35645667708333334 0.5199016390625 0.2942261333333333 0.49878521718749996 0.24608420208333334 0.42638845625000005 0.24423334375 0.304541184375 0.14791321875 0.046701825 0.111779875 0.0385337765625 0.21539825416666666 0.1361605125 0.19219499583333333 0.29068128125000003 0.21803576458333335 0.3529354359375 0.2658442645833333 0.1918988140625 0.28300654999999997 0.20148629687500003 0.43912385833333334 0.5087456890625 0.6494710041666667
1 0.7100010218749999 0.0307442625 0.67421304375 0.023754708333333333 0.659958709375 0.021757118750000002 0.6260962218749999 0.23463234583333334 0.620313490625 0.4993815645833333 0.6379546171875 0.6105246270833333 0.6387165234375 0.6158008020833333 0.6398140031249999 0.6159546020833333 0.7704127265625 0.42941296875 0.9208867187499999 0.45038734999999996 0.9380025812499999 0.3049570104166667 0.9418656343749999 0.255951025 0.7589799937499999 0.22356413958333335 0.7100010218749999 0.0307442625
1 0.71887745625 0.7340259875 0.6923000109374999 0.6683151208333334 0.7617427125 0.5413100624999999 0.7679197984374999 0.4682951208333333 0.7660981171875 0.46795375833333336 0.7107336140625 0.4592122604166667 0.6844043515625 0.5588700229166667 0.6512111015625 0.6808591083333333 0.6782409375 0.7618374270833334 0.7653827515625 0.8119059624999999 0.7979152875 0.8371176020833333 0.8124610406249999 0.8391560291666667 0.8128457656249999 0.8363426666666667 0.819278653125 0.7547362104166666 0.786538721875 0.7500788187499999 0.822769825 0.6151633791666666 0.735294534375 0.5953976416666666 0.71887745625 0.7340259875
1 0.3622696453125 0.5963785916666667 0.29896005312499996 0.5330047395833334 0.22254369999999998 0.6119588604166667 0.31873706562500004 0.7278040645833334 0.2636812875 0.7659283791666667 0.278862190625 0.8195100937500001 0.34757464531250004 0.85151718125 0.42941333125 0.8092449354166666 0.44592691406249996 0.7118347562499999 0.45319297968749994 0.67388703125 0.44728628593749997 0.6751464729166667 0.5247232859375 0.40225544375 0.5973648 0.34110962499999997 0.59865200625 0.32478035 0.57306448125 0.29656867291666666 0.529673509375 0.29048790625 0.49924311093749996 0.3649511625 0.4144491375 0.6577472916666667 0.36767710937500003 0.6878302125 0.3622696453125 0.5963785916666667
1 0 0.5483493020833333 0.061442653125 0.5830828354166666 0.0712838703125 0.584461975 0.09325584218750001 0.5680142916666667 0.10735546562500001 0.40247384583333334 0.1264286625 0.30452573958333334 0.12662506874999999 0.30172058958333337 0.0233345359375 0.25304702083333336 0.0167850640625 0.2521291854166667 0.0036227890625000004 0.41910343749999995 0 0.48774753125000003 0 0.5483493020833333
1 0.8330336453125 0.3581544125 0.799820028125 0.46345386875 0.7983383609375 0.4822500458333333 0.8849763890625001 0.52903940625 0.9338849140625 0.5230963958333333 0.9283995609375 0.5673923770833333 0.9803751203125 0.6343531645833332 0.98739045 0.6353362854166666 0.9948402578125 0.4860625854166667 0.9963605828125001 0.44738318125000004 0.950269840625 0.42376814375 0.8958870484375 0.4102201979166667 0.8749614515624999 0.3710469604166667 0.8330336453125 0.3581544125
0 0.05940444375 0.24972258541666664 0.15829023125 0.2635803395833333 0.1777785875 0.22280277083333333 0.17822640781250002 0.21712180208333332 0.11817983125 0.20155930625000001 0.0249618578125 0.18136485 0.0184727390625 0.23755013958333335 0.05940444375 0.24972258541666664
0 0.5325767781249999 0.32673840416666666 0.5006747 0.26483864583333333 0.4840999734375 0.44959118124999997 0.4857263609375 0.44981910208333337 0.5493679031250001 0.43178941875 0.56000963125 0.2967903875 0.5715649968750001 0.11354712708333332 0.57154776875 0.11354293750000001 0.532122471875 0.22679994583333332 0.5325767781249999 0.32673840416666666
0 0.7159269 0.33837535625000004 0.7238889609375 0.3105782541666667 0.72607909375 0.2827946145833333 0.6904696328125 0.2707610270833333 0.6677633203125 0.24280578541666667 0.6580660359375 0.24144681875000001 0.64829824375 0.24764414583333333 0.6606832453125 0.34530875 0.7159269 0.33837535625000004
0 0.8294201671874999 0.33389203125000005 0.8485270249999999 0.33726652083333336 0.9488390734375001 0.35132415 0.9523209874999999 0.3226240666666667 0.9543318624999999 0.2971144604166666 0.93715683125 0.29335075208333333 0.8983628093749999 0.28828024583333334 0.8332693671875001 0.30100229791666666 0.8294201671874999 0.33389203125000005
0 0.626186903125 0.49278852291666664 0.6665884421875 0.4794205604166667 0.6672338984375 0.47123242083333333 0.6673182468750001 0.46847231250000004 0.6598756859375 0.35063048541666664 0.64825133125 0.34900145833333335 0.6341144859375001 0.35324834791666665 0.626812921875 0.4458746708333334 0.626186903125 0.49278852291666664
0 0.037156854687500004 0 0.031720204687499996 0.06719890625 0.037883417187500004 0.06864789375 0.2649908796875 0.10047450208333333 0.2961172328125 0.08546985416666668 0.44306670937500003 0.12542986666666667 0.5159292578125 0.13564075 0.5158590703125 0.13544357916666666 0.459721865625 0.09692469583333334 0.44362752812500006 0.028035283333333334 0.32438053437500003 0 0.037156854687500004 0