1 0.6290519515625 0.7841640416666666 0.6370812078125 0.7878586083333333 0.7750569781250001 0.8039536958333334 0.8952743625 0.800298 0.766803284375 0.37406218125 0.6511545515625 0.34773502083333335 0.623379671875 0.5600299041666666 0.593475859375 0.47321773333333333 0.588544053125 0.26582731875 0.6179289296875 0.12377425 0.55978181875 0.11479944375 0.53613954375 0.47510935625 0.6004221703125 0.6556625791666666 0.5950767390625 0.7519366749999999 0.6290519515625 0.7841640416666666
1 0.11879362812500001 0 0.11449072812500001 0.014029745833333333 0.10258628750000001 0.12655256458333333 0.088803684375 0.33660040208333336 0.09406613750000001 0.5170823645833333 0.1307832578125 0.5340332708333333 0.215410234375 0.3350547291666667 0.39999453125 0.37300034375 0.4019890109375 0.17532158333333334 0.25236153125 0.13889116875 0.1897058203125 0 0.11879362812500001 0
1 0.281694740625 0.5413467625 0.19225922499999998 0.5439557625 0.192731684375 0.6826747895833333 0.1553171984375 0.6807332145833332 0.14633324375 0.7536163020833333 0.1767095375 0.75715974375 0.1973398234375 0.7471141395833333 0.29419769218749997 0.714838 0.3330914390625 0.6533411833333334 0.340309790625 0.5433330020833333 0.34012150625 0.5153779666666667 0.3401906984375 0.4129933791666666 0.284548615625 0.410963075 0.28270406875 0.41094876666666663 0.270003509375 0.4834579895833333 0.304535546875 0.6207898708333333 0.26210446875 0.6799101604166666 0.281694740625 0.5413467625
1 0.44553667499999994 0.35814608333333336 0.44522601406250006 0.3610933895833333 0.5111730484375 0.43756034375 0.5341496218749999 0.71661115 0.5285576187500001 0.7146385687500001 0.5282904953124999 0.7530107354166666 0.5254911109375 0.85124663125 0.593631103125 0.8999024 0.6043240328125 0.9011497479166667 0.6723083546875 0.8799601520833333 0.697835621875 0.8289181625 0.6508932234375 0.7844749645833333 0.75884210625 0.6905457354166666 0.7602198437500001 0.6695489083333332 0.7086892812500001 0.5945393062500001 0.63366023125 0.6493131520833334 0.61035986875 0.7389598458333333 0.5700279 0.7034801083333334 0.5436862859375 0.40386407708333333 0.5222440296874999 0.29669024791666665 0.44553667499999994 0.35814608333333336
1 0.9902619218750001 0.6688269916666666 0.9829182921875 0.5638682416666666 0.988443215625 0.39690734375 0.96949888125 0.3728254270833334 0.9508062328125 0.3706449 0.8937951906249999 0.3788118729166667 0.8742794765624999 0.6762327083333334 0.8743414828124999 0.6762462958333334 0.9902168703124999 0.669764375 0.9902619218750001 0.6688269916666666
1 0.148871496875 0.5301442208333333 0.1949971671875 0.5324959166666666 0.1495055515625 0.44686161874999997 0.1156340109375 0.44950823125 0.1288609921875 0.3852582 0.1092138515625 0.26213983750000003 0.10475693593749999 0.2618284 0.0193597890625 0.2953660083333334 0.015261139062500002 0.35782973125 0.038689710937499996 0.3873129708333333 0.0389450546875 0.4608607875 0.0472735140625 0.5182926583333333 0.148871496875 0.5301442208333333
0 0.9054945218749999 0.39174179166666667 0.9050272218750001 0.42428662916666665 0.9472336625000001 0.43278015625 0.9593216218749999 0.22524784166666667 0.9551366015625 0.22475965208333332 0.91548354375 0.23950840416666666 0.9054945218749999 0.39174179166666667
0 0.4586717921875 0.27824235833333333 0.385237090625 0.30676167499999996 0.6058892984375001 0.3325010958333333 0.6325492484375 0.24986807708333333 0.6130780171875 0.24759672708333333 0.49510481406249995 0.24485108749999998 0.5323451343750001 0.29332334583333336 0.4586717921875 0.27824235833333333
0 0.39258360468750003 0.27041361875000003 0.392595734375 0.2699505020833334 0.386601225 0.2147046 0.3333017078125 0.20013328958333335 0.3332131234375 0.20012572083333333 0.30493989843749997 0.2935548333333333 0.304779953125 0.29599242708333334 0.314859784375 0.3048259270833333 0.3201598125 0.3054441833333333 0.34992129843750003 0.2784566708333333 0.39258360468750003 0.27041361875000003
0 0.11542643125 0.28942141666666665 0.15758947343750002 0.29284448125 0.169581175 0.13521468333333334 0.144546971875 0.13229440625 0.12042570781249999 0.21330122291666667 0.12041298125 0.21342604375000002 0.11542643125 0.28942141666666665
0 0.33719320625 0.44740853750000004 0.3668167015625 0.46145975625 0.3675289734375 0.46154284375 0.3869015515625 0.3309224125 0.34873674062500004 0.31158164791666665 0.3463744578125 0.31149 0.34202560000000004 0.37376253125 0.33719320625 0.44740853750000004
0 0.779513803125 0.0306958 0.7755622453125001 0.07491072708333334 0.7347807453125 0.146746375 0.707869946875 0.3917043875 0.7060823468749999 0.41894751874999997 0.8052438375 0.43559493125 0.8094567343750001 0.3972466520833333 0.8330983671875 0.03694652291666667 0.779513803125 0.0306958