1 0.8655980578125 0.5576476354166666 0.8519061859375 0.7029726833333334 0.9291967546875 0.7022384104166667 0.9358275078125 0.701516725 0.9360208046875 0.70148508125 0.9026647390625 0.35793109791666666 0.8114536640625 0.17384866041666666 0.8062893953125 0.07772165416666667 0.769105328125 0.051348018749999995 0.7396697718749999 0.043066220833333335 0.5049597671875 0.08149124166666667 0.5050203015625 0.08225915833333333 0.6771166484375 0.47948445208333335 0.794626815625 0.4867646770833333 0.7990884281249999 0.27219939583333336 0.8381688109375001 0.3532433395833333 0.8655980578125 0.5576476354166666
1 0.0793021109375 0.13808358958333333 0.07703674218749999 0.4009468833333333 0.07722717031250001 0.40490900625 0.10721459062500001 0.6406602874999999 0.14503265781250002 0.6457153625000001 0.2094601171875 0.42261365208333335 0.38710535 0.40231997708333334 0.369075490625 0.20653141041666664 0.22715351562500002 0.217429575 0.1259750734375 0.059576714583333336 0.093267084375 0.06493142916666667 0.0793021109375 0.13808358958333333
1 0.192402984375 0.61540360625 0.22193826562500002 0.7513870979166666 0.18463197656250002 0.75640104375 0.19251235625000002 0.8462956583333334 0.1976733890625 0.84545073125 0.23998658125 0.81374418125 0.3287474203125 0.7641738395833334 0.3593763203125 0.68298824375 0.33224109375 0.5600295833333334 0.3108540890625 0.4595867395833333 0.25555253906250003 0.4678841875 0.253730384375 0.4682112333333333 0.2563993703125 0.54168475 0.31923466562499997 0.6700094916666667 0.2897766890625 0.7358472604166667 0.2800605609375 0.5963065479166667 0.192402984375 0.61540360625
1 0.7827741828125 0.6132789854166667 0.781062234375 0.5946887249999999 0.7172413234375 0.5322008145833333 0.6524170296875 0.6038867333333333 0.643954121875 0.6974392104166667 0.5986784140625 0.6722539020833334 0.5247000203125001 0.3844850958333333 0.48777531874999996 0.28790549791666664 0.48287904218750005 0.28870708125 0.4210453703125 0.3630661083333333 0.421213984375 0.3660330166666667 0.4982089828125 0.42532546250000003 0.5655817875 0.6937142416666667 0.5597776890625 0.6931143604166666 0.5656796828124999 0.73083915 0.5787133812499999 0.8279231729166666 0.658286396875 0.86145833125 0.7273921421875 0.8210243229166667 0.74424169375 0.7648289375 0.6910395281249999 0.7324257833333333 0.7827741828125 0.6132789854166667
1 1 0.45922492708333335 0.9883276046875 0.33247288541666664 0.9586516265625 0.3450834375 0.8351508375 0.37354718958333333 0.819359465625 0.40871587291666667 0.8437439171875001 0.5024961458333334 0.9032205515625 0.4927590625 0.9895231015625001 0.4779016104166667 1 0.4757723375 1 0.45922492708333335
1 0.13813079374999998 0.43022698541666665 0.1440236078125 0.47468057708333333 0.0947986296875 0.4664858666666667 0.005881103125 0.5102482958333333 0.0062057125 0.5170022645833333 0.04403051875 0.6345939291666666 0.08607625625000001 0.6236708354166667 0.10678159218750001 0.58555175 0.1613444140625 0.5745513916666667 0.20585702968750003 0.5538776708333334 0.18867061875 0.3672482125 0.13813079374999998 0.43022698541666665
0 0.8176757953125 0.20591879375 0.8420958875 0.25508645 0.9022461249999999 0.24523908958333335 0.9779652609375 0.22637522291666665 0.9702464921875 0.17040850000000002 0.8766699484375 0.18622325208333335 0.8170220453124999 0.19881965208333333 0.8176757953125 0.20591879375
0 0.4501618953125 0.42119751875 0.5142460062499999 0.4491938104166667 0.515228121875 0.4491022416666667 0.5140640984375 0.4133965104166667 0.5013410875 0.27523568750000005 0.4737779765625 0.31955397083333337 0.4799016359375 0.22020029375 0.44800714218750004 0.1055079625 0.44696007812499994 0.10567938125000001 0.44868921093749997 0.38373020625 0.4501618953125 0.42119751875
0 0.3603508625 0.3332917458333334 0.333177821875 0.2964141708333334 0.3199037765625 0.24402293125 0.310440128125 0.24557225 0.279342353125 0.2590001416666667 0.2786170234375 0.3182991604166666 0.27986604531250003 0.33186245 0.354264625 0.35333943333333334 0.36040914375 0.33392463958333335 0.3603508625 0.3332917458333334
0 0.08698603906249999 0.32395532083333334 0.087656740625 0.3643934020833333 0.0909617140625 0.40028254166666666 0.13291173437499998 0.3922440104166667 0.12909875937499998 0.3015733020833334 0.12290319375 0.23429486041666667 0.10121543125000002 0.237845425 0.08698603906249999 0.32395532083333334
0 0.364235675 0.4973132979166667 0.361288996875 0.3662386270833334 0.3270945796875 0.35409158124999995 0.3198046125 0.3552850416666667 0.3319094671875 0.4867332083333333 0.364235675 0.4973132979166667
0 0.47706402031249995 0 0.4532110359375 0.0039050375 0.4607354703125 0.08380790833333333 0.867931153125 0.06168530625 0.8827133249999999 0 0.47706402031249995 0