1 0.5815243671875 0.7273344305555556 0.57049219375 0.719966475 0.571129425 0.6419363944444445 0.5399965859375 0.5943712861111111 0.5674227796875 0.5186343777777778 0.5193423187499999 0.47896503055555556 0.5061097296875 0.47814353333333337 0.4762322796875 0.5133726527777778 0.5055415734375 0.603720225 0.45243243125 0.6932677833333334 0.43316933124999996 0.7007296111111111 0.43301503906249994 0.7043494638888889 0.4637796734375 0.7634710277777779 0.4624761984375 0.8017448583333333 0.54583103125 0.8359630722222222 0.54812735 0.7820888361111111 0.569854890625 0.7979966055555555 0.581367403125 0.7353253277777778 0.5815243671875 0.7273344305555556
1 0.7695998921875 0.5132908861111111 0.8061209125 0.5129999722222223 0.878272246875 0.47574625277777777 0.8782722453125 0.38681785277777775 0.7678183046875 0.31767049444444445 0.761512453125 0.31333367222222225 0.7243913140625 0.3110291388888889 0.7092942984375 0.3514183194444444 0.7047451921875 0.5830083194444444 0.769599890625 0.5529910250000001 0.7695998921875 0.5132908861111111
1 0.6571920390625 0.41305175555555557 0.644440878125 0.3896952472222222 0.6432071953125 0.45250066666666666 0.6436533796874999 0.4585615722222222 0.6774550296874999 0.4949099361111111 0.668446584375 0.5199551222222222 0.6619442109375 0.5975286 0.6886784546875 0.6113437833333334 0.7173068859375 0.5918762944444445 0.7078269734375 0.4882235611111111 0.7319772421875 0.4733366305555555 0.7507952515625 0.4298576444444444 0.731318575 0.4018212277777778 0.7161040468750001 0.4139007722222222 0.6571920390625 0.41305175555555557
1 1 0.0974432138888889 0.68453463125 0.07785869444444445 0.68509255625 0.18707588333333333 0.671175684375 0.22321293055555558 0.6695171703125 0.27383620833333333 0.762473346875 0.28512567222222224 0.740604775 0.40596715555555557 0.7754094125 0.600930588888889 0.775706725 0.5967373499999999 0.8196884390625 0.5887033055555555 0.813869415625 0.4109909472222222 0.871462790625 0.2383630861111111 0.91298179375 0.28304924444444446 1 0.28589736666666665 1 0.0974432138888889
1 0.33964161875 0.3495077861111111 0.2543208625 0.3177980722222222 0.254288225 0.3186278527777778 0.2805041296875 0.3495039166666667 0.2731515265625 0.5364321472222222 0.32917894375 0.5471647222222222 0.343981615625 0.5125305583333333 0.43384129375 0.4455403361111111 0.43565372187499996 0.35327161944444446 0.3901364875 0.30695496944444445 0.3745134390625 0.3059850694444444 0.33964161875 0.3495077861111111
1 0.33298420625 0.5673334944444445 0.3633708453125 0.42782291944444445 0.30765603124999996 0.36875850555555556 0.2457571078125 0.058290797222222225 0.15769244531249998 0.03693631944444444 0.09754661406250001 0.3287061972222222 0.01864640625 0.34763898055555553 0.00456265625 0.4113918861111111 0.004094340625 0.4352332638888889 0.0636023203125 0.5474324888888888 0.33298420625 0.5673334944444445
1 0.11214005468749999 0.29803498333333334 0.111450090625 0.29799215 0.063546940625 0.3102780888888889 0.0378356859375 0.3944927638888889 0.0022373609375 0.4327565527777778 0.0103622109375 0.46381646944444443 0.033830453125 0.455113275 0.0181317578125 0.5425531305555555 0.032638271875 0.5678715916666667 0.03267751875 0.5678756583333333 0.058601857812500005 0.49902996111111114 0.1104267171875 0.5139302916666667 0.110503615625 0.5100155027777777 0.11214005468749999 0.29803498333333334
0 0.6857765312499999 0.45097034444444445 0.6917712078125 0.3679695416666666 0.6935718703125 0.27629975 0.6725258140625 0.29856286111111113 0.669001790625 0.3535017944444444 0.6671747421875 0.388295025 0.6855677015625 0.4509898 0.6857765312499999 0.45097034444444445
0 0.5999372703125 0.45680925555555557 0.6309494812499999 0.46251617777777776 0.63212715 0.46249181666666667 0.65075939375 0.4417342305555556 0.5942795671875001 0.4273177166666666 0.59413646875 0.430434225 0.5999372703125 0.45680925555555557
0 0.438286640625 0.29882631111111113 0.41347509687499995 0.29728597777777777 0.418163709375 0.4089097277777778 0.43809442968749995 0.30861153611111114 0.438286640625 0.29882631111111113
0 0.3935244 0.42859433333333335 0.4612155734375 0.4358816166666667 0.446044528125 0.4021483583333333 0.4281517015625 0.4010375472222222 0.40308778749999996 0.4064917666666667 0.393602571875 0.4246146972222222 0.3935244 0.42859433333333335
0 0.3611453703125 0.25440871944444443 0.378214153125 0.17791621666666665 0.410667378125 0.16091759444444445 0.31625684375 0.1550564583333333 0.31612459375 0.15872526944444446 0.3611453703125 0.25440871944444443