1 0.44841848593750006 0.5170727444444444 0.42010505625 0.5263056666666667 0.4240045078125 0.5662944166666667 0.3936617015625 0.5634673972222223 0.39377978593749996 0.713475163888889 0.41526215000000005 0.7160565694444445 0.4420662375 0.7797549111111112 0.442490959375 0.7797944833333333 0.4515632765625 0.7447989805555556 0.5131299640625 0.6633591416666667 0.5565262515625 0.7260479499999999 0.5821391218749999 0.6794680888888889 0.5838970109375 0.6437476111111111 0.5742077703125 0.5660235805555556 0.52608671875 0.6043355944444444 0.5067861812500001 0.5438917777777778 0.463445640625 0.5350986638888888 0.4621984515625 0.5192160166666666 0.44841848593750006 0.5170727444444444
1 0.2433773890625 0.5451607555555555 0.28923281875 0.4977677638888889 0.28955383437500004 0.4879693388888889 0.282047515625 0.430844525 0.26157408125 0.24821041944444444 0.207570034375 0.2398108777777778 0.17786000156249998 0.35825375833333334 0.1721527640625 0.4231213527777778 0.1497953171875 0.4221962388888889 0.121915021875 0.5415466083333333 0.14384011875 0.5424538277777777 0.2433773890625 0.5451607555555555
1 0.31574224375000004 0.46733001111111105 0.327176103125 0.36632579444444446 0.3037942109375 0.34340648611111113 0.2919904015625 0.3405816944444444 0.2723935703125 0.34523564166666665 0.277318375 0.42461859444444444 0.285758934375 0.45217461388888885 0.2515303875 0.4790954888888889 0.24400350781250002 0.5586905666666666 0.264061128125 0.5283784222222222 0.32249050625 0.5439573111111111 0.337339015625 0.5602789055555555 0.355206946875 0.5399441888888888 0.355327971875 0.5325497805555556 0.3393956625 0.48895063055555554 0.31574224375000004 0.46733001111111105
1 0.0244429015625 0 0 0.4825083888888889 0 0.5645027166666666 0.0161077890625 0.5899883472222223 0.1038604125 0.5549323972222222 0.12000795312500001 0.37248579722222225 0.1023899921875 0.29346425555555555 0.20833782812499999 0.2164443138888889 0.30608982500000004 0.25133916666666667 0.31819907812500003 0.17532318055555557 0.31835089375000003 0.17532708055555557 0.3184388921875 0.17353896944444444 0.21827979531250002 0.08725976111111111 0.147321396875 0.10882270277777778 0.1538554125 0 0.0244429015625 0
1 0.6936345015625001 0.5708115972222222 0.7068244140625 0.6212823111111111 0.7069479828125 0.621287425 0.703585075 0.4666562166666667 0.736894178125 0.4032592638888889 0.7375600203125 0.3897293138888889 0.7194246421875 0.30548044722222223 0.664125303125 0.2968794444444444 0.6133629203125001 0.4439107694444444 0.5915487953125 0.4667733972222222 0.588107328125 0.5664450694444444 0.6936345015625001 0.5708115972222222
1 0.7574561906249999 0.12302589166666666 0.6900234359375 0.4145814166666667 0.6387683234375 0.45302878888888887 0.6375367 0.4780554972222222 0.6606146609375 0.6030561416666667 0.9411634328125 0.6466914083333334 0.9916406249999999 0.5689557083333333 0.9916751171874999 0.5584155972222222 0.9769968828125 0.4800690972222222 0.8991345031250001 0.437521675 0.8451915218750001 0.12807935555555555 0.7574561906249999 0.12302589166666666
1 1 0.46014538333333327 0.9389405703125 0.43928616111111113 0.9119147 0.43167642500000003 0.9099801859375001 0.5235731638888889 0.8668286937499999 0.5548601722222222 0.877977825 0.5853486833333333 0.929363365625 0.5756857194444445 0.919938746875 0.6148601611111111 0.92770614375 0.6250796027777779 0.93982656875 0.6269647583333333 0.9636347046875 0.5809853472222223 0.997247046875 0.5628785694444444 1 0.5069382972222222 1 0.46014538333333327
0 0.323497103125 0.29966746666666666 0.2833273625 0.29759409722222224 0.2833194296875 0.2977089611111111 0.3179283921875 0.3412748638888889 0.367880828125 0.3451271222222222 0.38276958125 0.3088864361111111 0.323497103125 0.29966746666666666
0 0.38050981250000004 0.3643027305555555 0.3789271640625 0.3640565722222222 0.3796803875 0.4670330861111111 0.38969554375 0.4466541583333334 0.3930264515625 0.37896980277777775 0.38050981250000004 0.3643027305555555
0 0.601398459375 0.3199879888888889 0.5851538749999999 0.3154647888888889 0.58203145 0.31478321666666664 0.575174365625 0.31371669722222223 0.5873666421875 0.4297119388888889 0.6012644500000001 0.3227110777777778 0.601398459375 0.3199879888888889
0 0.5645735375000001 0.46271674444444444 0.582649225 0.4989129388888889 0.583390778125 0.499028275 0.5861127640625 0.4274000305555556 0.5869042656250001 0.37904059444444443 0.586415165625 0.37890805833333335 0.574442190625 0.39254649166666666 0.5647410859375 0.45931214444444446 0.5645735375000001 0.46271674444444444
0 0.680917815625 0.23397569999999998 0.6358985984375 0.14191621666666668 0.63370500625 0.14157503333333332 0.62066939375 0.3246324638888889 0.6384476359375 0.25485715277777776 0.680645084375 0.23951762499999998 0.680917815625 0.23397569999999998