1 0.49985968124999997 0.38137842222222224 0.4646233015625 0.4626166027777778 0.4964093625 0.5130757027777778 0.5553653062499999 0.4828022333333334 0.5333688703125 0.4002233 0.5674828578125 0.3618263611111111 0.5721948171875 0.28443775 0.5848444328125 0.2797725222222222 0.5769067109375 0.2070490666666667 0.5542825125 0.2167398222222222 0.555623265625 0.16556374722222222 0.5379533953125 0.16501543055555556 0.470737103125 0.1734403861111111 0.46940800625 0.21167549444444442 0.43831733437500003 0.25662285 0.438209625 0.2675928722222222 0.45335385781250004 0.2779823166666667 0.49985968124999997 0.38137842222222224
1 0.880746471875 0.5571986555555556 0.8105503984375 0.4984893416666667 0.7738618515625 0.48606811111111115 0.7730819046875 0.4463619083333334 0.7338359718749999 0.4155755861111111 0.7071184765625 0.4147465111111111 0.70686555625 0.4405061944444445 0.7101965875 0.6100852972222223 0.73936648125 0.6930937138888889 0.741562528125 0.6934581750000001 0.7759155140625 0.6811266305555556 0.8798320140625 0.650335025 0.880746471875 0.5571986555555556
1 0.6437356390625 0.5619599555555556 0.68703285625 0.5580888722222223 0.7007288296875 0.5445663833333334 0.7225250640625 0.6082066083333333 0.759766025 0.6233616361111112 0.759884659375 0.6112788055555556 0.747528021875 0.5886629027777778 0.74463935 0.48393315277777776 0.75080004375 0.45810328055555555 0.7356905828125 0.4239677416666667 0.731730075 0.4238448416666667 0.7106117249999999 0.44985386944444444 0.7032402984375 0.49127843611111116 0.6446432671875 0.46417848055555555 0.6359847671875001 0.5075806388888888 0.6365069578125 0.5220671472222222 0.6437356390625 0.5619599555555556
1 1 0.37782549444444447 0.9792058890625001 0.35109290277777777 0.8942554703125 0.4005306888888889 0.8901277875 0.5849805666666666 0.912808565625 0.6608001944444445 0.81251186875 0.7550572111111111 0.7130478421875 0.736453225 0.70597795625 0.814193688888889 0.7044753312500001 0.8144045805555555 0.7044868421875 0.8151078027777777 0.81107209375 0.8854135805555556 0.88020801875 0.8521964305555555 0.8810412953125001 1 0.9254508250000001 1 0.9307718296875 0.9941918833333334 0.9894030546874999 1 0.9951669265625 1 1 0.5077572 1 0.37782549444444447
1 0.377623165625 0.6792850194444444 0.4314285546875 0.6399107777777778 0.4323319625 0.5478997416666667 0.34470890625 0.45824458611111113 0.33388510937500004 0.4281684305555556 0.27489182031250003 0.4263377944444444 0.27663233125 0.6036067277777778 0.249587846875 0.6274740444444444 0.2495960109375 0.6283057249999999 0.33559305625 0.6188655194444445 0.3740877421875 0.6788455166666667 0.377623165625 0.6792850194444444
1 0.25307014843750003 0.9001272 0.3118816515625 0.6051850027777778 0.363428221875 0.5624914388888889 0.363610359375 0.5439409666666667 0.336103665625 0.4171244694444444 0.042748604687500004 0.40802130277777776 0.005935801562500001 0.4696568388888889 0.0062112953125 0.48017233333333337 0.0231832609375 0.5574220833333333 0.10224236093750001 0.5950975444444444 0.165247628125 0.9004547083333334 0.25307014843750003 0.9001272
1 0.0890560203125 0.529350275 0.13131742500000002 0.49071672777777775 0.1192581515625 0.4623882111111111 0.0681169125 0.4809868888888889 0.0763911921875 0.44042746388888887 0.0651226421875 0.42816300277777775 0.0579101921875 0.42793919166666666 0.033661371875 0.48172661944444445 0.001437840625 0.5049633777777778 0.00042569375000000003 0.6080493694444444 0.06256370624999999 0.6181381222222222 0.089836234375 0.620962025 0.0890560203125 0.529350275
0 0.661817928125 0.5719892611111111 0.6618006390625 0.5737502111111111 0.66864108125 0.7469366194444444 0.67053689375 0.7469954472222222 0.6872065 0.6919646611111111 0.6879182015625 0.6194786999999999 0.687131084375 0.5943622861111112 0.661817928125 0.5719892611111111
0 0.6107563375 0.5201722861111111 0.6107187359374999 0.5240020111111111 0.6191047968750001 0.6203804055555556 0.6200719765625 0.6204104194444444 0.63036923125 0.5917414666666667 0.6304539046875 0.5831177138888889 0.627214253125 0.5330349722222223 0.6107563375 0.5201722861111111
0 0.4232079015625 0.6920911111111111 0.42443315625 0.6921291333333333 0.43285789374999994 0.5841906638888889 0.40696320156250004 0.5850697861111112 0.40690859062499996 0.5906318666666667 0.4232079015625 0.6920911111111111
0 0.4196285984375 0.5530699944444445 0.4059269515625 0.5526448166666666 0.390731165625 0.5802716972222222 0.4532073890625 0.592310625 0.46001688906249993 0.5931571472222222 0.4600188546875 0.5929569222222223 0.4493999203125 0.5685264583333333 0.4196285984375 0.5530699944444445
0 0.3298504859375 0.7990837722222223 0.3760267515625 0.8739882833333333 0.3788802953125 0.8740768305555556 0.3864955203125 0.6898002916666667 0.3707570609375 0.7641033388888889 0.32992737031249997 0.7912532138888889 0.3298504859375 0.7990837722222223