1 0.3980081609375 0.39591960941176474 0.3985481875 0.3926579741176471 0.37461739843749997 0.3853311576470588 0.371151340625 0.3416234188235294 0.2531306671875 0.2981303129411765 0.21433124062500003 0.2402027270588235 0.21156046874999998 0.2393916823529412 0.2213505203125 0.32200555764705885 0.15978534375 0.2607441105882353 0.1168463546875 0.28682694588235297 0.1159541203125 0.2937391623529412 0.21151208906250002 0.4719261388235294 0.20739304375 0.6454808 0.2886336109375 0.6829828470588236 0.28894810312499997 0.6830606823529412 0.3567877671875 0.5253388705882354 0.3980081609375 0.39591960941176474
1 0.6748994984375 0.43270378823529415 0.6232215546875 0.38094981647058823 0.502198809375 0.37115114352941175 0.4884418828125 0.42923367058823525 0.4839296078125 0.4641906894117647 0.5712533671875 0.5323806964705883 0.5810782953125 0.5770054470588235 0.6599908015625 0.6072202494117647 0.6261919781249999 0.6749032117647059 0.597939146875 0.748076825882353 0.60320944375 0.8786902 0.6039473484375 0.8791874894117646 0.7135835828125 0.9112795341176472 0.7229689968749999 0.9026169364705882 0.7499523734375 0.8760971788235293 0.742918771875 0.7366401764705882 0.7280540796875 0.6769705670588235 0.759823634375 0.6735254235294118 0.8170685015625001 0.6934674141176471 0.8258950265625 0.64015728 0.8388505265624999 0.5414305670588235 0.7633880859375 0.4895522588235294 0.6748994984375 0.43270378823529415
1 0.5780383109375 0.31550408705882355 0.473738409375 0.2849740588235294 0.4695116140625 0.28398522352941175 0.46926135625 0.3936243105882353 0.44843175625000004 0.43853203764705884 0.432706546875 0.4664158517647059 0.4274265875 0.507320185882353 0.43880293281249994 0.5374734752941177 0.4548635484375 0.5403003435294118 0.49887641718750003 0.5398580988235294 0.5184726890625 0.4116875576470588 0.5780383109375 0.31550408705882355
1 0.8404131828124999 0.6802078352941177 0.842608015625 0.5708919694117647 0.8630762515624999 0.5503037717647058 0.8784963953125 0.44096832705882355 0.8859384328125 0.3833141694117647 0.8565000375 0.3784046305882353 0.7513314640625001 0.3421779717647059 0.714553596875 0.3302253364705882 0.7145333640625 0.3304860211764706 0.7228529015625 0.49298120705882353 0.7717702578125001 0.5380778188235295 0.7483277765625 0.61048844 0.7843276265625 0.6874761505882353 0.7892576953125 0.6886520117647058 0.8404131828124999 0.6802078352941177
1 0.1268756421875 0.30720171764705884 0.10496917812499999 0.35417773647058826 0.10345 0.3659469576470588 0.14975595625 0.3795013552941176 0.1549643484375 0.3123860305882353 0.1637058828125 0.30421140705882355 0.18528922812499998 0.23627426588235292 0.1843264625 0.2325091317647059 0.185340709375 0.23287111529411766 0.1600916046875 0.21944678823529412 0.157531696875 0.21853315764705883 0.139680459375 0.27950166352941175 0.1268756421875 0.30720171764705884
1 0.2820232984375 0.32668144705882357 0.27696953125 0.3747314894117647 0.3138869359375 0.3950009717647059 0.33924111875 0.4136233105882353 0.3448709359375 0.3700086 0.346754846875 0.3149196611764706 0.33783729375 0.3123093694117647 0.31353370625 0.32811876470588236 0.2820232984375 0.32668144705882357
1 0.44901287031250003 0.3168454823529412 0.4060081140625 0.27851314352941176 0.3892005953125 0.40290304 0.3969397859375 0.46144341411764705 0.3975386453125 0.4616187082352941 0.43544289999999997 0.4056248494117647 0.477159234375 0.41988737176470586 0.48438900625 0.37431191294117644 0.48844226874999996 0.3429109082352941 0.44901287031250003 0.3168454823529412
1 0.8988216187500001 0.4235423011764706 0.8786095953125 0.38430962823529413 0.8749074640625001 0.3832259647058824 0.8320735062500001 0.40603487294117646 0.8124475375 0.5331240611764706 0.8082363296875 0.5818356188235294 0.808897578125 0.5820291764705883 0.8827409812499999 0.5038494894117647 0.9419070671875 0.5227239247058824 0.9655881187500001 0.4938129623529412 0.9668235718749999 0.4842417882352941 0.957235925 0.43112431764705883 0.8988216187500001 0.4235423011764706
1 0.9960064328125 0.48012457411764703 0.9978369015625 0.44967543294117646 0.9456602796875 0.4457893811764706 0.92112149375 0.41711067764705884 0.9047708359375 0.46634038588235294 0.8970451078125 0.5371986564705882 0.8967124703125 0.54061836 0.9008372640625 0.5418257458823529 0.939313696875 0.5110359105882353 0.9891837906250001 0.5329802164705882 0.9960064328125 0.48012457411764703
1 0.87801565625 0.27205312 0.8790304671875001 0.25950377882352943 0.800953546875 0.2039369388235294 0.7945943343749999 0.3124243952941177 0.8043152421875 0.3377596917647059 0.813869934375 0.39412319764705883 0.8402220375 0.4018368235294118 0.8499719406249999 0.3451392329411765 0.8646435406249999 0.31916546823529407 0.8761647515625001 0.2863922517647059 0.87801565625 0.27205312
0 0.45896726406250005 0.6452797388235295 0.4954348640625 0.6216863011764706 0.49547188281250004 0.6213995082352941 0.3203570328125 0.5459628823529411 0.3524992796875 0.6127696823529412 0.342551675 0.6674021505882353 0.26345631875 0.6307933482352941 0.262805 0.6358391788235294 0.27435414062499996 0.6567312211764706 0.3704667703125 0.7149652635294117 0.42426812812500003 0.7307136682352942 0.44828260000000003 0.7158298611764705 0.45896726406250005 0.6452797388235295
0 0.8715977484374999 1 0.9156379828125001 0.6588162023529412 0.91355211875 0.6582056399999999 0.8862021015625 0.689695705882353 0.8643925781249999 0.8149947152941176 0.807647703125 0.788729 0.79705146875 0.7502737247058824 0.76036355625 1 0.8715977484374999 1
0 0.0981312390625 0.3701577011764706 0.10083972968749999 0.3491747811764706 0.069096071875 0.3812764988235294 0.057835950000000004 0.48800012 0.0410557171875 0.4740042235294118 0.0324101515625 0.4272759694117647 0.031396790625 0.43089405882352944 0.0238534484375 0.4893330376470588 0.0657064015625 0.5237659105882353 0.06829449843749999 0.52445312 0.0864531015625 0.4328615505882353 0.0981312390625 0.3701577011764706
0 0.42765065937499996 0.4685900988235294 0.2822673234375 0.40573085882352944 0.3069722640625 0.45188753411764704 0.39708875625 0.4782658823529412 0.4275452515625 0.4694067035294118 0.42765065937499996 0.4685900988235294
0 0.91828204375 0.7914240823529411 0.9497722015625 0.6163403505882353 0.9533401421875001 0.588699174117647 0.91052590625 0.5780985270588236 0.878931928125 0.7454161552941176 0.9142267875 0.7902370517647059 0.91828204375 0.7914240823529411
0 0.92283748125 0.6311393035294117 0.9292429515625 0.6340348 0.9867025203124999 0.6508540141176471 0.9875285078125 0.644455014117647 0.9838928749999999 0.6135095129411764 0.932930359375 0.5834408941176471 0.92283748125 0.6311393035294117