1 0.31909345624999996 0.6404086988235295 0.3643468609375 0.6070381764705882 0.3646224390625 0.6051401717647059 0.262484096875 0.43957945411764704 0.2630195203125 0.2683812705882353 0.177668378125 0.24802431294117647 0.1147551703125 0.4068750070588235 0.09427807187500001 0.4769144282352942 0.087105059375 0.54511376 0.09968219687499999 0.5471518470588236 0.1040920734375 0.5897076094117647 0.2241078484375 0.6163759223529411 0.26678845 0.6710621388235294 0.2676695515625 0.67115492 0.2556827828125 0.5885219223529412 0.31909345624999996 0.6404086988235295
1 0.6575399421875 0.8753688447058824 0.6621515859375 0.8763036752941176 0.78250933125 0.8636929670588235 0.79818231875 0.7932726800000001 0.8016456546875 0.7706823952941176 0.70988723125 0.7193927764705883 0.6992418671875 0.6777290752941176 0.61847473125 0.6629368729411765 0.651904746875 0.5907019788235294 0.6796098453125 0.5141461058823529 0.672360446875 0.38783837411764704 0.59475951875 0.35226856705882353 0.5843360078125001 0.3497824729411765 0.5501026171875 0.3867588 0.5230167203125 0.41761348235294116 0.5321887109375 0.5522121482352942 0.5481814968750001 0.607601668235294 0.5158904796875 0.6168582235294118 0.46790231406249994 0.6096434588235294 0.451366028125 0.7668666023529411 0.514916115625 0.7968070352941177 0.6058157390625001 0.8357763364705882 0.6575399421875 0.8753688447058824
1 0.5733722078125 0.32883146117647055 0.5737457328125 0.32528007999999997 0.4642954046875 0.28771575294117646 0.47089707968749994 0.4013268988235294 0.45337125624999997 0.44584032941176466 0.4294464203125 0.49395900941176474 0.4292886453125 0.49545909411764705 0.4486624859375 0.5437389411764706 0.4932843765625 0.5543816329411765 0.5089325859375 0.5557790282352941 0.5200556890625 0.42484749411764705 0.5733722078125 0.32883146117647055
1 0.703108215625 0.6447081929411765 0.7937035390625 0.678444065882353 0.8439857312499999 0.6904367882352941 0.8418302609375001 0.5349378470588235 0.794339134375 0.48886344470588233 0.8206455359374999 0.4177655270588236 0.786548953125 0.33859653647058824 0.7306724703125 0.3460692470588235 0.72434085625 0.4543416494117647 0.7029806671875 0.47416646588235295 0.6782642078125 0.6100334164705883 0.6751859796875 0.6393004917647059 0.703108215625 0.6447081929411765
1 0.13674208125 0.35197385411764703 0.1524995125 0.3635171435294118 0.1873784734375 0.37183606588235296 0.1910854203125 0.35171272235294115 0.19202895 0.34306768 0.1512920953125 0.3154551317647059 0.132326678125 0.29563474352941177 0.09270262812499999 0.2538812047058824 0.0925208640625 0.2538146470588235 0.09005889375000001 0.27637231764705883 0.0844630390625 0.32957640470588234 0.1308136328125 0.33853674352941177 0.13674208125 0.35197385411764703
1 0.2782502390625 0.3383103294117647 0.27449891875 0.3866410094117647 0.3122577015625 0.40161972235294113 0.3379444203125 0.41635152000000003 0.34279130625 0.3702684588235294 0.343101253125 0.32321549411764705 0.3294880546875 0.3199686329411765 0.310036325 0.33537024 0.2782502390625 0.3383103294117647
1 0.37969929062499996 0.32359154588235295 0.41863206875000003 0.37976055294117644 0.41062440625 0.4430219011764706 0.4617176515625 0.45905012470588236 0.47796980156249996 0.3976073388235294 0.49964952343749996 0.33788052470588237 0.500342015625 0.33129647058823525 0.4316795546875 0.31337263529411763 0.41833563125 0.31018999999999997 0.37969929062499996 0.32359154588235295
1 0.9083924171875 0.39889438352941176 0.8884495484375 0.36275931529411765 0.8866536921874999 0.3623309882352941 0.8472074359375 0.38071894352941177 0.8398647109375 0.467746745882353 0.8151577234375 0.49672602117647063 0.813455890625 0.5129066470588235 0.8255106734375 0.567631105882353 0.8737600453125 0.5805700470588235 0.9425025140625 0.5938922329411764 0.9427469468749999 0.5920556870588236 0.8934059624999999 0.4875998729411765 0.9083924171875 0.39889438352941176
1 0.9986787156249999 0.42140954823529414 0.9987809640625 0.4204373976470588 0.9552754125 0.45472337176470584 0.9026408218749999 0.4320514870588235 0.8996798343749999 0.4602038729411765 0.8954532093750001 0.5161515152941176 0.9479298203125 0.5196638494117647 0.9609838500000001 0.5349069576470588 0.9755891765625 0.5383904494117647 0.9893999499999999 0.4989461788235294 0.9947463421875 0.45617464705882355 0.9986787156249999 0.42140954823529414
1 0.8917634968750001 0.23967163294117647 0.8392627609375 0.2271497694117647 0.8223533125 0.22727726352941177 0.80653628125 0.24424504705882355 0.7684358546875 0.2647778470588235 0.7669020828125 0.3039895670588236 0.8061697140625 0.31354434588235297 0.824824940625 0.3331737317647059 0.8492244171875001 0.3484049623529412 0.850868625 0.34860707764705884 0.865763525 0.34923809647058823 0.8917634968750001 0.23967163294117647
0 0.41092854687499997 0.7960030235294118 0.4284385046875 0.6840348376470589 0.440294940625 0.5713066 0.4235656453125 0.5276064682352941 0.37608674531249997 0.5190329811764706 0.3551681015625 0.46619362588235297 0.3335867453125 0.7203641341176471 0.332577365625 0.7377379223529411 0.370736134375 0.682937174117647 0.40775108437499996 0.6920982752941177 0.39527355937499997 0.819260014117647 0.396659003125 0.8195904541176471 0.41092854687499997 0.7960030235294118
0 0.9257765078125001 0.9343810517647059 0.8450535484374999 0.8846724164705883 0.8646450781249999 0.8014925623529412 0.8901724874999999 0.7903557152941176 0.7129539921875 0.6928042447058823 0.699796275 0.7813382 0.6912209781249999 0.8628701200000001 0.7878584421875 0.9105125082352942 0.9300058234374999 0.9444158447058824 0.9257765078125001 0.9343810517647059
0 0.031097346874999997 0.4438048729411765 0.102297734375 0.45254212 0.0946352625 0.47892188235294114 0.06536200625000001 0.4951994588235294 0.1059469984375 0.5048793176470588 0.1253800421875 0.4369022564705882 0.12567670625 0.4340816494117647 0.0049928421875 0.3944815105882353 0.031097346874999997 0.4438048729411765
0 0.3371830390625 0.5671616188235294 0.354867896875 0.5412273105882353 0.36940531249999997 0.4030089529411765 0.35616405 0.34134113176470593 0.35615746718749997 0.34133872 0.3368405359375 0.5670362070588235 0.3371830390625 0.5671616188235294
0 0.8843078265625 0.6966037270588235 0.8811351999999999 0.7267683317647058 0.9138552609374999 0.7666580258823529 0.9183729828124999 0.7677355411764706 0.9528168671874999 0.5845719082352941 0.954532365625 0.5704035647058824 0.9550685546875 0.5653056047058824 0.9119022640625 0.5565450094117648 0.8843078265625 0.6966037270588235
0 0.9378705109375 0.6385741976470588 0.9650607515624999 0.6315228564705883 0.9828829656250001 0.5541266117647059 0.951091328125 0.5382868917647059 0.9441024671875 0.5793222117647059 0.9378705109375 0.6385741976470588