1 0.10838526562499999 0.6678815270588235 0.154791275 0.633497414117647 0.12623635625000001 0.741045225882353 0.15187165625000001 0.7972933482352941 0.1548619953125 0.7969784611764705 0.2543587765625 0.6036377317647059 0.368277740625 0.5585013999999999 0.37773603906250003 0.4288873411764706 0.2623129078125 0.37670579058823533 0.1680878578125 0.35437805647058823 0.167730478125 0.3920280141176471 0.139874265625 0.4099419952941176 0.13334649999999998 0.5943292611764706 0.107816859375 0.6556408352941177 0.10838526562499999 0.6678815270588235
1 0.77068151875 0.3788405411764706 0.68232425625 0.42060683294117646 0.6473935359375 0.4559043458823529 0.6374647671875 0.40998012705882353 0.63643145 0.31862624705882353 0.5329930968750001 0.3235801882352941 0.5177885437499999 0.4461993505882353 0.5025329359375 0.5890867270588236 0.4986314421875 0.6054511176470588 0.51035029375 0.8578179905882354 0.5131789234374999 0.8583119788235295 0.570842021875 0.8522399647058823 0.59203870625 0.7189819247058824 0.618475390625 0.6944831576470588 0.6188528062499999 0.5716744047058824 0.670759140625 0.6061054258823529 0.7248665359375 0.6311466211764707 0.8079400734375 0.5939652870588236 0.8224251562499999 0.4720725411764706 0.8226221828125 0.4550746023529412 0.7943515140625 0.41252924470588237 0.77068151875 0.3788405411764706
1 0.5273979296875 0.5171637929411764 0.5633397140625 0.5133790682352941 0.5774739249999999 0.4938473317647059 0.5762562578125 0.4652333858823529 0.5685652546875 0.4049069105882353 0.48102596406250003 0.4096025058823529 0.403172171875 0.3440431529411765 0.40575955781250006 0.49436826352941177 0.4066824890625 0.5142437105882353 0.4780225734375 0.48629637882352944 0.5112017953125 0.5050786517647059 0.5273979296875 0.5171637929411764
1 0.8541827015625 0.5285920682352941 0.86932593125 0.5267306023529411 0.8681512250000001 0.4832802447058823 0.876047171875 0.32038435058823533 0.8779345187500001 0.2736289223529412 0.8775640234375001 0.2656502588235294 0.8718412656250001 0.2662528752941176 0.7733244828125 0.3078581529411765 0.7512103437500001 0.389181 0.7004229953125 0.3686982705882353 0.6596859187499999 0.4308531082352941 0.6620270875 0.48127044 0.6687003234375 0.5188021482352941 0.7403991375000001 0.50055624 0.7569071484375 0.5268244305882354 0.8541827015625 0.5285920682352941
1 0.06637363125 0.39810957882352943 0.0661884015625 0.39814547529411765 0.0661816015625 0.39990559999999997 0.06961074687499999 0.4737526588235294 0.11250536562499999 0.4582085129411765 0.11970918281250001 0.46781399058823525 0.16817525312499998 0.4748288211764706 0.1703791921875 0.4721391764705883 0.17037311718749998 0.47371198823529415 0.1730084046875 0.4377985694117647 0.1730423484375 0.42901272705882354 0.130219146875 0.4249140611764706 0.1095638078125 0.4163437176470588 0.06637363125 0.39810957882352943
1 0.2695746625 0.4422357294117647 0.2627783453125 0.48475271999999997 0.26294781718750004 0.4884023176470588 0.2717643140625 0.48747392705882353 0.328971753125 0.46554130352941175 0.32860488125 0.45367962588235294 0.3126402359375 0.421686814117647 0.30757947812499997 0.3799203129411765 0.2749485 0.3833564070588235 0.2695746625 0.4422357294117647
1 0.44581059375 0.32392844470588233 0.4192918171875 0.3891776023529412 0.37621937499999997 0.38568201176470585 0.3788338234375 0.4636589811764706 0.42282614687500003 0.47963520941176474 0.45018477187499994 0.4946315294117647 0.4667769546875 0.49288434823529415 0.46105438281250005 0.3696480870588235 0.44581059375 0.32392844470588233
1 0.943663403125 0.3061458776470588 0.942758196875 0.28665215294117646 0.9208603656250001 0.23759084 0.8341452046875 0.23891198588235293 0.801093140625 0.24436267529411762 0.8707838921875 0.3346780047058824 0.8736343078125 0.4255520588235294 0.895386171875 0.4501098188235294 0.9098110875 0.4485908517647059 0.93643414375 0.4263284117647059 0.9265110078125 0.3392169694117647 0.943663403125 0.3061458776470588
1 0.9753081218749999 0.38046443999999996 0.9437242234375001 0.32888216705882356 0.9440261984375 0.24544932470588235 0.88816331875 0.25654443294117646 0.9001058265624999 0.33385941647058825 0.8887463765625 0.3751810164705882 0.8887939765624999 0.3762060870588235 0.9220126671875001 0.3883388376470588 0.9458116203125 0.3858327694117647 0.9754006203125 0.38245640000000003 0.9753081218749999 0.38046443999999996
1 0.8429932796875 0.11361728235294118 0.797877734375 0.1183680188235294 0.773187878125 0.12645821882352942 0.7598571093750001 0.14801085176470588 0.7251745265625 0.18002463999999999 0.728630590625 0.21887401411764706 0.7682585390625001 0.21593628470588236 0.7889924765624999 0.22930660470588238 0.8147907203125 0.23657580235294115 0.8164249921875 0.23625908235294119 0.8310781875 0.2322157717647059 0.8429932796875 0.11361728235294118
0 0.5166648125 0.6227632141176471 0.5165753546875 0.6208367058823528 0.3344467203125 0.6147933788235295 0.382763196875 0.6665628470588236 0.38865360937500004 0.7225675317647059 0.3002432921875 0.717091494117647 0.32241753281249996 0.7380901623529411 0.42401589375000004 0.7568427035294117 0.48332501875 0.75059736 0.5001683421875 0.7289963482352941 0.490556203125 0.6574895717647059 0.5166648125 0.6227632141176471
0 1 0.7773276141176471 0.9919767171875 0.7670502705882354 0.904544934375 0.7498732470588235 0.9040685109375 0.6625727152941177 0.9255997046875001 0.6422126305882352 0.7362902328125001 0.6156218964705882 0.7510578734375 0.7868626400000001 0.880007628125 0.7984561647058823 1 0.7858207835294118 1 0.7773276141176471
0 0.0019186484375 0.5648668517647059 0.0345288671875 0.6033424988235294 0.10517062968749999 0.5858454447058824 0.10154338593750001 0.6143202894117646 0.0748048515625 0.6414487670588235 0.08016103125 0.6420951976470589 0.11598728124999999 0.6383226376470589 0.1253999765625 0.5620643082352941 0.12527341875 0.5593388729411765 0.0019186484375 0.5648668517647059
0 0.3579767265625 0.46082446823529416 0.336126415625 0.3936273388235294 0.3361196671875 0.3936278117647059 0.33468533125 0.5153926823529411 0.33913619375000004 0.6112425341176471 0.357770115625 0.5722523811764706 0.35862534375 0.5027892870588235 0.3579767265625 0.46082446823529416
0 0.9529042109375 0.40395540470588237 0.9444393281250001 0.40484676941176473 0.9101330828125 0.41396612470588234 0.9158442234375 0.5885378023529412 0.9627370546874999 0.6157068729411764 0.9529042109375 0.40395540470588237
0 0.9297998468750001 0.46201698823529413 0.9513423968750001 0.4607283482352941 0.99604611875 0.45602097882352943 0.9955981234375001 0.44637336470588235 0.9864082296875001 0.4149640588235294 0.9324893765625 0.4114004988235294 0.9297998468750001 0.46201698823529413