1 0.8738634375000001 0.338350328320802 0.794309275 0.3302956140350877 0.782575015625 0.33018611278195487 0.7456795296875 0.36738896240601504 0.74531306875 0.3721762857142857 0.7758975718750001 0.4154706541353384 0.7794935484375001 0.5051609824561404 0.8019259312499999 0.4854466466165413 0.8068024234375001 0.681408671679198 0.8215946515624999 0.6931689573934837 0.8189529703125 0.7196103533834586 0.849544859375 0.7239033959899749 0.8465282703125 0.6817793884711779 0.856014728125 0.5988524060150376 0.8877970546875 0.5526603884711779 0.9350560343750001 0.5912884586466165 0.9718702328125 0.5750289022556391 0.9829877249999999 0.530600060150376 0.9847656406249999 0.4980038872180451 0.9747713734375001 0.4687961052631579 0.9360909296875001 0.4684351428571428 0.93238788125 0.4484769147869674 0.9157682796875 0.3785888471177945 0.8738634375000001 0.338350328320802
1 0.7071707203125001 0.629658731829574 0.7222333937500001 0.6004814711779448 0.747688153125 0.6103065238095238 0.7839876765625 0.6036379072681705 0.82164359375 0.6309089498746867 0.848812134375 0.5750458120300752 0.8499407109374999 0.5543545914786967 0.8145657796875 0.4897872882205514 0.7513062953125 0.5671937518796992 0.74154933125 0.5080991403508772 0.6830564703124999 0.4786057944862155 0.6270605734375 0.3316813784461153 0.67673529375 0.34099448872180455 0.7436657015625 0.14469267418546367 0.6893045125 0.028391659147869674 0.6722168265625 0.022257731829573933 0.6085150406250001 0.013318288220551377 0.5751866109375 0.21079380200501255 0.520302234375 0.25103220551378447 0.4226818578125 0.4247375263157894 0.3963344578125 0.6518730576441103 0.5715680421875 0.6923032155388472 0.6346962765625 0.7041386140350877 0.6455987890625 0.6619062205513784 0.7071707203125001 0.629658731829574
1 0.38990615625 0.6770119323308271 0.4341311734375 0.6241073784461153 0.5472510500000001 0.6827595388471178 0.5987505234375 0.7063196240601504 0.6218047171875 0.7095548822055138 0.6644551375 0.6067877493734336 0.6895475765625 0.5331033558897242 0.6902101171874999 0.5209563934837093 0.6726038640625001 0.4739026040100251 0.5209593765625 0.4428017694235589 0.45176705781250004 0.4448363483709273 0.42010974062499995 0.33404032581453635 0.418058809375 0.3340020476190476 0.3055208796875 0.4121313082706767 0.30550753125 0.41232423308270677 0.38468256093750003 0.6762788922305765 0.38990615625 0.6770119323308271
1 0.2913222078125 0.4890298596491228 0.2824013125 0.6350390426065163 0.3233250046875 0.6599904536340852 0.323462471875 0.660026694235589 0.370282134375 0.5777428947368421 0.37065822656249997 0.5708476591478696 0.3503377015625 0.5147480701754386 0.3793102609375 0.4122219523809524 0.379593796875 0.4070236340852131 0.3529923625 0.39257356892230577 0.3357108625 0.3901484110275689 0.2913222078125 0.4890298596491228
1 0.20512698437500002 0.23345206766917292 0.1995996828125 0.23267640601503758 0.13248973749999998 0.2535062130325815 0.1323505171875 0.2555182105263158 0.20169370468749998 0.5787252531328321 0.2227948078125 0.5615631102756893 0.22748799687500001 0.4180041102756892 0.26243538593750004 0.4279392681704261 0.31874345625 0.5381347819548872 0.35640947343749996 0.45825286466165416 0.35673498124999997 0.4522850375939849 0.3136704546875 0.3708392205513784 0.30565335312499997 0.3032021879699248 0.20512698437500002 0.23345206766917292
1 0.1639919515625 0.38743971177944864 0.1520439578125 0.38198481453634087 0.1497010890625 0.38165603258145364 0.1316870265625 0.49448280200501254 0.093226771875 0.5039069724310777 0.088334928125 0.45825534586466166 0.0533759859375 0.4630228295739348 0.05048496718749999 0.4901104862155388 0.0472148328125 0.5328302731829574 0.0860182046875 0.5432982155388472 0.1760661453125 0.6679347568922306 0.18193971874999998 0.5800565714285715 0.18304376875 0.559815007518797 0.15048143125 0.5365471378446116 0.1639919515625 0.38743971177944864
1 0.18538262187500001 0.6027003182957393 0.213816925 0.6480480175438597 0.21063559375000002 0.600742694235589 0.22541301093750002 0.5594374636591479 0.22574545000000001 0.5533425463659148 0.206655096875 0.5431147318295739 0.19210991093750002 0.5410735664160401 0.1600461625 0.5892230952380952 0.15996772343750001 0.5904201754385965 0.18538262187500001 0.6027003182957393
0 0.947147715625 0.32500263909774435 0.971462809375 0.32841484210526317 0.9954278453125 0.32744410275689223 0.9572352890625 0.20122875187969924 0.9566423015625001 0.20122321804511278 0.9496633343750001 0.27888149373433585 0.947147715625 0.32500263909774435
0 0.45335737187499997 0.10562800250626567 0.37643014531249996 0.09918598997493734 0.360018259375 0.0987264887218045 0.28675215 0.10904359398496241 0.286369434375 0.11277870426065163 0.30022895625 0.16880696992481203 0.4219272296875 0.1858852155388471 0.46716433906250004 0.12429643609022557 0.467453471875 0.11899550125313284 0.45335737187499997 0.10562800250626567
0 0.1335153515625 0.46193450375939854 0.1567382140625 0.29443839348370926 0.16297355625 0.1801201177944862 0.0723113265625 0.3264538295739348 0.0643662890625 0.4008958295739348 0.05909973281250001 0.4585671729323308 0.070560890625 0.4257975814536341 0.07958313125000001 0.3728140426065163 0.0970618546875 0.3761257067669173 0.1086685921875 0.4790472380952381 0.1136584078125 0.4797474736842105 0.1335153515625 0.46193450375939854
0 0.060516048437500004 0.3590770977443609 0.05205839375 0.37323457393483706 0.05076895 0.3968751127819549 0.0513548078125 0.5055611904761905 0.07171577500000001 0.4314003759398496 0.08309093906250001 0.39531628571428573 0.0637356640625 0.35952891729323305 0.060516048437500004 0.3590770977443609
0 0.4378742921875 0.41651650877192986 0.3634119859375 0.4021072681704261 0.36284083749999996 0.40836161904761903 0.372244421875 0.45915903759398496 0.4829872125 0.4737232030075188 0.469035078125 0.3623831002506266 0.43151732656249997 0.35674144360902255 0.39721681875 0.35385805263157893 0.4572301453125 0.39978235839598997 0.4378742921875 0.41651650877192986
0 0.7979129687500001 0.3107065914786967 0.7973993015625 0.31065860401002504 0.7972375140625 0.3125050977443609 0.796963603125 0.3840227593984962 0.8127676890625001 0.40721108020050123 0.8147309984375 0.49257155388471174 0.812726134375 0.5992731704260652 0.8152429578125 0.5944978320802005 0.815330209375 0.5977405463659148 0.8205534859375 0.5467702756892231 0.828810709375 0.3953830200501253 0.7979129687500001 0.3107065914786967