1 0.9049414421875 0.46752922807017544 0.7782187109375001 0.481462052631579 0.7676884859374999 0.5050234310776942 0.7412382578125001 0.4997253709273183 0.73436834375 0.5515676290726816 0.7699663828125 0.543736380952381 0.821262596875 0.5559427919799499 0.8444897812500001 0.604272671679198 0.810169875 0.6795816666666666 0.8131757609375001 0.7367587719298245 0.8319578046875 0.7481992731829574 0.8599751046874999 0.7545151829573935 0.8807546890625 0.7378959323308271 0.8887898546875 0.6772603809523811 0.9023431109375 0.6708159749373434 0.950539659375 0.6425247994987469 0.9820405484375 0.5809724837092731 0.9981814171875 0.39675474185463655 0.991635946875 0.37419016290726814 0.9900237796875 0.3738267343358396 0.9899684296875 0.37381896491228067 0.9550925703124999 0.42448884962406014 0.8968173531250001 0.4330036691729323 0.9049414421875 0.46752922807017544
1 0.43549286875000004 0.1377239373433584 0.4261342640625 0.2445348471177945 0.446024765625 0.2767714887218045 0.50548713125 0.19435500250626567 0.5180012359374999 0.2529081979949875 0.5777392515625001 0.2780981478696742 0.6405126265625001 0.42128938095238094 0.5905208953125001 0.4156821428571429 0.532991703125 0.6176572631578947 0.5847387937499999 0.7152470275689222 0.6744513640625 0.7354708345864661 0.69794885625 0.5386690125313283 0.7508056625 0.49417153634085215 0.8400132859375 0.31255819799498746 0.8556075234374999 0.08270133333333334 0.6806910109375 0.05559709022556391 0.6153525421875 0.048268511278195494 0.606479496875 0.0913834962406015 0.5465754109375001 0.128367022556391 0.5329225703125 0.1587722155388471 0.507067584375 0.15082970175438595 0.47117049062499994 0.16025024060150378 0.43549286875000004 0.1377239373433584
1 0.300933696875 0.44890267418546365 0.298562953125 0.4759602631578947 0.31398479375 0.5215600977443609 0.4638556078125 0.5811372180451128 0.5323095890625 0.5918985137844611 0.563256671875 0.7103520651629073 0.56459119375 0.7106275463659147 0.676891859375 0.6520685939849624 0.5981796296875 0.36458586466165416 0.5505389859375 0.41371555639097746 0.43889722343750004 0.3333903408521304 0.36781546718749997 0.2867080902255639 0.3226266390625 0.3885691403508772 0.300933696875 0.44890267418546365
1 0.315350871875 0.52292492481203 0.278907415625 0.6296828847117795 0.32073966875000004 0.6505151604010024 0.368902921875 0.555566298245614 0.38278495156250003 0.39712896491228067 0.35161119687500003 0.3794739423558897 0.350140909375 0.37915647869674185 0.2964951734375 0.4649115238095238 0.315350871875 0.52292492481203
1 0.195122940625 0.5540203609022556 0.21129351562499998 0.5576656766917293 0.21943411249999997 0.5509514561403509 0.224629590625 0.40758271929824563 0.2596649109375 0.4168643834586466 0.31579582031250003 0.5258262556390978 0.3555216765625 0.4419106666666667 0.3112714890625 0.35894379197994986 0.30345546093750003 0.2915820776942356 0.2019529 0.22320965914786967 0.1983346015625 0.2227698721804511 0.1359308421875 0.24314238596491228 0.13387099687499998 0.2666516666666667 0.195122940625 0.5540203609022556
1 0.017949490625 0.5773527493734335 0.051163735937499996 0.5848402005012531 0.08445931875 0.5908805213032581 0.103028728125 0.5391351754385965 0.1956286359375 0.56161864160401 0.19918474375 0.5476886691729324 0.1999776203125 0.5386394761904761 0.13175011406249998 0.5096958145363408 0.1302198078125 0.4487487593984963 0.159608440625 0.4413417819548872 0.1606012015625 0.3867917042606516 0.1170171828125 0.3769666065162907 0.1061750359375 0.43704844360902256 0.017949490625 0.5773527493734335
1 0.2064967296875 0.5750528771929825 0.222485934375 0.5324642706766918 0.2226387984375 0.5302551077694235 0.206052065625 0.5185206591478697 0.1867695296875 0.5141738195488722 0.1576058 0.5540195137844611 0.15732199375 0.5572586441102757 0.18152055312499998 0.573071909774436 0.2094346703125 0.6233257343358396 0.2064967296875 0.5750528771929825
0 1 0.2895743458646617 0.9399056937499999 0.3290685413533835 0.9397718859375 0.3301394035087719 1 0.34642524060150376 1 0.2895743458646617
0 0.3787244328125 0 0.3756242984375 0.006730195488721804 0.3622688078125 0.11059181704260651 0.356997871875 0.16022733082706767 0.35293945781249997 0.2681729523809524 0.3559725375 0.26885669674185464 0.401763325 0.23733406265664161 0.41188943125 0.15499722556390977 0.42132738906249995 0.047280646616541355 0.39789776250000003 0 0.3787244328125 0
0 0.069872559375 0.34886015037593987 0.0625217296875 0.40596305513784464 0.07502554375 0.375711656641604 0.085892653125 0.3243348521303258 0.1029542640625 0.33222302005012533 0.110834190625 0.44447828320802 0.135565746875 0.42866656892230576 0.1633232234375 0.27266670426065165 0.1738716125 0.15227663909774436 0.0804887828125 0.2754492055137845 0.069872559375 0.34886015037593987
0 0.0630610296875 0.37492691478696744 0.0237039375 0.3714732355889724 0.0236020265625 0.37263637343358397 0.0681629703125 0.40898041102756894 0.09065245 0.42968197493734334 0.11432098906249999 0.3980832355889724 0.10613022187500001 0.3846359573934837 0.0630610296875 0.37492691478696744
0 0.41468962343750004 0.49866922556390975 0.45188938125 0.4848577218045113 0.465095303125 0.37613204010025064 0.4708723765625 0.31019759147869674 0.40173787499999997 0.32588724060150376 0.3916308625 0.4042190601503759 0.3885414828125 0.4394785313283208 0.42392402812499996 0.34664560150375945 0.4323090625 0.3782958170426065 0.41468962343750004 0.49866922556390975
0 0.8137391031250001 0.5529176967418546 0.7980803671875 0.5292955764411027 0.796714684375 0.4439249573934837 0.7994627828125 0.3376755187969925 0.799298325 0.33765552882205513 0.79691836875 0.3420382882205514 0.796853809375 0.3387948320802005 0.7846471125 0.44977054135338346 0.7772616625000001 0.5274890701754387 0.8127256609375 0.6274425689223058 0.8129286718750001 0.6274883333333333 0.8137391031250001 0.5529176967418546