1 0.8501046859375 0.19631170426065164 0.7719835875000001 0.22005431829573932 0.7605920921875 0.22461005764411027 0.7293481171875 0.2756157744360902 0.729575940625 0.28043831578947365 0.7645061640625 0.31058127819548875 0.7789185796875 0.3967744486215539 0.798268715625 0.3686010100250626 0.826868196875 0.5581064210526315 0.84264409375 0.563717686716792 0.8432679593750001 0.589149403508772 0.8732664031249999 0.581528290726817 0.8654336359375 0.5426831553884711 0.864530515625 0.4578989423558897 0.8897214890624999 0.4001431077694236 0.940251746875 0.41910161654135336 0.9739680906249999 0.3885885413533835 0.9760225265625 0.370286313283208 0.9682809718750001 0.29188511528822053 0.9638405156250001 0.28365268170426067 0.92628994375 0.2986700802005013 0.9202680734375001 0.2806435313283208 0.895639465625 0.21897104010025062 0.8501046859375 0.19631170426065164
1 0.6436861453125 0 0.640279196875 0.008242250626566416 0.70472070625 0.08790613533834586 0.6718879828125 0.11691144862155389 0.6706174078125 0.21435941604010025 0.5979332687500001 0.3355819248120301 0.58953829375 0.2565278872180451 0.452470596875 0.19916668671679197 0.3977651640625 0.3106524010025063 0.4001571015625 0.37002417042606517 0.4069707328125 0.4390280025062656 0.539764971875 0.4442985989974937 0.5794653359375 0.5197513333333333 0.7115779890625 0.6299176140350877 0.8557719390624999 0.6172274561403509 0.83072006875 0.33657147368421053 0.820051465625 0.23610705764411027 0.7915484421875 0.2291771528822055 0.7547745671875 0.141495992481203 0.7329598328125 0.12505643107769424 0.7317004546875 0.08335766666666666 0.7174525968750001 0.028760586466165413 0.72003420625 0 0.6436861453125 0
1 0.3941311703125 0.7095272807017544 0.395693540625 0.7253499172932332 0.46925883125 0.7733531979949875 0.5243996875 0.8006754385964912 0.5522650062500001 0.7600350776942355 0.540702225 0.5162354586466166 0.5254921171875 0.4081802857142857 0.58761680625 0.3360196741854637 0.5179524375 0.17698210275689222 0.5106762875 0.17883061152882207 0.3674129078125 0.351895664160401 0.4121705515625 0.41573531077694237 0.3990894453125 0.6045594536340853 0.3941311703125 0.7095272807017544
1 0.3555458609375 0.7236653157894737 0.37694942343750004 0.6054789097744361 0.35307905625 0.4630562731829574 0.3213384921875 0.4578450200501253 0.30700241250000004 0.4614871052631579 0.2879906890625 0.5317950050125313 0.2919185609375 0.5715738345864662 0.31519885312499996 0.6047271303258145 0.3101741328125 0.7187945238095238 0.3555458609375 0.7236653157894737
1 0.11400565625 0.5161020501253133 0.16049153124999999 0.5668351979949875 0.1830943453125 0.6292521102756893 0.2985750625 0.666555664160401 0.36225662812500004 0.6240940827067669 0.227473790625 0.34212850626566416 0.21480642187500001 0.3453466541353384 0.2067101625 0.3564368897243108 0.2336499359375 0.4954959097744361 0.19760991562500002 0.4965624561403509 0.118883 0.40797877443609026 0.108214878125 0.45745698997493733 0.11400565625 0.5161020501253133
1 0.08587108437499999 0.6600350877192982 0.105483865625 0.8071988070175438 0.12066755625 0.8089670050125313 0.11334372343750002 0.6944762731829573 0.14860235625 0.6734055162907269 0.1633694046875 0.7156365112781955 0.1962519140625 0.7001254736842104 0.188201065625 0.6312112255639097 0.14695316249999998 0.6333887744360902 0.0482236171875 0.5548384335839599 0.0576928578125 0.6507364686716791 0.08587108437499999 0.6600350877192982
1 0.2210748328125 0.7575094486215538 0.22453927031249998 0.7136363157894736 0.24431645 0.666254686716792 0.24374374687499997 0.6604547343358396 0.21925376562499999 0.6742378671679199 0.19879673281250002 0.6640647368421053 0.1872857328125 0.6669891077694236 0.183025871875 0.7107795864661653 0.183223046875 0.7143946015037594 0.2210748328125 0.7575094486215538
0 0.8842937671875 0.058537937343358395 0.888522359375 0.12307105764411029 0.8892201921874999 0.13125764661654135 0.9616860968750001 0.048863644110275696 0.9614986859375 0.04696568671679198 0.9203407609375001 0.04938019047619047 0.8842937671875 0.058537937343358395
0 0.3518037390625 0.33554890726817044 0.358363884375 0.3047742456140351 0.34794296406249997 0.16184399749373435 0.328604996875 0.04492289724310777 0.3252525296875 0.04577459147869674 0.2878032453125 0.09456165413533835 0.300609415625 0.25789113533834584 0.3027713671875 0.28064175438596495 0.3518037390625 0.33554890726817044
0 0.1385607640625 0.4603769799498747 0.12790257031250002 0.352438037593985 0.12728868437500002 0.35583821052631576 0.12663407499999998 0.40985340852130325 0.1088077203125 0.4098270551378446 0.0820056171875 0.31310955889724307 0.0721615640625 0.3156104436090226 0.0592989046875 0.3318282155388471 0.06473245625 0.6220880626566416 0.065475290625 0.6334245538847119 0.0657328265625 0.6360326967418547 0.1385607640625 0.4603769799498747
0 0.081346975 0.6762324536340852 0.08974654062500001 0.6549306817042606 0.082143440625 0.57793164160401 0.076781790625 0.530124731829574 0.07554191875 0.5304397218045113 0.0640597515625 0.6065331052631578 0.0570293515625 0.6445968145363408 0.0571654609375 0.6470922355889724 0.081346975 0.6762324536340852
0 0.383120471875 0.39393666917293235 0.44077434374999996 0.41699145363408524 0.42494963906249994 0.4389563007518797 0.35079374375 0.446868320802005 0.351835309375 0.45741659147869673 0.3686992140625 0.49975121303258146 0.47953222812499996 0.4811283634085213 0.445696446875 0.3780392280701754 0.383120471875 0.39393666917293235
0 0.7467830609375 0.38381210275689226 0.7579990515625 0.3511717919799499 0.8089846734374999 0.31897179448621554 0.8727870765624999 0.28605897493734334 0.8726970046875 0.28514677944862155 0.870181109375 0.28338977192982456 0.8721157890625 0.28214671929824564 0.8017877656250001 0.30270141353383456 0.7551837609375001 0.31813672431077694 0.7100473578125001 0.39461853634085214 0.7419177359375 0.3865218596491228 0.7467830609375 0.38381210275689226