1 0.15208978906249998 0.7470989248826291 0.1991123859375 0.7346424342723005 0.189255565625 0.6506600117370892 0.140726 0.68172270657277 0.0793692546875 0.5962525539906104 0.0768964109375 0.6468653356807512 0.050130846875 0.6542685446009389 0.0632323921875 0.7495937535211267 0.1158365625 0.7567025633802817 0.1470799078125 0.7484260657276995 0.1496902234375 0.7469452769953052 0.15208978906249998 0.7470989248826291
1 0.45918965624999997 0.4726727511737089 0.4819326859375 0.4446669295774648 0.48190746874999996 0.3493007042253521 0.49390213125000004 0.31491032629107985 0.4871888421875 0.20159054929577463 0.48654564375 0.19611034507042255 0.3845216265625 0.22250199765258213 0.337626684375 0.2262544131455399 0.3332187453125 0.2541825962441314 0.333350409375 0.25526745774647885 0.37446145625 0.263316161971831 0.3974766421875 0.3577943849765258 0.42311228749999996 0.35967365962441317 0.4247636078125 0.44940697887323944 0.45469283593750004 0.4738639765258216 0.45918965624999997 0.4726727511737089
1 0.284856171875 0.5865140633802817 0.2841603875 0.580585809859155 0.22597044687499998 0.5935434976525821 0.0888418453125 0.6528957018779343 0.0897856671875 0.7088751549295774 0.0951060703125 0.7542062441314553 0.1301190625 0.7636372535211267 0.153360384375 0.8928577746478874 0.2012317640625 0.891400617370892 0.21519469062500002 0.8877017769953052 0.232285178125 0.7253624600938967 0.284856171875 0.5865140633802817
1 0.351386040625 0.5991163521126761 0.3488485296875 0.577496161971831 0.34197358125 0.537571251173709 0.285973340625 0.5432415845070423 0.24292220625 0.601280248826291 0.2534657453125 0.6295021854460094 0.28123817500000003 0.6379837089201879 0.289267684375 0.7415834366197183 0.3074462421875 0.7369315164319248 0.34409536093750004 0.7272230046948357 0.329618525 0.6446555352112676 0.351386040625 0.5991163521126761
1 0.52802539375 0.7523012018779344 0.5268443671874999 0.7422385680751173 0.4216585765625 0.6369587253521127 0.4080780421875 0.5052814859154929 0.3526469796875 0.5199654178403756 0.35855765 0.6512242300469483 0.3077882515625 0.8047707558685445 0.307850240625 0.8052217746478874 0.3372502953125 0.8237268896713614 0.3685149359375 0.8123056995305165 0.38584783125 0.7906119319248827 0.49177632187500003 0.7413726901408451 0.51038846875 0.7604783075117371 0.514294946875 0.7590512417840376 0.52802539375 0.7523012018779344
1 0.5059954953125 0.5699145751173709 0.5588386921875 0.6819659037558685 0.5796712296875 0.6487023896713615 0.591515103125 0.6879003661971831 0.593210178125 0.6874513333333333 0.5983927953125 0.6333388051643192 0.670861328125 0.617472955399061 0.6611468 0.5347028920187794 0.6339949390624999 0.5248322840375587 0.6269708359374999 0.43328838497652583 0.581504759375 0.44013033568075116 0.5823124156249999 0.5196828544600939 0.566411121875 0.5221610845070422 0.5795095265625 0.5655107018779343 0.5625241015625 0.6341703169014085 0.52283694375 0.542374338028169 0.5058992359375 0.569234220657277 0.5059954953125 0.5699145751173709
1 0.5404379046875001 0.6780531549295774 0.52455546875 0.7137768779342722 0.5230046453125 0.7500779530516432 0.523249428125 0.7521635633802817 0.5626321625 0.7715325938967136 0.5992841734375001 0.9671107089201878 0.6125837140625 0.9635876032863849 0.6442655015625001 0.9410565563380281 0.6672147093749999 0.8950748075117371 0.722089440625 0.9029248591549296 0.755396071875 0.8713440070422535 0.7480023609375 0.7984698849765258 0.6854974125 0.7690776948356808 0.665674128125 0.7438037159624413 0.6390287109375 0.7646951549295774 0.6276687546875 0.6980913591549295 0.5404379046875001 0.6780531549295774
1 0.86977433125 0.7704098474178404 0.8668156375 0.7011611338028169 0.7736434984375 0.7161059906103286 0.7861134187500001 0.6564051596244131 0.880106565625 0.6023656830985915 0.8789020093750001 0.592102572769953 0.8498180953125001 0.5563840422535211 0.8552630453125 0.4552432629107981 0.8063516171874999 0.452216941314554 0.7925110171874999 0.4558833755868545 0.7805131390625 0.48541050938967134 0.7986122265625 0.5722686056338029 0.7511609140625 0.6393314647887325 0.726510021875 0.6445193873239438 0.7205458171875 0.7186192253521128 0.769554259375 0.6789895704225352 0.7587396703125 0.7503902840375587 0.8272949515624999 0.7832114976525821 0.83645805625 0.780744882629108 0.86977433125 0.7704098474178404
1 0.7501759859375 0.5882068333333333 0.79793686875 0.5916907676056338 0.7879306765625 0.5064356549295774 0.7764343375 0.4938304953051643 0.76457279375 0.42079557746478874 0.7125073734375 0.4239986830985915 0.7115817015625 0.4241448474178404 0.7111820625 0.48710950234741784 0.70723170625 0.6206875657276995 0.724123790625 0.5923205563380282 0.7439926796874999 0.6284393427230047 0.7469662875 0.6276516220657277 0.7501759859375 0.5882068333333333
0 0.430138453125 1 0.5840441859375 0.9592296971830986 0.5835240265625 0.9547978192488263 0.5037277328124999 0.8901412370892019 0.49938241406249995 0.8908273755868544 0.219665784375 0.9669382253521127 0.21595967031250002 1 0.430138453125 1
0 0.11818997656250001 0.8761053075117371 0.10949157812500002 0.9300047769953051 0.135451478125 0.9231278849765258 0.16852519375 0.9066160492957747 0.167482225 0.8977297183098591 0.125841196875 0.859016838028169 0.0713297125 0.8768520492957746 0.11818997656250001 0.8761053075117371
0 0.514138153125 0.7381185516431925 0.5296931203125 0.7328664131455399 0.5817038359375 0.7125623215962442 0.5808740328125 0.7024091549295775 0.5771014578125 0.6702659295774648 0.5504840343749999 0.6773170023474178 0.485138165625 0.7066953262910798 0.514138153125 0.7381185516431925
0 0.5182912953125001 0.6152914225352113 0.490096615625 0.629136147887324 0.5075813671875 0.7196693028169013 0.508101784375 0.719531441314554 0.5194379484375 0.625061176056338 0.5182912953125001 0.6152914225352113