1 0.1282192984375 0.6042987511737089 0.168941521875 0.6096512136150234 0.1741032265625 0.5210149037558686 0.12142531406249998 0.5335639154929578 0.0771746234375 0.4284745633802817 0.0658585109375 0.4766186643192488 0.0386746984375 0.4740762840375587 0.0345319375 0.5711983497652582 0.08751145 0.5989481760563381 0.108743696875 0.6017389084507042 0.118590790625 0.6000159178403757 0.1282192984375 0.6042987511737089
1 0.41720867500000003 0.225037382629108 0.41852625000000004 0.3254340469483568 0.44246739375 0.3389077136150235 0.42452443124999995 0.4250509460093897 0.44316524687500003 0.45482757981220656 0.46171697343749996 0.4572659882629108 0.47985659375 0.44659934037558685 0.500568903125 0.35583703286384977 0.5194396984375 0.3285784906103286 0.537855375 0.2167589131455399 0.5383197171874999 0.21218224647887324 0.4356387875 0.1907841572769953 0.3902801640625 0.1729791267605634 0.3813405734375 0.19438580516431925 0.3810460703125 0.1994429835680751 0.41720867500000003 0.225037382629108
1 0.1829125484375 0.47717361971830985 0.0764385125 0.4874354483568075 0.067961171875 0.539125514084507 0.065111425 0.5880610962441315 0.0969015828125 0.608096530516432 0.0966284984375 0.7409330305164319 0.1479330546875 0.7561915305164318 0.1571102171875 0.7568336830985916 0.20265085312500003 0.6035733075117371 0.275676178125 0.4893663192488263 0.1829125484375 0.47717361971830985
1 0.2616711875 0.45453614319248825 0.25621503125 0.5385668169014084 0.2292723921875 0.5701981431924882 0.22524662968750003 0.6393281572769953 0.27414665 0.6507932136150235 0.32781325 0.6095474037558686 0.3283165125 0.6047737323943662 0.325309796875 0.5781038497652582 0.30080193125 0.5608305375586854 0.316765384375 0.46177763380281694 0.2616711875 0.45453614319248825
1 0.45604078281250005 0.6615351971830985 0.463923896875 0.49708598826291084 0.48313771250000004 0.47382503755868544 0.483729321875 0.45780287089201877 0.46961069687499996 0.45594714084507043 0.3723324328125 0.576163307511737 0.2817957390625 0.566999147887324 0.2784036609375 0.5883956220657277 0.274742803125 0.6512595399061032 0.3581384609375 0.6708501877934272 0.435522665625 0.7768689084507042 0.43717480468750003 0.7769122347417841 0.459657771875 0.7382392276995305 0.46371830625 0.6929216455399061 0.45604078281250005 0.6615351971830985
1 0.58825934375 0.48285843661971833 0.5708317640625 0.535819661971831 0.49566057499999994 0.5151541502347418 0.49259249531249993 0.5464002089201878 0.48959057968749997 0.597948823943662 0.5146395453125 0.6215570821596245 0.502491196875 0.7117365821596244 0.5056084359375 0.7128117769953052 0.5489314671875001 0.7185060868544602 0.5627509828124999 0.6513254225352113 0.5783892421875 0.6566324014084506 0.5748446828125 0.60922341314554 0.6051282515625 0.5523025798122065 0.6240036453125 0.6584488403755869 0.6453673734375001 0.6413582276995305 0.6454970734375001 0.639504323943662 0.61846635625 0.5087598051643192 0.591803815625 0.5302674037558686 0.58825934375 0.48285843661971833
1 0.5352766171875001 0.9924083122065728 0.5756055625000001 0.9793240046948357 0.6040244593749999 0.9424153708920188 0.6566096421875 0.9691123755868545 0.6853026671875 0.9540352488262911 0.690115621875 0.8713876291079813 0.6383234796874999 0.8258071056338029 0.6222546296875 0.7942672441314554 0.5934981031250001 0.8054099366197183 0.5910894140625 0.7364755657276995 0.5084843453125 0.6866603403755869 0.48830754687500005 0.7160105164319249 0.48172510625 0.7527456291079813 0.5179712296875 0.7855791197183098 0.5283816406249999 0.9915020469483568 0.5352766171875001 0.9924083122065728
1 0.81887595 0.8975063873239436 0.8263776593750001 0.8288486877934272 0.7331569828125 0.8127070704225352 0.754291353125 0.7584728145539906 0.8500494828124999 0.7375769577464789 0.8510969984375001 0.719589089201878 0.8315040859374999 0.6817391455399061 0.8519969453125 0.5846845774647887 0.8320586796875 0.5766346361502347 0.7866901734375 0.5706714718309859 0.7744806015625 0.5895004084507042 0.7791204953124999 0.6803654624413146 0.7227237765625001 0.7302507276995306 0.69787489375 0.727186058685446 0.6809324875 0.7976403920187793 0.734733334375 0.7750812605633803 0.71345975625 0.8412968591549296 0.7754759546875001 0.8959994436619718 0.784793409375 0.8966126220657277 0.81887595 0.8975063873239436
1 0.7820925984375 0.5309128732394366 0.78252829375 0.5234311525821597 0.7612743234375 0.5456003544600939 0.7527627640625 0.5096588779342722 0.7479554703125 0.5090270164319248 0.735082615625 0.5449135140845071 0.6794639953125 0.5298800563380281 0.6750488390625 0.5645074812206573 0.6723463515625 0.6109143497652582 0.6842015796875 0.6335133450704226 0.6758019296875 0.7079552746478873 0.7198086984375001 0.7134266361502347 0.7279059046875 0.7136389741784037 0.745184034375 0.6520812112676055 0.7820925984375 0.5309128732394366
0 0.1179177328125 0.9202215187793427 0.11759998437500001 0.9256778732394366 0.12012305937500001 0.9259207816901408 0.5042323328125 0.9226622300469484 0.5042568515625 0.9223117464788733 0.44804207656250006 0.846628424882629 0.3602772734375 0.8350927629107981 0.1471219921875 0.8383325234741784 0.1179177328125 0.9202215187793427
0 0.09524318125 0.7719804976525821 0.07005996249999999 0.7609182300469484 0.0894093609375 0.7072144507042253 0.0207158421875 0.7097332323943663 0.0555006890625 0.766756809859155 0.09524318125 0.7719804976525821
0 0.4501697375 0.6938392676056339 0.47199345625 0.7366700938967137 0.5421455046875 0.745890765258216 0.5447487859375 0.7011874765258216 0.4501697375 0.6938392676056339
0 0.4499408671875 0.6395197769953052 0.44952982343750003 0.6394621267605634 0.4491059078125 0.646741558685446 0.44887342812500003 0.686503544600939 0.4513960671875 0.6868351150234743 0.5129182015625 0.6834338708920188 0.5129487078125 0.6831331901408452 0.4499408671875 0.6395197769953052