1 0.13533143281249999 0.3573036713615024 0.0908661234375 0.4455442230046948 0.0375 0.41506528169014084 0.0375 0.4771093356807512 0.03965406875 0.5173718028169014 0.093705690625 0.5121145023474178 0.106793871875 0.5187793427230047 0.1415556875 0.5187793427230047 0.1765625 0.5126695657276995 0.1765625 0.502625941314554 0.1728097890625 0.414648103286385 0.1469444359375 0.40827342957746476 0.135643625 0.35734195774647887 0.13533143281249999 0.3573036713615024
1 0.3640625 0.7891286267605634 0.37172553124999996 0.811073424882629 0.4179112625 0.7972318075117371 0.5214403953125 0.7848170962441314 0.5212253546875 0.780197044600939 0.5089221625 0.6666980070422536 0.491584959375 0.637770072769953 0.4758515140625 0.5451395258215962 0.46502820624999996 0.5375586854460094 0.4369436125 0.5375586854460094 0.419519675 0.5618529225352112 0.43274235 0.6496190375586854 0.40814387500000004 0.6610031431924882 0.40139227499999997 0.7613436666666666 0.3640625 0.7837191807511737 0.3640625 0.7891286267605634
1 0.076116440625 0.3576963990610329 0.0791109453125 0.45664424647887325 0.21934823125 0.47808918544600937 0.278125 0.4751626737089202 0.278125 0.4679335 0.2195060546875 0.34665525352112675 0.1949318578125 0.19248826291079812 0.17695708593749998 0.19248826291079812 0.132548978125 0.20308896713615024 0.1153022046875 0.33652870657276995 0.076116440625 0.3576963990610329
1 0.2632275359375 0.4229037910798122 0.2377510671875 0.4371309929577465 0.234375 0.4561900234741784 0.234375 0.469174382629108 0.282303284375 0.5140845070422535 0.30033638749999997 0.5140845070422535 0.3395120484375 0.5097603356807512 0.339162025 0.44838204929577463 0.309009425 0.4061553497652582 0.308775853125 0.3209189178403756 0.2531032609375 0.3184852535211268 0.2632275359375 0.4229037910798122
1 0.284375 0.23296816901408451 0.300807484375 0.25546765962441315 0.2952697375 0.421159 0.284375 0.45485366431924884 0.284375 0.48232416901408454 0.28448450625 0.4964626384976526 0.3052754546875 0.5387781995305164 0.39198123749999997 0.43141842253521123 0.48125 0.4113938004694836 0.48125 0.39097921361502347 0.47644002187499995 0.327512323943662 0.3855574171875 0.33592974647887325 0.2864988921875 0.19718309859154928 0.285108825 0.19718309859154928 0.284375 0.21374517840375587 0.284375 0.23296816901408451
1 0.623056328125 0.3617542488262911 0.5791712375 0.40101368309859153 0.5489572 0.390772 0.54898163125 0.41466903990610327 0.49597865781249995 0.43003143192488263 0.496210803125 0.49830874413145543 0.5578444124999999 0.4895924295774648 0.5685069046875 0.5324473356807512 0.623227096875 0.5290332699530517 0.6262768750000001 0.41466903990610327 0.65625 0.3987076291079812 0.65625 0.39130775352112673 0.6345270125 0.38394438732394365 0.6544620203125 0.3463918568075117 0.5764659671875 0.2934272300469484 0.5731516671875 0.2934272300469484 0.55781863125 0.32249481690140847 0.623056328125 0.3617542488262911
1 0.5660353203125 0.06241192957746479 0.548104834375 0.006935744131455398 0.5411681171875 0.006328769953051643 0.522490290625 0.010818176056338029 0.503125 0.03552670422535211 0.503125 0.047130488262910795 0.5271024734374999 0.16651789436619718 0.572602378125 0.17732545070422537 0.5627074515625 0.2191234107981221 0.582220790625 0.24642913145539905 0.6086854734375 0.33098591549295775 0.6628631734375 0.33098591549295775 0.6756516375 0.2887355892018779 0.6625321671875 0.20737968779342722 0.689482859375 0.16878066197183098 0.7029393749999999 0.1037835352112676 0.7029088140625 0.0998377441314554 0.5660353203125 0.06241192957746479
1 0.7760535609375 0.1760672957746479 0.7773667765625001 0.2131733192488263 0.74261815625 0.3006950938967136 0.6824395078125 0.29901877934272303 0.66330284375 0.3279271056338028 0.6632801796875001 0.33085315258215964 0.676993715625 0.4156076502347418 0.7420100109375001 0.3792136995305165 0.7769170234375 0.4178754577464789 0.795183721875 0.25889695774647886 0.8317958984375 0.2240312910798122 0.8398053046875 0.3629645117370892 0.8859375 0.34760103286384975 0.8859375 0.29112677230046946 0.88585475625 0.2826833568075117 0.8513444046875 0.1928137042253521 0.8067753640625 0.22858519014084508 0.8192554062499999 0.16666666666666666 0.7911028109375 0.16666666666666666 0.7760535609375 0.1760672957746479
1 0.714382625 0.34325111032863853 0.6848598453125 0.3418628474178404 0.69196958125 0.42824454460093897 0.66222425625 0.44185531690140845 0.66221799375 0.4421247394366197 0.6910570359375 0.46750371596244134 0.6731922109374999 0.49765258215962443 0.6733587640625001 0.49765258215962443 0.762867146875 0.46712142488262914 0.803125 0.4554754389671361 0.803125 0.37588449295774645 0.753682396875 0.3719462723004695 0.7370843687499999 0.34583550234741783 0.714382625 0.34325111032863853
0 0.32502792812500003 0.00007115023474178404 0.29573154062499996 0.37725007276995304 0.3571405359375 0.34075083802816897 0.371875 0.1581455516431925 0.371875 0.0008901009389671361 0.32502792812500003 0.00007115023474178404
0 0.057349895312499996 0.2228584600938967 0.093445728125 0.284037558685446 0.0937810640625 0.284037558685446 0.103125 0.20671700938967136 0.103125 0.1832094061032864 0.06758006718750001 0.20803290375586855 0.061703118749999994 0.14084507042253522 0.061434790625 0.14084507042253522 0.057349895312499996 0.2228584600938967
0 0.55625 0.30049435211267606 0.55625 0.2605633802816901 0.4848766203125 0.2605633802816901 0.4615607828125 0.3003958591549296 0.55625 0.30049435211267606
0 0.4578125 0.3544600938967136 0.45835299999999995 0.3544600938967136 0.524865959375 0.3280859882629108 0.5248647828124999 0.32778245774647885 0.46394600625000004 0.30828621830985914 0.4617102671875 0.30801203755868545 0.4578125 0.35026469483568073 0.4578125 0.3544600938967136